3.043035000000000000e+06 1.718012000000000000e+06 1.021614000000000000e+06 6.558831999999999534e+05 3.607707000000000116e+05 1.738222999999999884e+05 7.635483000000000175e+04 2.052184000000000015e+04 6.040180000000000291e+03 6.644497000000000071e+02
1.718012000000000000e+06 1.332305000000000000e+06 6.641380999999999767e+05 4.314849000000000233e+05 2.400201000000000058e+05 1.106770000000000000e+05 4.748900000000000000e+04 1.302177000000000044e+04 3.645117000000000189e+03 5.098147999999999911e+02
1.021614000000000000e+06 6.641380999999999767e+05 4.865064000000000233e+05 2.458306000000000058e+05 1.390421000000000058e+05 6.384787999999999738e+04 2.882284000000000015e+04 7.965069000000000415e+03 2.049396000000000186e+03 2.648333000000000084e+02
6.558831999999999534e+05 4.314849000000000233e+05 2.458306000000000058e+05 2.206827000000000116e+05 8.911127000000000407e+04 4.401270999999999913e+04 2.033122000000000116e+04 5.261632999999999811e+03 1.062163999999999987e+03 1.399740999999999929e+02
3.607707000000000116e+05 2.400201000000000058e+05 1.390421000000000058e+05 8.911127000000000407e+04 7.458661000000000058e+04 2.558486999999999898e+04 1.131950000000000000e+04 2.968307999999999993e+03 6.756076000000000477e+02 1.196856999999999971e+02
1.738222999999999884e+05 1.106770000000000000e+05 6.384787999999999738e+04 4.401270999999999913e+04 2.558486999999999898e+04 2.222143999999999869e+04 5.878390999999999622e+03 1.257897999999999911e+03 4.501034999999999968e+02 4.203882999999999726e+01
7.635483000000000175e+04 4.748900000000000000e+04 2.882284000000000015e+04 2.033122000000000116e+04 1.131950000000000000e+04 5.878390999999999622e+03 6.046759000000000015e+03 6.782118000000000393e+02 1.132549000000000063e+02 3.236829999999999785e+01
2.052184000000000015e+04 1.302177000000000044e+04 7.965069000000000415e+03 5.261632999999999811e+03 2.968307999999999993e+03 1.257897999999999911e+03 6.782118000000000393e+02 1.023715000000000032e+03 5.186724999999999852e+01 1.047169000000000061e+01
6.040180000000000291e+03 3.645117000000000189e+03 2.049396000000000186e+03 1.062163999999999987e+03 6.756076000000000477e+02 4.501034999999999968e+02 1.132549000000000063e+02 5.186724999999999852e+01 1.918432999999999993e+02 3.298233000000000192e+00
6.644497000000000071e+02 5.098147999999999911e+02 2.648333000000000084e+02 1.399740999999999929e+02 1.196856999999999971e+02 4.203882999999999726e+01 3.236829999999999785e+01 1.047169000000000061e+01 3.298233000000000192e+00 1.074264999999999937e+01
