2.343149000000000000e+06 1.344056000000000000e+06 8.405718000000000466e+05 5.315643000000000466e+05 2.849472999999999884e+05 1.467058999999999942e+05 5.768308999999999651e+04 1.947025999999999840e+04 5.963173999999999978e+03 1.012549999999999955e+03
1.344056000000000000e+06 1.085266000000000000e+06 5.657830999999999767e+05 3.590359000000000233e+05 1.987316000000000058e+05 1.006081000000000058e+05 3.976218000000000029e+04 1.339164999999999964e+04 3.694376000000000204e+03 7.750497000000000298e+02
8.405718000000000466e+05 5.657830999999999767e+05 4.275450000000000000e+05 2.178616000000000058e+05 1.181228999999999942e+05 5.901291999999999825e+04 2.301754999999999927e+04 9.165877000000000407e+03 2.507456000000000131e+03 4.165246999999999957e+02
5.315643000000000466e+05 3.590359000000000233e+05 2.178616000000000058e+05 1.931340000000000000e+05 7.870541999999999825e+04 4.192383000000000175e+04 1.700086000000000058e+04 6.140546000000000276e+03 1.271136999999999944e+03 2.763342000000000098e+02
2.849472999999999884e+05 1.987316000000000058e+05 1.181228999999999942e+05 7.870541999999999825e+04 6.749119000000000233e+04 2.333995000000000073e+04 9.371040000000000873e+03 3.335802000000000135e+03 7.567884999999999991e+02 1.467713999999999999e+02
1.467058999999999942e+05 1.006081000000000058e+05 5.901291999999999825e+04 4.192383000000000175e+04 2.333995000000000073e+04 2.236715999999999985e+04 5.376548999999999978e+03 1.756628999999999905e+03 4.332536999999999807e+02 1.045999999999999943e+02
5.768308999999999651e+04 3.976218000000000029e+04 2.301754999999999927e+04 1.700086000000000058e+04 9.371040000000000873e+03 5.376548999999999978e+03 5.879423999999999978e+03 5.378809999999999718e+02 1.426193000000000097e+02 6.007773999999999859e+01
1.947025999999999840e+04 1.339164999999999964e+04 9.165877000000000407e+03 6.140546000000000276e+03 3.335802000000000135e+03 1.756628999999999905e+03 5.378809999999999718e+02 1.313007000000000062e+03 5.618301999999999907e+01 1.460032999999999959e+01
5.963173999999999978e+03 3.694376000000000204e+03 2.507456000000000131e+03 1.271136999999999944e+03 7.567884999999999991e+02 4.332536999999999807e+02 1.426193000000000097e+02 5.618301999999999907e+01 2.432660999999999945e+02 5.715378000000000291e+00
1.012549999999999955e+03 7.750497000000000298e+02 4.165246999999999957e+02 2.763342000000000098e+02 1.467713999999999999e+02 1.045999999999999943e+02 6.007773999999999859e+01 1.460032999999999959e+01 5.715378000000000291e+00 2.662757999999999825e+01
