2.697727000000000000e+06 1.520455000000000000e+06 9.367566999999999534e+05 5.945775000000000000e+05 3.288025000000000000e+05 1.610552999999999884e+05 6.860071000000000640e+04 2.139354000000000087e+04 6.016155999999999949e+03 9.229515999999999849e+02
1.520455000000000000e+06 1.217664000000000000e+06 6.144925000000000000e+05 3.929075999999999767e+05 2.192040000000000000e+05 1.055766999999999971e+05 4.465573000000000320e+04 1.382451000000000022e+04 3.417235000000000127e+03 6.037716000000000349e+02
9.367566999999999534e+05 6.144925000000000000e+05 4.568970999999999767e+05 2.323053999999999942e+05 1.315850000000000000e+05 6.344508999999999651e+04 2.717874000000000160e+04 9.384540999999999258e+03 2.411585000000000036e+03 4.644739000000000146e+02
5.945775000000000000e+05 3.929075999999999767e+05 2.323053999999999942e+05 2.047172000000000116e+05 8.487328999999999360e+04 4.185276000000000204e+04 1.863484000000000015e+04 5.260268000000000029e+03 1.148423999999999978e+03 1.988140999999999963e+02
3.288025000000000000e+05 2.192040000000000000e+05 1.315850000000000000e+05 8.487328999999999360e+04 7.351277999999999884e+04 2.499775000000000000e+04 1.067922999999999956e+04 3.556695999999999913e+03 7.898215000000000146e+02 1.385492000000000132e+02
1.610552999999999884e+05 1.055766999999999971e+05 6.344508999999999651e+04 4.185276000000000204e+04 2.499775000000000000e+04 2.365795000000000073e+04 5.494390000000000327e+03 1.806433999999999969e+03 3.384393000000000029e+02 7.730965000000000487e+01
6.860071000000000640e+04 4.465573000000000320e+04 2.717874000000000160e+04 1.863484000000000015e+04 1.067922999999999956e+04 5.494390000000000327e+03 5.981636000000000422e+03 6.999116000000000213e+02 1.033836000000000013e+02 4.626102999999999810e+01
2.139354000000000087e+04 1.382451000000000022e+04 9.384540999999999258e+03 5.260268000000000029e+03 3.556695999999999913e+03 1.806433999999999969e+03 6.999116000000000213e+02 1.288978000000000065e+03 5.551635999999999882e+01 1.634301999999999921e+01
6.016155999999999949e+03 3.417235000000000127e+03 2.411585000000000036e+03 1.148423999999999978e+03 7.898215000000000146e+02 3.384393000000000029e+02 1.033836000000000013e+02 5.551635999999999882e+01 2.103071999999999946e+02 1.100970000000000049e+01
9.229515999999999849e+02 6.037716000000000349e+02 4.644739000000000146e+02 1.988140999999999963e+02 1.385492000000000132e+02 7.730965000000000487e+01 4.626102999999999810e+01 1.634301999999999921e+01 1.100970000000000049e+01 1.918121000000000009e+01
