1.326510000000000000e+06 7.401531999999999534e+05 4.534600000000000000e+05 2.566372999999999884e+05 1.327608999999999942e+05 6.439483000000000175e+04 2.556931000000000131e+04 8.503858000000000175e+03 3.356360999999999876e+03 3.554605999999999995e+02
7.401531999999999534e+05 5.902475999999999767e+05 2.941742000000000116e+05 1.701687999999999884e+05 8.810047000000000116e+04 4.280419999999999709e+04 1.768420999999999913e+04 5.803144000000000233e+03 2.561822999999999865e+03 1.567245000000000061e+02
4.534600000000000000e+05 2.941742000000000116e+05 2.440397999999999884e+05 1.038558000000000029e+05 5.416727999999999884e+04 2.722820999999999913e+04 1.073177000000000044e+04 3.845099999999999909e+03 1.427104000000000042e+03 1.477187000000000126e+02
2.566372999999999884e+05 1.701687999999999884e+05 1.038558000000000029e+05 8.833661999999999534e+04 3.258518999999999869e+04 1.573962000000000080e+04 6.611862000000000080e+03 2.248849000000000160e+03 8.077590999999999894e+02 6.565277000000000029e+00
1.327608999999999942e+05 8.810047000000000116e+04 5.416727999999999884e+04 3.258518999999999869e+04 3.204318000000000029e+04 8.200772000000000844e+03 3.193778999999999996e+03 1.196034000000000106e+03 4.079458000000000197e+02 5.756703000000000259e+01
6.439483000000000175e+04 4.280419999999999709e+04 2.722820999999999913e+04 1.573962000000000080e+04 8.200772000000000844e+03 9.837966000000000349e+03 1.767798000000000002e+03 8.248857000000000426e+02 2.875855999999999995e+02 9.762145999999999546e+00
2.556931000000000131e+04 1.768420999999999913e+04 1.073177000000000044e+04 6.611862000000000080e+03 3.193778999999999996e+03 1.767798000000000002e+03 2.921327999999999975e+03 2.379094000000000051e+02 9.335832000000000619e+01 1.820655999999999963e+01
8.503858000000000175e+03 5.803144000000000233e+03 3.845099999999999909e+03 2.248849000000000160e+03 1.196034000000000106e+03 8.248857000000000426e+02 2.379094000000000051e+02 5.668905999999999494e+02 3.106420999999999921e+01 -4.990234000000000059e-01
3.356360999999999876e+03 2.561822999999999865e+03 1.427104000000000042e+03 8.077590999999999894e+02 4.079458000000000197e+02 2.875855999999999995e+02 9.335832000000000619e+01 3.106420999999999921e+01 1.330814000000000021e+02 3.508759000000000183e-01
3.554605999999999995e+02 1.567245000000000061e+02 1.477187000000000126e+02 6.565277000000000029e+00 5.756703000000000259e+01 9.762145999999999546e+00 1.820655999999999963e+01 -4.990234000000000059e-01 3.508759000000000183e-01 1.918121000000000009e+01
