2.314662000000000116e+05 1.002701000000000058e+05 5.257551999999999680e+04 2.815679999999999927e+04 1.152025000000000000e+04 5.173345000000000255e+03 2.304981000000000222e+03 6.671241999999999734e+02 1.067325000000000017e+02 4.804464999999999719e+01
1.002701000000000058e+05 8.922133000000000175e+04 3.120986000000000058e+04 1.760527000000000044e+04 7.323488999999999578e+03 2.698032999999999902e+03 1.513615999999999985e+03 3.385405999999999835e+02 9.365265999999999735e+01 2.643655000000000044e+01
5.257551999999999680e+04 3.120986000000000058e+04 3.142200999999999840e+04 8.568543999999999869e+03 3.420369000000000142e+03 1.504556000000000040e+03 8.389832000000000107e+02 1.862605000000000075e+02 3.412073000000000178e+01 -6.331360000000000099e+00
2.815679999999999927e+04 1.760527000000000044e+04 8.568543999999999869e+03 1.216668000000000029e+04 2.341940000000000055e+03 9.575635999999999513e+02 4.734329000000000178e+02 8.606595000000000084e+01 4.959825000000000017e+01 8.604255999999999460e+00
1.152025000000000000e+04 7.323488999999999578e+03 3.420369000000000142e+03 2.341940000000000055e+03 3.645295999999999822e+03 3.619791000000000167e+02 2.145021000000000129e+02 6.317325000000000301e+01 9.894698999999999245e+00 5.625709999999999766e+00
5.173345000000000255e+03 2.698032999999999902e+03 1.504556000000000040e+03 9.575635999999999513e+02 3.619791000000000167e+02 1.141267000000000053e+03 9.668578999999999724e+01 3.380883999999999645e+01 1.060424999999999951e+00 1.216369999999999951e+00
2.304981000000000222e+03 1.513615999999999985e+03 8.389832000000000107e+02 4.734329000000000178e+02 2.145021000000000129e+02 9.668578999999999724e+01 3.747354000000000269e+02 6.206603999999999566e+00 7.999969000000000108e+00 4.288483000000000156e-01
6.671241999999999734e+02 3.385405999999999835e+02 1.862605000000000075e+02 8.606595000000000084e+01 6.317325000000000301e+01 3.380883999999999645e+01 6.206603999999999566e+00 6.683795000000000641e+01 -8.576964999999999728e-01 -1.325531000000000070e-01
1.067325000000000017e+02 9.365265999999999735e+01 3.412073000000000178e+01 4.959825000000000017e+01 9.894698999999999245e+00 1.060424999999999951e+00 7.999969000000000108e+00 -8.576964999999999728e-01 1.359059000000000061e+01 9.707565000000000222e-01
4.804464999999999719e+01 2.643655000000000044e+01 -6.331360000000000099e+00 8.604255999999999460e+00 5.625709999999999766e+00 1.216369999999999951e+00 4.288483000000000156e-01 -1.325531000000000070e-01 9.707565000000000222e-01 9.960976000000000274e-01
