1.310860000000000036e+04 3.416525000000000091e+03 1.590238000000000056e+03 8.657296000000000049e+02 6.700032999999999674e+02 2.500321999999999889e+02 1.063251000000000062e+02 7.642076000000000136e+01 -1.258280000000000065e+01 -5.235846999999999696e+00
3.416525000000000091e+03 6.712083999999999833e+03 1.161968000000000075e+03 6.379781000000000404e+02 4.701191000000000031e+02 2.312272000000000105e+02 9.822185000000000343e+01 6.428046000000000504e+01 -3.976592999999999933e-01 -2.417145000000000099e+00
1.590238000000000056e+03 1.161968000000000075e+03 2.530217999999999847e+03 3.796417999999999893e+02 1.117442000000000064e+02 5.829023000000000110e+01 4.372108000000000061e+01 8.896651999999999560e+00 9.766044999999999865e-01 5.497054999999999580e-01
8.657296000000000049e+02 6.379781000000000404e+02 3.796417999999999893e+02 1.117592000000000098e+03 1.631942999999999984e+02 1.018884999999999934e+02 2.040928000000000075e+00 1.621046000000000120e+01 5.594521000000000077e-01 1.898627999999999982e+00
6.700032999999999674e+02 4.701191000000000031e+02 1.117442000000000064e+02 1.631942999999999984e+02 5.600271000000000186e+02 5.917520999999999987e+01 5.892764999999999809e+00 2.175429999999999975e+00 4.536044999999999661e+00 -8.771896000000000138e-01
2.500321999999999889e+02 2.312272000000000105e+02 5.829023000000000110e+01 1.018884999999999934e+02 5.917520999999999987e+01 2.360517000000000110e+02 6.871318999999999733e+00 8.709517999999999205e+00 -5.672492999999999563e-01 -7.914200000000000124e-01
1.063251000000000062e+02 9.822185000000000343e+01 4.372108000000000061e+01 2.040928000000000075e+00 5.892764999999999809e+00 6.871318999999999733e+00 8.202503000000000100e+01 1.302138999999999935e+00 -4.230002999999999957e-01 -3.157883000000000218e-01
7.642076000000000136e+01 6.428046000000000504e+01 8.896651999999999560e+00 1.621046000000000120e+01 2.175429999999999975e+00 8.709517999999999205e+00 1.302138999999999935e+00 3.539947999999999695e+01 -6.315764999999999851e-01 -1.403503000000000112e-01
-1.258280000000000065e+01 -3.976592999999999933e-01 9.766044999999999865e-01 5.594521000000000077e-01 4.536044999999999661e+00 -5.672492999999999563e-01 -4.230002999999999957e-01 -6.315764999999999851e-01 1.082061999999999991e+01 -3.508759000000000183e-02
-5.235846999999999696e+00 -2.417145000000000099e+00 5.497054999999999580e-01 1.898627999999999982e+00 -8.771896000000000138e-01 -7.914200000000000124e-01 -3.157883000000000218e-01 -1.403503000000000112e-01 -3.508759000000000183e-02 1.988296999999999981e+00
