1.859255000000000000e+06 1.045927000000000000e+06 6.586115999999999767e+05 3.894967999999999884e+05 2.168312000000000116e+05 9.830714999999999418e+04 3.524930000000000291e+04 1.281287000000000080e+04 3.728860999999999876e+03 9.302264999999999873e+02
1.045927000000000000e+06 8.071210000000000000e+05 4.239982999999999884e+05 2.508317000000000116e+05 1.399900000000000000e+05 6.202177999999999884e+04 2.422627000000000044e+04 8.229269000000000233e+03 2.605411000000000058e+03 5.613858000000000175e+02
6.586115999999999767e+05 4.239982999999999884e+05 3.407480000000000000e+05 1.613252000000000116e+05 8.505563999999999942e+04 4.149654000000000087e+04 1.482120000000000073e+04 5.982432999999999993e+03 1.463432999999999993e+03 5.061345000000000027e+02
3.894967999999999884e+05 2.508317000000000116e+05 1.613252000000000116e+05 1.382583999999999942e+05 5.341847000000000116e+04 2.612593999999999869e+04 9.909665999999999258e+03 3.232061999999999898e+03 8.361799999999999500e+02 2.286462999999999965e+02
2.168312000000000116e+05 1.399900000000000000e+05 8.505563999999999942e+04 5.341847000000000116e+04 4.980352999999999884e+04 1.507444000000000051e+04 5.104452000000000226e+03 1.998202999999999975e+03 5.296471000000000231e+02 9.472088999999999714e+01
9.830714999999999418e+04 6.202177999999999884e+04 4.149654000000000087e+04 2.612593999999999869e+04 1.507444000000000051e+04 1.485243000000000029e+04 2.679786999999999807e+03 9.715050999999999704e+02 2.494805000000000064e+02 7.310693000000000552e+01
3.524930000000000291e+04 2.422627000000000044e+04 1.482120000000000073e+04 9.909665999999999258e+03 5.104452000000000226e+03 2.679786999999999807e+03 3.306340000000000146e+03 3.601447999999999752e+02 8.446166999999999803e+01 3.123574999999999946e+01
1.281287000000000080e+04 8.229269000000000233e+03 5.982432999999999993e+03 3.232061999999999898e+03 1.998202999999999975e+03 9.715050999999999704e+02 3.601447999999999752e+02 8.314803000000000566e+02 2.678547000000000011e+01 -6.393737999999999921e-01
3.728860999999999876e+03 2.605411000000000058e+03 1.463432999999999993e+03 8.361799999999999500e+02 5.296471000000000231e+02 2.494805000000000064e+02 8.446166999999999803e+01 2.678547000000000011e+01 1.576271000000000129e+02 2.198821999999999832e+00
9.302264999999999873e+02 5.613858000000000175e+02 5.061345000000000027e+02 2.286462999999999965e+02 9.472088999999999714e+01 7.310693000000000552e+01 3.123574999999999946e+01 -6.393737999999999921e-01 2.198821999999999832e+00 2.682251000000000118e+01
