1.565069000000000000e+06 8.611821999999999534e+05 5.620313000000000466e+05 3.379637000000000116e+05 1.737823999999999942e+05 8.644355999999999767e+04 3.176795999999999913e+04 1.365711000000000058e+04 4.075474000000000160e+03 1.218657999999999902e+03
8.611821999999999534e+05 6.733013000000000466e+05 3.575055999999999767e+05 2.125528999999999942e+05 1.127911000000000058e+05 5.369608000000000175e+04 2.046843999999999869e+04 8.982514999999999418e+03 2.737813999999999851e+03 5.175340999999999667e+02
5.620313000000000466e+05 3.575055999999999767e+05 3.041199000000000233e+05 1.415551000000000058e+05 7.221405000000000291e+04 3.818412000000000262e+04 1.324327000000000044e+04 6.501280999999999949e+03 1.775325000000000045e+03 5.820503999999999678e+02
3.379637000000000116e+05 2.125528999999999942e+05 1.415551000000000058e+05 1.220806000000000058e+05 4.684005999999999767e+04 2.257768000000000029e+04 8.633853999999999360e+03 3.881918999999999869e+03 9.266318999999999733e+02 2.076014999999999873e+02
1.737823999999999942e+05 1.127911000000000058e+05 7.221405000000000291e+04 4.684005999999999767e+04 4.179011000000000058e+04 1.230013999999999942e+04 4.547662999999999556e+03 2.117679999999999836e+03 6.732351999999999634e+02 1.536739000000000033e+02
8.644355999999999767e+04 5.369608000000000175e+04 3.818412000000000262e+04 2.257768000000000029e+04 1.230013999999999942e+04 1.443425000000000000e+04 2.201068000000000211e+03 1.179386999999999944e+03 2.901236000000000104e+02 1.130014999999999930e+02
3.176795999999999913e+04 2.046843999999999869e+04 1.324327000000000044e+04 8.633853999999999360e+03 4.547662999999999556e+03 2.201068000000000211e+03 3.646862999999999829e+03 4.257916999999999916e+02 1.061049000000000007e+02 9.793335000000000790e+00
1.365711000000000058e+04 8.982514999999999418e+03 6.501280999999999949e+03 3.881918999999999869e+03 2.117679999999999836e+03 1.179386999999999944e+03 4.257916999999999916e+02 9.517546999999999571e+02 3.065484999999999971e+01 1.939564000000000021e+01
4.075474000000000160e+03 2.737813999999999851e+03 1.775325000000000045e+03 9.266318999999999733e+02 6.732351999999999634e+02 2.901236000000000104e+02 1.061049000000000007e+02 3.065484999999999971e+01 2.047847999999999900e+02 2.664706999999999937e+00
1.218657999999999902e+03 5.175340999999999667e+02 5.820503999999999678e+02 2.076014999999999873e+02 1.536739000000000033e+02 1.130014999999999930e+02 9.793335000000000790e+00 1.939564000000000021e+01 2.664706999999999937e+00 3.795501999999999754e+01
