2.152095000000000000e+06 1.189918000000000000e+06 7.600619000000000233e+05 4.572065999999999767e+05 2.495107000000000116e+05 1.223241999999999971e+05 4.087393000000000029e+04 1.540612000000000080e+04 3.425853999999999814e+03 6.442138999999999669e+02
1.189918000000000000e+06 9.128990999999999767e+05 4.928529000000000233e+05 2.948530000000000000e+05 1.608301000000000058e+05 7.652655999999999767e+04 2.634670000000000073e+04 9.152885000000000218e+03 2.467846000000000004e+03 4.779884000000000128e+02
7.600619000000000233e+05 4.928529000000000233e+05 3.991510000000000000e+05 1.885208999999999942e+05 9.959286999999999534e+04 5.250818000000000029e+04 1.797020000000000073e+04 6.266658000000000357e+03 1.180335000000000036e+03 4.186514000000000237e+02
4.572065999999999767e+05 2.948530000000000000e+05 1.885208999999999942e+05 1.656807000000000116e+05 6.374858000000000175e+04 3.275575000000000000e+04 1.164281999999999971e+04 3.713420999999999822e+03 8.980706000000000131e+02 2.290595999999999890e+02
2.495107000000000116e+05 1.608301000000000058e+05 9.959286999999999534e+04 6.374858000000000175e+04 5.275306999999999971e+04 1.856036000000000058e+04 6.303971999999999753e+03 2.460965000000000146e+03 4.766220000000000141e+02 9.610490000000000066e+01
1.223241999999999971e+05 7.652655999999999767e+04 5.250818000000000029e+04 3.275575000000000000e+04 1.856036000000000058e+04 1.742038999999999942e+04 3.452039000000000215e+03 1.072166999999999916e+03 2.468256000000000085e+02 5.673857000000000284e+01
4.087393000000000029e+04 2.634670000000000073e+04 1.797020000000000073e+04 1.164281999999999971e+04 6.303971999999999753e+03 3.452039000000000215e+03 4.055172000000000025e+03 2.083579000000000008e+02 8.177357000000000653e+01 2.835661999999999949e+01
1.540612000000000080e+04 9.152885000000000218e+03 6.266658000000000357e+03 3.713420999999999822e+03 2.460965000000000146e+03 1.072166999999999916e+03 2.083579000000000008e+02 9.410334000000000287e+02 2.273676000000000030e+01 6.814789000000000208e+00
3.425853999999999814e+03 2.467846000000000004e+03 1.180335000000000036e+03 8.980706000000000131e+02 4.766220000000000141e+02 2.468256000000000085e+02 8.177357000000000653e+01 2.273676000000000030e+01 1.485141000000000133e+02 -3.575035000000000185e+00
6.442138999999999669e+02 4.779884000000000128e+02 4.186514000000000237e+02 2.290595999999999890e+02 9.610490000000000066e+01 5.673857000000000284e+01 2.835661999999999949e+01 6.814789000000000208e+00 -3.575035000000000185e+00 2.039563000000000059e+01
