2.983738000000000000e+06 1.711159000000000000e+06 1.076126000000000000e+06 6.318656999999999534e+05 3.610594000000000233e+05 1.953250000000000000e+05 7.270139999999999418e+04 2.975597000000000116e+04 8.740627000000000407e+03 5.559198999999999842e+02
1.711159000000000000e+06 1.270002000000000000e+06 6.977528000000000466e+05 3.952790999999999767e+05 2.381915000000000000e+05 1.256828999999999942e+05 4.750798999999999796e+04 1.924056000000000131e+04 5.408819999999999709e+03 4.569261000000000195e+02
1.076126000000000000e+06 6.977528000000000466e+05 5.563775000000000000e+05 2.583403999999999942e+05 1.511421000000000058e+05 8.060389999999999418e+04 3.120245999999999913e+04 1.231763999999999942e+04 3.843726000000000113e+03 2.220107999999999890e+02
6.318656999999999534e+05 3.952790999999999767e+05 2.583403999999999942e+05 2.110415000000000000e+05 8.805944000000000233e+04 4.812312999999999738e+04 1.703752000000000044e+04 6.783266999999999825e+03 2.364885999999999967e+03 1.495901000000000067e+02
3.610594000000000233e+05 2.381915000000000000e+05 1.511421000000000058e+05 8.805944000000000233e+04 8.260921000000000640e+04 3.022627000000000044e+04 1.080769000000000051e+04 4.379975000000000364e+03 1.344884000000000015e+03 9.325499999999999545e+01
1.953250000000000000e+05 1.256828999999999942e+05 8.060389999999999418e+04 4.812312999999999738e+04 3.022627000000000044e+04 2.688975000000000000e+04 6.289188000000000102e+03 2.196652000000000044e+03 6.214343000000000075e+02 6.857674000000000092e+01
7.270139999999999418e+04 4.750798999999999796e+04 3.120245999999999913e+04 1.703752000000000044e+04 1.080769000000000051e+04 6.289188000000000102e+03 6.360046000000000276e+03 1.006682000000000016e+03 2.560496999999999730e+02 2.736832000000000065e+01
2.975597000000000116e+04 1.924056000000000131e+04 1.231763999999999942e+04 6.783266999999999825e+03 4.379975000000000364e+03 2.196652000000000044e+03 1.006682000000000016e+03 1.521426999999999907e+03 1.388629999999999995e+02 3.267043999999999837e+00
8.740627000000000407e+03 5.408819999999999709e+03 3.843726000000000113e+03 2.364885999999999967e+03 1.344884000000000015e+03 6.214343000000000075e+02 2.560496999999999730e+02 1.388629999999999995e+02 2.535486999999999966e+02 -2.237807999999999797e+00
5.559198999999999842e+02 4.569261000000000195e+02 2.220107999999999890e+02 1.495901000000000067e+02 9.325499999999999545e+01 6.857674000000000092e+01 2.736832000000000065e+01 3.267043999999999837e+00 -2.237807999999999797e+00 1.918121000000000009e+01
