1.944312000000000000e+06 1.067470000000000000e+06 6.475830999999999767e+05 3.730022000000000116e+05 2.050646000000000058e+05 9.569314999999999418e+04 3.501312000000000262e+04 1.163346999999999935e+04 2.679405000000000200e+03 4.477176000000000045e+02
1.067470000000000000e+06 8.105673000000000466e+05 3.884727999999999884e+05 2.400697999999999884e+05 1.302216999999999971e+05 6.211050000000000000e+04 2.298763000000000102e+04 6.717585000000000036e+03 1.417006000000000085e+03 3.476868000000000052e+02
6.475830999999999767e+05 3.884727999999999884e+05 3.120127999999999884e+05 1.471747000000000116e+05 7.656417999999999302e+04 3.681465000000000146e+04 1.416103000000000065e+04 4.513987000000000080e+03 9.416766999999999825e+02 1.792273999999999887e+02
3.730022000000000116e+05 2.400697999999999884e+05 1.471747000000000116e+05 1.253833999999999942e+05 4.673051999999999680e+04 2.156211000000000058e+04 8.066615999999999985e+03 2.395440999999999804e+03 6.411769000000000460e+02 1.491845999999999890e+02
2.050646000000000058e+05 1.302216999999999971e+05 7.656417999999999302e+04 4.673051999999999680e+04 4.414023999999999796e+04 1.268392000000000007e+04 4.880082999999999629e+03 1.949989000000000033e+03 3.288992999999999824e+02 8.949672999999999945e+01
9.569314999999999418e+04 6.211050000000000000e+04 3.681465000000000146e+04 2.156211000000000058e+04 1.268392000000000007e+04 1.248987999999999920e+04 2.389460999999999785e+03 6.991512999999999920e+02 1.285940999999999974e+02 3.905637999999999721e+01
3.501312000000000262e+04 2.298763000000000102e+04 1.416103000000000065e+04 8.066615999999999985e+03 4.880082999999999629e+03 2.389460999999999785e+03 3.243768999999999778e+03 2.599365999999999985e+02 5.547346999999999895e+01 8.810883000000000465e+00
1.163346999999999935e+04 6.717585000000000036e+03 4.513987000000000080e+03 2.395440999999999804e+03 1.949989000000000033e+03 6.991512999999999920e+02 2.599365999999999985e+02 6.871475000000000364e+02 2.496286999999999878e+01 -2.448334000000000010e+00
2.679405000000000200e+03 1.417006000000000085e+03 9.416766999999999825e+02 6.411769000000000460e+02 3.288992999999999824e+02 1.285940999999999974e+02 5.547346999999999895e+01 2.496286999999999878e+01 1.056507000000000005e+02 6.783599999999999630e-01
4.477176000000000045e+02 3.476868000000000052e+02 1.792273999999999887e+02 1.491845999999999890e+02 8.949672999999999945e+01 3.905637999999999721e+01 8.810883000000000465e+00 -2.448334000000000010e+00 6.783599999999999630e-01 1.169585999999999970e+01
