1.337726000000000000e+06 6.688755999999999767e+05 4.085290000000000000e+05 2.484277000000000116e+05 1.298328999999999942e+05 6.521498000000000320e+04 2.243393999999999869e+04 7.514018000000000029e+03 2.192911999999999807e+03 4.187040999999999826e+02
6.688755999999999767e+05 4.986807000000000116e+05 2.474605000000000000e+05 1.443681000000000058e+05 7.938800000000000000e+04 3.890101999999999680e+04 1.317455999999999949e+04 4.537771999999999935e+03 1.233882000000000062e+03 2.192974000000000103e+02
4.085290000000000000e+05 2.474605000000000000e+05 2.105598999999999942e+05 9.220699000000000524e+04 4.793250000000000000e+04 2.509129999999999927e+04 9.156962999999999738e+03 3.184657999999999902e+03 8.790922000000000480e+02 1.797419999999999902e+02
2.484277000000000116e+05 1.443681000000000058e+05 9.220699000000000524e+04 8.251439999999999418e+04 2.697270000000000073e+04 1.487320999999999913e+04 5.072962999999999738e+03 1.774558999999999969e+03 6.074362999999999602e+02 1.404127000000000010e+02
1.298328999999999942e+05 7.938800000000000000e+04 4.793250000000000000e+04 2.697270000000000073e+04 2.787997000000000116e+04 8.040305000000000291e+03 2.946626000000000204e+03 1.085442000000000007e+03 3.044823000000000093e+02 5.797249000000000052e+01
6.521498000000000320e+04 3.890101999999999680e+04 2.509129999999999927e+04 1.487320999999999913e+04 8.040305000000000291e+03 9.224666999999999462e+03 1.494598999999999933e+03 4.964503000000000270e+02 8.427258000000000493e+01 2.872503999999999991e+01
2.243393999999999869e+04 1.317455999999999949e+04 9.156962999999999738e+03 5.072962999999999738e+03 2.946626000000000204e+03 1.494598999999999933e+03 2.157338999999999942e+03 1.892196000000000140e+02 6.891201999999999828e+01 1.432352999999999987e+01
7.514018000000000029e+03 4.537771999999999935e+03 3.184657999999999902e+03 1.774558999999999969e+03 1.085442000000000007e+03 4.964503000000000270e+02 1.892196000000000140e+02 5.685046999999999571e+02 1.880695000000000050e+01 1.325531000000000015e+00
2.192911999999999807e+03 1.233882000000000062e+03 8.790922000000000480e+02 6.074362999999999602e+02 3.044823000000000093e+02 8.427258000000000493e+01 6.891201999999999828e+01 1.880695000000000050e+01 1.126544999999999987e+02 -1.434692000000000078e+00
4.187040999999999826e+02 2.192974000000000103e+02 1.797419999999999902e+02 1.404127000000000010e+02 5.797249000000000052e+01 2.872503999999999991e+01 1.432352999999999987e+01 1.325531000000000015e+00 -1.434692000000000078e+00 1.169585999999999970e+01
