1.053151000000000000e+06 5.213912000000000116e+05 3.295725999999999767e+05 1.877316000000000058e+05 9.701382000000000698e+04 4.638455999999999767e+04 1.448320999999999913e+04 6.231421000000000276e+03 1.086576999999999998e+03 2.272291999999999916e+02
5.213912000000000116e+05 3.834795999999999767e+05 1.952362999999999884e+05 1.124378000000000029e+05 5.485848999999999796e+04 2.817013000000000102e+04 8.436782999999999447e+03 3.850302999999999884e+03 5.416119999999999663e+02 1.926835000000000093e+02
3.295725999999999767e+05 1.952362999999999884e+05 1.690652999999999884e+05 7.011102000000000407e+04 3.408062000000000262e+04 1.815054999999999927e+04 5.635577000000000226e+03 2.383766999999999825e+03 2.793752000000000066e+02 1.547889000000000124e+02
1.877316000000000058e+05 1.124378000000000029e+05 7.011102000000000407e+04 6.386100000000000000e+04 2.003413000000000102e+04 1.061050000000000000e+04 3.120534000000000106e+03 1.358833000000000084e+03 2.410906999999999982e+02 7.738761999999999830e+01
9.701382000000000698e+04 5.485848999999999796e+04 3.408062000000000262e+04 2.003413000000000102e+04 2.159288000000000102e+04 4.710925000000000182e+03 1.658616999999999962e+03 7.457495999999999867e+02 2.135352000000000032e+02 2.964705999999999975e+01
4.638455999999999767e+04 2.817013000000000102e+04 1.815054999999999927e+04 1.061050000000000000e+04 4.710925000000000182e+03 6.547927999999999884e+03 9.032870000000000346e+02 3.795735999999999990e+02 2.417145000000000010e+01 1.987906999999999869e+01
1.448320999999999913e+04 8.436782999999999447e+03 5.635577000000000226e+03 3.120534000000000106e+03 1.658616999999999962e+03 9.032870000000000346e+02 1.499932000000000016e+03 1.129390999999999963e+02 9.450255999999999545e+00 5.688087000000000337e+00
6.231421000000000276e+03 3.850302999999999884e+03 2.383766999999999825e+03 1.358833000000000084e+03 7.457495999999999867e+02 3.795735999999999990e+02 1.129390999999999963e+02 4.296571999999999889e+02 1.211691000000000074e+01 4.251445999999999614e+00
1.086576999999999998e+03 5.416119999999999663e+02 2.793752000000000066e+02 2.410906999999999982e+02 2.135352000000000032e+02 2.417145000000000010e+01 9.450255999999999545e+00 1.211691000000000074e+01 7.173462000000000671e+01 -7.017516999999999783e-01
2.272291999999999916e+02 1.926835000000000093e+02 1.547889000000000124e+02 7.738761999999999830e+01 2.964705999999999975e+01 1.987906999999999869e+01 5.688087000000000337e+00 4.251445999999999614e+00 -7.017516999999999783e-01 4.941501999999999839e+00
