2.151780000000000000e+06 1.216172000000000000e+06 7.469655000000000000e+05 4.533592999999999884e+05 2.420478999999999942e+05 1.219048000000000029e+05 4.929030999999999767e+04 1.763404000000000087e+04 3.513485999999999876e+03 7.054982999999999720e+02
1.216172000000000000e+06 9.364404000000000233e+05 4.779339000000000233e+05 2.941957000000000116e+05 1.551853999999999942e+05 8.231364999999999418e+04 3.088322000000000116e+04 1.071545000000000073e+04 2.166378000000000156e+03 5.794754000000000360e+02
7.469655000000000000e+05 4.779339000000000233e+05 3.746647000000000116e+05 1.823247000000000116e+05 9.781367999999999302e+04 4.977706999999999971e+04 1.961834000000000015e+04 7.326171000000000276e+03 1.552076000000000022e+03 3.221585999999999785e+02
4.533592999999999884e+05 2.941957000000000116e+05 1.823247000000000116e+05 1.591023999999999942e+05 6.077641999999999825e+04 3.040290999999999985e+04 1.145772999999999956e+04 4.211621000000000095e+03 7.624006000000000540e+02 1.790909000000000049e+02
2.420478999999999942e+05 1.551853999999999942e+05 9.781367999999999302e+04 6.077641999999999825e+04 5.607213999999999942e+04 1.675624000000000160e+04 6.879225000000000364e+03 2.798179999999999836e+03 5.913583999999999605e+02 1.200463000000000022e+02
1.219048000000000029e+05 8.231364999999999418e+04 4.977706999999999971e+04 3.040290999999999985e+04 1.675624000000000160e+04 1.745883000000000175e+04 3.537655000000000200e+03 1.256875999999999976e+03 1.767752000000000123e+02 7.228821999999999548e+01
4.929030999999999767e+04 3.088322000000000116e+04 1.961834000000000015e+04 1.145772999999999956e+04 6.879225000000000364e+03 3.537655000000000200e+03 4.646127000000000407e+03 4.911793999999999869e+02 1.372703999999999951e+02 2.415585000000000093e+01
1.763404000000000087e+04 1.071545000000000073e+04 7.326171000000000276e+03 4.211621000000000095e+03 2.798179999999999836e+03 1.256875999999999976e+03 4.911793999999999869e+02 1.046507000000000062e+03 3.921621999999999986e+01 2.518508999999999887e+00
3.513485999999999876e+03 2.166378000000000156e+03 1.552076000000000022e+03 7.624006000000000540e+02 5.913583999999999605e+02 1.767752000000000123e+02 1.372703999999999951e+02 3.921621999999999986e+01 1.620559000000000083e+02 -1.656913999999999998e+00
7.054982999999999720e+02 5.794754000000000360e+02 3.221585999999999785e+02 1.790909000000000049e+02 1.200463000000000022e+02 7.228821999999999548e+01 2.415585000000000093e+01 2.518508999999999887e+00 -1.656913999999999998e+00 1.733326999999999884e+01
