2.717014000000000000e+06 1.573460000000000000e+06 9.713606999999999534e+05 5.904496999999999534e+05 3.319695999999999767e+05 1.848252000000000116e+05 7.065541999999999825e+04 2.822509999999999854e+04 9.994484000000000378e+03 5.521654999999999518e+02
1.573460000000000000e+06 1.185690000000000000e+06 6.424075000000000000e+05 3.730412000000000116e+05 2.222092999999999884e+05 1.240418000000000029e+05 4.421419000000000233e+04 1.861104000000000087e+04 6.096988000000000284e+03 6.209624999999999773e+02
9.713606999999999534e+05 6.424075000000000000e+05 5.125300000000000000e+05 2.410125000000000000e+05 1.368796000000000058e+05 7.884357000000000698e+04 3.108829000000000087e+04 1.147480999999999949e+04 4.071414999999999964e+03 2.955231999999999744e+02
5.904496999999999534e+05 3.730412000000000116e+05 2.410125000000000000e+05 2.021075000000000000e+05 8.336324000000000524e+04 4.765552999999999884e+04 1.654852000000000044e+04 6.960242000000000189e+03 2.275041999999999916e+03 2.543324000000000069e+02
3.319695999999999767e+05 2.222092999999999884e+05 1.368796000000000058e+05 8.336324000000000524e+04 7.732467999999999302e+04 2.898902000000000044e+04 1.045654000000000087e+04 5.068332000000000335e+03 1.243691000000000031e+03 1.104089000000000027e+02
1.848252000000000116e+05 1.240418000000000029e+05 7.884357000000000698e+04 4.765552999999999884e+04 2.898902000000000044e+04 2.765300000000000000e+04 6.188452000000000226e+03 2.298447000000000116e+03 7.102078000000000202e+02 4.025325999999999738e+01
7.065541999999999825e+04 4.421419000000000233e+04 3.108829000000000087e+04 1.654852000000000044e+04 1.045654000000000087e+04 6.188452000000000226e+03 6.446884000000000015e+03 1.021937999999999988e+03 3.313204000000000065e+02 2.803887999999999892e+01
2.822509999999999854e+04 1.861104000000000087e+04 1.147480999999999949e+04 6.960242000000000189e+03 5.068332000000000335e+03 2.298447000000000116e+03 1.021937999999999988e+03 1.571416999999999916e+03 1.333600999999999885e+02 4.003883000000000081e+00
9.994484000000000378e+03 6.096988000000000284e+03 4.071414999999999964e+03 2.275041999999999916e+03 1.243691000000000031e+03 7.102078000000000202e+02 3.313204000000000065e+02 1.333600999999999885e+02 2.954198999999999842e+02 -3.549694000000000127e+00
5.521654999999999518e+02 6.209624999999999773e+02 2.955231999999999744e+02 2.543324000000000069e+02 1.104089000000000027e+02 4.025325999999999738e+01 2.803887999999999892e+01 4.003883000000000081e+00 -3.549694000000000127e+00 2.730398999999999887e+01
