1.707874000000000000e+06 8.831443000000000466e+05 5.357441999999999534e+05 3.031817999999999884e+05 1.604551000000000058e+05 7.671328999999999360e+04 2.625275000000000000e+04 8.105618000000000393e+03 1.745953999999999951e+03 2.636032999999999902e+02
8.831443000000000466e+05 6.637935000000000000e+05 3.225965000000000000e+05 1.847690000000000000e+05 1.024133000000000029e+05 4.696912999999999738e+04 1.550332999999999993e+04 4.524287000000000262e+03 1.266848999999999933e+03 1.893716000000000008e+02
5.357441999999999534e+05 3.225965000000000000e+05 2.601050000000000000e+05 1.120616000000000058e+05 5.791162000000000262e+04 2.726920999999999913e+04 1.018602000000000044e+04 3.262349999999999909e+03 7.395995000000000346e+02 9.713022999999999740e+01
3.031817999999999884e+05 1.847690000000000000e+05 1.120616000000000058e+05 9.318669999999999709e+04 3.316215000000000146e+04 1.607625000000000000e+04 5.669954999999999927e+03 1.922608999999999924e+03 4.236202000000000112e+02 9.230568999999999846e+01
1.604551000000000058e+05 1.024133000000000029e+05 5.791162000000000262e+04 3.316215000000000146e+04 3.248684999999999854e+04 8.915918999999999869e+03 3.238092999999999847e+03 1.064518000000000029e+03 2.630554999999999950e+02 4.364506000000000085e+01
7.671328999999999360e+04 4.696912999999999738e+04 2.726920999999999913e+04 1.607625000000000000e+04 8.915918999999999869e+03 1.029565999999999985e+04 1.503424999999999955e+03 3.382520999999999844e+02 9.544602999999999327e+01 2.427671000000000134e+01
2.625275000000000000e+04 1.550332999999999993e+04 1.018602000000000044e+04 5.669954999999999927e+03 3.238092999999999847e+03 1.503424999999999955e+03 2.299929000000000087e+03 1.483112999999999886e+02 3.749692999999999898e+01 2.725136000000000003e+00
8.105618000000000393e+03 4.524287000000000262e+03 3.262349999999999909e+03 1.922608999999999924e+03 1.064518000000000029e+03 3.382520999999999844e+02 1.483112999999999886e+02 5.042554000000000087e+02 1.237421999999999933e+01 -2.272895999999999805e+00
1.745953999999999951e+03 1.266848999999999933e+03 7.395995000000000346e+02 4.236202000000000112e+02 2.630554999999999950e+02 9.544602999999999327e+01 3.749692999999999898e+01 1.237421999999999933e+01 6.829604000000000497e+01 -1.228064999999999962e+00
2.636032999999999902e+02 1.893716000000000008e+02 9.713022999999999740e+01 9.230568999999999846e+01 4.364506000000000085e+01 2.427671000000000134e+01 2.725136000000000003e+00 -2.272895999999999805e+00 -1.228064999999999962e+00 8.824528000000000816e+00
