3.126006000000000000e+06 1.763137000000000000e+06 1.125289000000000000e+06 7.408730000000000000e+05 3.952339000000000233e+05 2.240381000000000058e+05 9.860872999999999593e+04 3.864545999999999913e+04 9.441415999999999258e+03 1.590042999999999893e+03
1.763137000000000000e+06 1.346002000000000000e+06 7.172379000000000233e+05 4.523630999999999767e+05 2.517673999999999942e+05 1.450887000000000116e+05 6.096570999999999913e+04 2.518099000000000160e+04 6.001405999999999949e+03 8.199792999999999665e+02
1.125289000000000000e+06 7.172379000000000233e+05 5.542095999999999767e+05 2.929235999999999767e+05 1.552436000000000058e+05 8.897908000000000175e+04 4.042322000000000116e+04 1.510363999999999942e+04 3.308184000000000196e+03 5.297269999999999754e+02
7.408730000000000000e+05 4.523630999999999767e+05 2.929235999999999767e+05 2.488291000000000058e+05 1.056265000000000000e+05 5.757458000000000175e+04 2.492422000000000116e+04 1.014003000000000065e+04 2.314594999999999800e+03 3.172542000000000257e+02
3.952339000000000233e+05 2.517673999999999942e+05 1.552436000000000058e+05 1.056265000000000000e+05 8.453999000000000524e+04 3.166556000000000131e+04 1.523029000000000087e+04 6.267988000000000284e+03 1.361613000000000056e+03 2.486423000000000059e+02
2.240381000000000058e+05 1.450887000000000116e+05 8.897908000000000175e+04 5.757458000000000175e+04 3.166556000000000131e+04 3.323644999999999709e+04 8.907537000000000262e+03 3.455818999999999960e+03 7.680711000000000013e+02 1.626388000000000034e+02
9.860872999999999593e+04 6.096570999999999913e+04 4.042322000000000116e+04 2.492422000000000116e+04 1.523029000000000087e+04 8.907537000000000262e+03 8.271688000000000102e+03 1.510871000000000095e+03 3.740647999999999911e+02 6.320443999999999818e+01
3.864545999999999913e+04 2.518099000000000160e+04 1.510363999999999942e+04 1.014003000000000065e+04 6.267988000000000284e+03 3.455818999999999960e+03 1.510871000000000095e+03 1.872598999999999933e+03 1.587849999999999966e+02 2.876987000000000094e+01
9.441415999999999258e+03 6.001405999999999949e+03 3.308184000000000196e+03 2.314594999999999800e+03 1.361613000000000056e+03 7.680711000000000013e+02 3.740647999999999911e+02 1.587849999999999966e+02 3.537277000000000271e+02 8.017512999999999224e+00
1.590042999999999893e+03 8.199792999999999665e+02 5.297269999999999754e+02 3.172542000000000257e+02 2.486423000000000059e+02 1.626388000000000034e+02 6.320443999999999818e+01 2.876987000000000094e+01 8.017512999999999224e+00 4.929220999999999719e+01
