1.172625000000000000e+06 6.209181999999999534e+05 4.123005000000000000e+05 2.219701000000000058e+05 1.216656000000000058e+05 6.938657000000000698e+04 2.674841999999999825e+04 1.028213999999999942e+04 2.338103999999999814e+03 7.108588999999999487e+02
6.209181999999999534e+05 4.917810000000000000e+05 2.563387999999999884e+05 1.373848999999999942e+05 7.953302000000000407e+04 4.143094000000000233e+04 1.744393999999999869e+04 6.854654000000000451e+03 1.431084000000000060e+03 4.984619999999999891e+02
4.123005000000000000e+05 2.563387999999999884e+05 2.235503999999999942e+05 9.364516000000000349e+04 5.377129000000000087e+04 2.985324000000000160e+04 1.251760000000000036e+04 4.388707999999999629e+03 1.010350999999999999e+03 3.168799000000000206e+02
2.219701000000000058e+05 1.373848999999999942e+05 9.364516000000000349e+04 7.742003999999999360e+04 2.830788999999999942e+04 1.595687000000000080e+04 6.500649999999999636e+03 2.545360999999999876e+03 6.102296000000000049e+02 1.409116999999999962e+02
1.216656000000000058e+05 7.953302000000000407e+04 5.377129000000000087e+04 2.830788999999999942e+04 3.031600999999999840e+04 9.391602000000000771e+03 3.425222999999999956e+03 1.517961000000000013e+03 4.063201000000000249e+02 1.003661000000000030e+02
6.938657000000000698e+04 4.143094000000000233e+04 2.985324000000000160e+04 1.595687000000000080e+04 9.391602000000000771e+03 1.083621999999999935e+04 2.183360000000000127e+03 9.042344000000000506e+02 2.335079000000000065e+02 4.653394000000000119e+01
2.674841999999999825e+04 1.744393999999999869e+04 1.251760000000000036e+04 6.500649999999999636e+03 3.425222999999999956e+03 2.183360000000000127e+03 2.984963000000000193e+03 3.844624999999999773e+02 4.198425000000000296e+01 2.432739000000000118e+01
1.028213999999999942e+04 6.854654000000000451e+03 4.388707999999999629e+03 2.545360999999999876e+03 1.517961000000000013e+03 9.042344000000000506e+02 3.844624999999999773e+02 8.872772999999999683e+02 4.528833000000000197e+01 2.682250999999999941e+00
2.338103999999999814e+03 1.431084000000000060e+03 1.010350999999999999e+03 6.102296000000000049e+02 4.063201000000000249e+02 2.335079000000000065e+02 4.198425000000000296e+01 4.528833000000000197e+01 1.607927999999999997e+02 6.799193999999999960e+00
7.108588999999999487e+02 4.984619999999999891e+02 3.168799000000000206e+02 1.409116999999999962e+02 1.003661000000000030e+02 4.653394000000000119e+01 2.432739000000000118e+01 2.682250999999999941e+00 6.799193999999999960e+00 3.193750000000000000e+01
