2.734543000000000000e+06 1.537100000000000000e+06 9.387454000000000233e+05 5.951900000000000000e+05 3.325957000000000116e+05 1.718488999999999942e+05 6.816049000000000524e+04 2.612995000000000073e+04 6.263082999999999629e+03 8.126069999999999709e+02
1.537100000000000000e+06 1.189789000000000000e+06 6.046499000000000233e+05 3.753577000000000116e+05 2.139371000000000058e+05 1.146175000000000000e+05 4.579272000000000116e+04 1.762493000000000029e+04 4.561694000000000415e+03 4.811775000000000091e+02
9.387454000000000233e+05 6.046499000000000233e+05 4.563955999999999767e+05 2.327662999999999884e+05 1.293896999999999971e+05 6.611302000000000407e+04 2.724715999999999985e+04 1.011514999999999964e+04 2.243114000000000033e+03 3.518797000000000139e+02
5.951900000000000000e+05 3.753577000000000116e+05 2.327662999999999884e+05 1.940813999999999942e+05 8.553544000000000233e+04 4.345845999999999913e+04 1.723788000000000102e+04 6.710231999999999971e+03 1.604792999999999893e+03 2.520946000000000140e+02
3.325957000000000116e+05 2.139371000000000058e+05 1.293896999999999971e+05 8.553544000000000233e+04 7.000050000000000000e+04 2.670820999999999913e+04 1.116094000000000051e+04 3.971610999999999876e+03 8.339538999999999760e+02 2.038549999999999898e+02
1.718488999999999942e+05 1.146175000000000000e+05 6.611302000000000407e+04 4.345845999999999913e+04 2.670820999999999913e+04 2.387779999999999927e+04 5.673742000000000189e+03 2.206771000000000186e+03 6.145979999999999563e+02 6.862936999999999443e+01
6.816049000000000524e+04 4.579272000000000116e+04 2.724715999999999985e+04 1.723788000000000102e+04 1.116094000000000051e+04 5.673742000000000189e+03 5.489037999999999556e+03 8.549869999999999663e+02 1.950674999999999955e+02 1.358474000000000004e+01
2.612995000000000073e+04 1.762493000000000029e+04 1.011514999999999964e+04 6.710231999999999971e+03 3.971610999999999876e+03 2.206771000000000186e+03 8.549869999999999663e+02 1.353094000000000051e+03 4.769572000000000145e+01 1.278358000000000061e+01
6.263082999999999629e+03 4.561694000000000415e+03 2.243114000000000033e+03 1.604792999999999893e+03 8.339538999999999760e+02 6.145979999999999563e+02 1.950674999999999955e+02 4.769572000000000145e+01 2.620418999999999983e+02 5.196861000000000175e+00
8.126069999999999709e+02 4.811775000000000091e+02 3.518797000000000139e+02 2.520946000000000140e+02 2.038549999999999898e+02 6.862936999999999443e+01 1.358474000000000004e+01 1.278358000000000061e+01 5.196861000000000175e+00 3.680102999999999724e+01
