2.050010000000000000e+06 1.101031000000000000e+06 7.575659000000000233e+05 4.446209000000000233e+05 2.422107999999999884e+05 1.262316000000000058e+05 5.521066000000000349e+04 1.980815999999999985e+04 6.770043999999999869e+03 8.441761000000000195e+02
1.101031000000000000e+06 8.219093000000000466e+05 4.655584000000000233e+05 2.814615999999999767e+05 1.565097999999999884e+05 8.154992999999999302e+04 3.336144999999999709e+04 1.302122999999999956e+04 4.216015000000000327e+03 9.101563999999999623e+02
7.575659000000000233e+05 4.655584000000000233e+05 4.048617000000000116e+05 1.939043999999999942e+05 1.059455000000000000e+05 5.378370999999999913e+04 2.397006000000000131e+04 8.119740999999999985e+03 2.720710999999999785e+03 5.198420999999999594e+02
4.446209000000000233e+05 2.814615999999999767e+05 1.939043999999999942e+05 1.524432000000000116e+05 6.326769000000000233e+04 3.345400000000000000e+04 1.445439999999999964e+04 5.168104999999999563e+03 1.565249000000000024e+03 3.221195999999999913e+02
2.422107999999999884e+05 1.565097999999999884e+05 1.059455000000000000e+05 6.326769000000000233e+04 5.545098999999999796e+04 1.996858000000000175e+04 8.727483000000000175e+03 3.183675999999999931e+03 8.098527000000000271e+02 1.579408999999999992e+02
1.262316000000000058e+05 8.154992999999999302e+04 5.378370999999999913e+04 3.345400000000000000e+04 1.996858000000000175e+04 1.874743999999999869e+04 4.621061999999999898e+03 1.540094000000000051e+03 5.238692999999999529e+02 6.429604999999999393e+01
5.521066000000000349e+04 3.336144999999999709e+04 2.397006000000000131e+04 1.445439999999999964e+04 8.727483000000000175e+03 4.621061999999999898e+03 5.391253999999999905e+03 8.363125999999999749e+02 2.287477000000000089e+02 2.516948999999999970e+01
1.980815999999999985e+04 1.302122999999999956e+04 8.119740999999999985e+03 5.168104999999999563e+03 3.183675999999999931e+03 1.540094000000000051e+03 8.363125999999999749e+02 1.249521999999999935e+03 7.690028999999999826e+01 4.787505999999999595e+00
6.770043999999999869e+03 4.216015000000000327e+03 2.720710999999999785e+03 1.565249000000000024e+03 8.098527000000000271e+02 5.238692999999999529e+02 2.287477000000000089e+02 7.690028999999999826e+01 2.393362999999999943e+02 1.175824000000000069e+01
8.441761000000000195e+02 9.101563999999999623e+02 5.198420999999999594e+02 3.221195999999999913e+02 1.579408999999999992e+02 6.429604999999999393e+01 2.516948999999999970e+01 4.787505999999999595e+00 1.175824000000000069e+01 3.879907000000000039e+01
