2.940138000000000000e+06 1.684756000000000000e+06 1.034009000000000000e+06 6.987173000000000466e+05 3.654364000000000233e+05 2.020942000000000116e+05 8.967975000000000000e+04 3.571068000000000029e+04 6.756055999999999585e+03 8.388836999999999762e+02
1.684756000000000000e+06 1.275143000000000000e+06 6.660113000000000466e+05 4.390430000000000000e+05 2.362347000000000116e+05 1.310971000000000058e+05 5.835680000000000291e+04 2.281636999999999898e+04 4.415717999999999847e+03 5.623759999999999764e+02
1.034009000000000000e+06 6.660113000000000466e+05 5.053942999999999884e+05 2.725119000000000233e+05 1.383481000000000058e+05 7.998085000000000582e+04 3.661209999999999854e+04 1.342256999999999971e+04 2.501172000000000025e+03 3.382033999999999878e+02
6.987173000000000466e+05 4.390430000000000000e+05 2.725119000000000233e+05 2.377337000000000116e+05 9.911152999999999884e+04 5.247652999999999884e+04 2.329865999999999985e+04 9.524849000000000160e+03 1.536473999999999933e+03 1.728043999999999869e+02
3.654364000000000233e+05 2.362347000000000116e+05 1.383481000000000058e+05 9.911152999999999884e+04 7.922633000000000175e+04 2.928652999999999884e+04 1.394021999999999935e+04 5.598411000000000058e+03 9.680508999999999560e+02 1.858354999999999961e+02
2.020942000000000116e+05 1.310971000000000058e+05 7.998085000000000582e+04 5.247652999999999884e+04 2.928652999999999884e+04 2.931400999999999840e+04 8.147805000000000291e+03 2.954059000000000196e+03 6.827303000000000566e+02 9.867213999999999885e+01
8.967975000000000000e+04 5.835680000000000291e+04 3.661209999999999854e+04 2.329865999999999985e+04 1.394021999999999935e+04 8.147805000000000291e+03 7.341632999999999811e+03 1.407744999999999891e+03 2.340420000000000016e+02 3.068994000000000000e+01
3.571068000000000029e+04 2.281636999999999898e+04 1.342256999999999971e+04 9.524849000000000160e+03 5.598411000000000058e+03 2.954059000000000196e+03 1.407744999999999891e+03 1.694051999999999907e+03 8.278331000000000017e+01 2.914218999999999937e+01
6.756055999999999585e+03 4.415717999999999847e+03 2.501172000000000025e+03 1.536473999999999933e+03 9.680508999999999560e+02 6.827303000000000566e+02 2.340420000000000016e+02 8.278331000000000017e+01 2.737065999999999804e+02 9.313805000000000334e+00
8.388836999999999762e+02 5.623759999999999764e+02 3.382033999999999878e+02 1.728043999999999869e+02 1.858354999999999961e+02 9.867213999999999885e+01 3.068994000000000000e+01 2.914218999999999937e+01 9.313805000000000334e+00 4.423960000000000292e+01
