1.859573000000000000e+06 9.904289000000000233e+05 6.442365000000000000e+05 3.688705999999999767e+05 1.893007000000000116e+05 9.932396000000000640e+04 4.132312999999999738e+04 1.366454999999999927e+04 2.694391000000000076e+03 5.370271999999999935e+02
9.904289000000000233e+05 7.333194000000000233e+05 4.028259000000000233e+05 2.293831000000000058e+05 1.226396000000000058e+05 6.241437000000000262e+04 2.745252999999999884e+04 8.465532999999999447e+03 1.780770999999999958e+03 4.314798000000000116e+02
6.442365000000000000e+05 4.028259000000000233e+05 3.346962999999999884e+05 1.473462999999999884e+05 8.100447999999999593e+04 4.100398000000000320e+04 1.745933000000000175e+04 5.102440999999999804e+03 1.284598999999999933e+03 2.660808999999999855e+02
3.688705999999999767e+05 2.293831000000000058e+05 1.473462999999999884e+05 1.188446000000000058e+05 4.579190000000000146e+04 2.426297000000000116e+04 1.095156999999999971e+04 2.986507000000000062e+03 6.823912000000000262e+02 1.529038999999999930e+02
1.893007000000000116e+05 1.226396000000000058e+05 8.100447999999999593e+04 4.579190000000000146e+04 4.205723999999999796e+04 1.321973999999999978e+04 5.554380000000000109e+03 2.055373999999999796e+03 3.002151999999999816e+02 8.475211000000000183e+01
9.932396000000000640e+04 6.241437000000000262e+04 4.100398000000000320e+04 2.426297000000000116e+04 1.321973999999999978e+04 1.342085000000000036e+04 3.260119999999999891e+03 1.028981999999999971e+03 2.191297999999999888e+02 3.716944999999999766e+01
4.132312999999999738e+04 2.745252999999999884e+04 1.745933000000000175e+04 1.095156999999999971e+04 5.554380000000000109e+03 3.260119999999999891e+03 3.734690999999999804e+03 4.713276000000000181e+02 3.617920000000000158e+01 1.247559000000000040e+01
1.366454999999999927e+04 8.465532999999999447e+03 5.102440999999999804e+03 2.986507000000000062e+03 2.055373999999999796e+03 1.028981999999999971e+03 4.713276000000000181e+02 8.036440999999999804e+02 4.489262000000000086e+00 8.042854000000000170e+00
2.694391000000000076e+03 1.780770999999999958e+03 1.284598999999999933e+03 6.823912000000000262e+02 3.002151999999999816e+02 2.191297999999999888e+02 3.617920000000000158e+01 4.489262000000000086e+00 1.529798999999999864e+02 2.615974000000000022e+00
5.370271999999999935e+02 4.314798000000000116e+02 2.660808999999999855e+02 1.529038999999999930e+02 8.475211000000000183e+01 3.716944999999999766e+01 1.247559000000000040e+01 8.042854000000000170e+00 2.615974000000000022e+00 1.932936000000000121e+01
