2.475848000000000000e+06 1.339994000000000000e+06 8.767935999999999767e+05 5.340451999999999534e+05 2.757160000000000000e+05 1.464862999999999884e+05 5.839863999999999942e+04 2.347731000000000131e+04 4.395957999999999629e+03 8.336947000000000116e+02
1.339994000000000000e+06 1.006104000000000000e+06 5.338606999999999534e+05 3.283549000000000233e+05 1.744127000000000116e+05 9.098196000000000640e+04 3.574329000000000087e+04 1.514985000000000036e+04 3.512224000000000160e+03 6.265901999999999816e+02
8.767935999999999767e+05 5.338606999999999534e+05 4.396397000000000116e+05 2.155977999999999884e+05 1.133076000000000058e+05 5.862204000000000087e+04 2.326670000000000073e+04 8.851926999999999680e+03 1.791017000000000053e+03 3.848464999999999918e+02
5.340451999999999534e+05 3.283549000000000233e+05 2.155977999999999884e+05 1.722556000000000058e+05 7.214610000000000582e+04 3.690591999999999825e+04 1.502138999999999942e+04 5.333561999999999898e+03 1.243824000000000069e+03 3.175738000000000056e+02
2.757160000000000000e+05 1.744127000000000116e+05 1.133076000000000058e+05 7.214610000000000582e+04 5.866273000000000320e+04 2.058170000000000073e+04 8.797189000000000306e+03 3.191005000000000109e+03 5.696411000000000513e+02 1.806055000000000064e+02
1.464862999999999884e+05 9.098196000000000640e+04 5.862204000000000087e+04 3.690591999999999825e+04 2.058170000000000073e+04 1.894959999999999854e+04 4.648632999999999811e+03 1.717140000000000100e+03 3.787549000000000206e+02 4.294330999999999676e+01
5.839863999999999942e+04 3.574329000000000087e+04 2.326670000000000073e+04 1.502138999999999942e+04 8.797189000000000306e+03 4.648632999999999811e+03 5.051394000000000233e+03 6.659468000000000529e+02 1.817751000000000090e+02 7.319659999999999833e+00
2.347731000000000131e+04 1.514985000000000036e+04 8.851926999999999680e+03 5.333561999999999898e+03 3.191005000000000109e+03 1.717140000000000100e+03 6.659468000000000529e+02 1.139769999999999982e+03 4.416356999999999999e+01 1.222606999999999999e+01
4.395957999999999629e+03 3.512224000000000160e+03 1.791017000000000053e+03 1.243824000000000069e+03 5.696411000000000513e+02 3.787549000000000206e+02 1.817751000000000090e+02 4.416356999999999999e+01 2.067965000000000089e+02 8.824528000000000816e+00
8.336947000000000116e+02 6.265901999999999816e+02 3.848464999999999918e+02 3.175738000000000056e+02 1.806055000000000064e+02 4.294330999999999676e+01 7.319659999999999833e+00 1.222606999999999999e+01 8.824528000000000816e+00 3.329227000000000203e+01
