7.164445999999999913e+03 1.520358999999999924e+03 8.620357000000000198e+02 5.532318000000000211e+02 2.504570999999999970e+02 8.977938000000000329e+01 3.402130999999999972e+01 1.044050999999999974e+01 1.948725999999999914e+01 5.399589999999999890e+00
1.520358999999999924e+03 3.654518000000000029e+03 4.287742000000000075e+02 2.620593999999999824e+02 1.125160999999999945e+02 4.868012999999999835e+01 4.036046999999999940e+01 1.028456000000000081e+01 -1.370365000000000055e+00 4.042869999999999742e+00
8.620357000000000198e+02 4.287742000000000075e+02 1.918987000000000080e+03 1.698823999999999899e+02 1.121047999999999973e+02 4.359826999999999941e+01 -3.200768000000000058e+00 6.191010000000000346e+00 -1.079917999999999934e+00 -3.625716999999999857e+00
5.532318000000000211e+02 2.620593999999999824e+02 1.698823999999999899e+02 7.209933999999999514e+02 3.557686000000000348e+01 1.049314000000000036e+01 5.245593999999999646e+00 1.637421000000000015e-01 8.167609999999999593e-01 2.522407999999999983e+00
2.504570999999999970e+02 1.125160999999999945e+02 1.121047999999999973e+02 3.557686000000000348e+01 2.957785999999999831e+02 1.017345000000000077e+01 5.393741999999999592e+00 5.309921000000000113e+00 3.210513999999999868e+00 8.849869000000000208e-01
8.977938000000000329e+01 4.868012999999999835e+01 4.359826999999999941e+01 1.049314000000000036e+01 1.017345000000000077e+01 1.342353999999999985e+02 -2.317730000000000068e+00 1.972701999999999956e+00 -2.592582999999999971e-01 4.951247999999999760e-01
3.402130999999999972e+01 4.036046999999999940e+01 -3.200768000000000058e+00 5.245593999999999646e+00 5.393741999999999592e+00 -2.317730000000000068e+00 3.425912999999999897e+01 1.325531000000000070e-01 6.374244999999999495e-01 -1.442489999999999883e-01
1.044050999999999974e+01 1.028456000000000081e+01 6.191010000000000346e+00 1.637421000000000015e-01 5.309921000000000113e+00 1.972701999999999956e+00 1.325531000000000070e-01 1.169585999999999970e+01 -1.169585999999999959e-01 -4.678344999999999726e-02
1.948725999999999914e+01 -1.370365000000000055e+00 -1.079917999999999934e+00 8.167609999999999593e-01 3.210513999999999868e+00 -2.592582999999999971e-01 6.374244999999999495e-01 -1.169585999999999959e-01 4.941501999999999839e+00 -1.949309999999999932e-02
5.399589999999999890e+00 4.042869999999999742e+00 -3.625716999999999857e+00 2.522407999999999983e+00 8.849869000000000208e-01 4.951247999999999760e-01 -1.442489999999999883e-01 -4.678344999999999726e-02 -1.949309999999999932e-02 1.988296999999999981e+00
