1.509350000000000000e+05 6.228513999999999942e+04 3.810883999999999651e+04 1.905000000000000000e+04 9.733626000000000204e+03 4.125551999999999680e+03 1.604730999999999995e+03 6.050542000000000371e+02 4.671522000000000219e+01 7.329017000000000337e+01
6.228513999999999942e+04 5.912908999999999651e+04 2.219777000000000044e+04 1.155132999999999993e+04 5.701814999999999600e+03 2.408536999999999807e+03 8.638017999999999574e+02 3.829771000000000072e+02 9.754738999999999294e+01 4.852223000000000042e+01
3.810883999999999651e+04 2.219777000000000044e+04 2.636241999999999825e+04 7.009904999999999745e+03 3.479769999999999982e+03 1.679338999999999942e+03 7.181531999999999698e+02 1.979134999999999991e+02 3.926106000000000051e+01 -8.771896000000000138e-01
1.905000000000000000e+04 1.155132999999999993e+04 7.009904999999999745e+03 9.842844999999999345e+03 1.582624000000000024e+03 7.371824000000000296e+02 3.752928999999999746e+02 2.222720999999999947e+02 6.142081999999999908e+01 1.705647000000000091e+01
9.733626000000000204e+03 5.701814999999999600e+03 3.479769999999999982e+03 1.582624000000000024e+03 3.383704000000000178e+03 4.534875000000000114e+02 2.226930999999999869e+02 8.659225999999999601e+01 1.316759000000000057e+01 1.553599999999999959e+01
4.125551999999999680e+03 2.408536999999999807e+03 1.679338999999999942e+03 7.371824000000000296e+02 4.534875000000000114e+02 1.161727000000000089e+03 1.180190000000000055e+02 9.730957000000000079e+00 -2.120849999999999902e+00 7.235839999999999606e+00
1.604730999999999995e+03 8.638017999999999574e+02 7.181531999999999698e+02 3.752928999999999746e+02 2.226930999999999869e+02 1.180190000000000055e+02 3.849264000000000010e+02 2.923186000000000107e+01 4.510703999999999603e+00 1.801163000000000070e+00
6.050542000000000371e+02 3.829771000000000072e+02 1.979134999999999991e+02 2.222720999999999947e+02 8.659225999999999601e+01 9.730957000000000079e+00 2.923186000000000107e+01 1.143932999999999964e+02 2.428840999999999806e+00 4.654952999999999896e+00
4.671522000000000219e+01 9.754738999999999294e+01 3.926106000000000051e+01 6.142081999999999908e+01 1.316759000000000057e+01 -2.120849999999999902e+00 4.510703999999999603e+00 2.428840999999999806e+00 2.373284999999999911e+01 7.056502999999999526e-01
7.329017000000000337e+01 4.852223000000000042e+01 -8.771896000000000138e-01 1.705647000000000091e+01 1.553599999999999959e+01 7.235839999999999606e+00 1.801163000000000070e+00 4.654952999999999896e+00 7.056502999999999526e-01 5.918105999999999867e+00
