2.288589000000000000e+06 1.225239000000000000e+06 7.410409000000000233e+05 4.354622000000000116e+05 2.395538999999999942e+05 1.009131999999999971e+05 4.267572000000000116e+04 1.351912999999999920e+04 3.198561000000000149e+03 9.837779000000000451e+01
1.225239000000000000e+06 9.471148000000000466e+05 4.766934000000000233e+05 2.771952000000000116e+05 1.521377000000000116e+05 6.672255999999999767e+04 2.723775000000000000e+04 8.602042999999999665e+03 2.105057999999999993e+03 5.039162000000000319e+01
7.410409000000000233e+05 4.766934000000000233e+05 3.733950000000000000e+05 1.718075000000000000e+05 9.314774000000000524e+04 4.075637999999999738e+04 1.668725000000000000e+04 5.218792999999999665e+03 1.417883000000000038e+03 -8.387881999999999394e+00
4.354622000000000116e+05 2.771952000000000116e+05 1.718075000000000000e+05 1.416941000000000058e+05 5.520058999999999651e+04 2.396318999999999869e+04 1.060461000000000058e+04 3.452661000000000058e+03 5.502083999999999833e+02 -1.680695000000000050e+01
2.395538999999999942e+05 1.521377000000000116e+05 9.314774000000000524e+04 5.520058999999999651e+04 4.939065000000000146e+04 1.339630999999999949e+04 5.717864999999999782e+03 2.165898000000000138e+03 4.388326000000000136e+02 1.653405000000000058e+01
1.009131999999999971e+05 6.672255999999999767e+04 4.075637999999999738e+04 2.396318999999999869e+04 1.339630999999999949e+04 1.412297999999999956e+04 2.435507000000000062e+03 7.651861999999999853e+02 2.280107999999999890e+02 -4.159828000000000081e+00
4.267572000000000116e+04 2.723775000000000000e+04 1.668725000000000000e+04 1.060461000000000058e+04 5.717864999999999782e+03 2.435507000000000062e+03 3.398155000000000200e+03 4.296709000000000174e+02 9.762536000000000058e+01 2.686150000000000038e+00
1.351912999999999920e+04 8.602042999999999665e+03 5.218792999999999665e+03 3.452661000000000058e+03 2.165898000000000138e+03 7.651861999999999853e+02 4.296709000000000174e+02 7.041512999999999920e+02 3.472305999999999671e+01 -5.204659000000000368e-01
3.198561000000000149e+03 2.105057999999999993e+03 1.417883000000000038e+03 5.502083999999999833e+02 4.388326000000000136e+02 2.280107999999999890e+02 9.762536000000000058e+01 3.472305999999999671e+01 1.076467999999999989e+02 3.413241999999999887e+00
9.837779000000000451e+01 5.039162000000000319e+01 -8.387881999999999394e+00 -1.680695000000000050e+01 1.653405000000000058e+01 -4.159828000000000081e+00 2.686150000000000038e+00 -5.204659000000000368e-01 3.413241999999999887e+00 2.976596999999999937e+00
