1.401684000000000000e+06 7.537269000000000233e+05 4.758062999999999884e+05 2.490437999999999884e+05 1.372061000000000058e+05 6.085154000000000087e+04 2.622197000000000116e+04 9.206549999999999272e+03 2.735085000000000036e+03 3.653319000000000187e+02
7.537269000000000233e+05 6.356133000000000466e+05 3.108482000000000116e+05 1.607253999999999942e+05 9.127516000000000349e+04 4.348841999999999825e+04 1.908731999999999971e+04 5.671965000000000146e+03 2.123563000000000102e+03 3.562013999999999783e+02
4.758062999999999884e+05 3.108482000000000116e+05 2.646754000000000233e+05 1.017045000000000000e+05 5.718680999999999767e+04 2.826331999999999971e+04 1.138064999999999964e+04 3.474480000000000018e+03 1.173484999999999900e+03 7.208548999999999296e+01
2.490437999999999884e+05 1.607253999999999942e+05 1.017045000000000000e+05 8.862411999999999534e+04 3.147559000000000015e+04 1.380444000000000051e+04 6.710380000000000109e+03 1.786109999999999900e+03 6.006371000000000322e+02 9.283395000000000152e+01
1.372061000000000058e+05 9.127516000000000349e+04 5.718680999999999767e+04 3.147559000000000015e+04 3.228831000000000131e+04 7.849918999999999869e+03 3.624376000000000204e+03 1.376525000000000091e+03 4.156865000000000236e+02 6.649487000000000592e+01
6.085154000000000087e+04 4.348841999999999825e+04 2.826331999999999971e+04 1.380444000000000051e+04 7.849918999999999869e+03 9.746299999999999272e+03 1.691769000000000005e+03 5.955552000000000135e+02 1.698863000000000056e+02 2.971528999999999954e+01
2.622197000000000116e+04 1.908731999999999971e+04 1.138064999999999964e+04 6.710380000000000109e+03 3.624376000000000204e+03 1.691769000000000005e+03 2.598257000000000062e+03 2.925038000000000125e+02 8.885735999999999990e+01 2.174651000000000067e+01
9.206549999999999272e+03 5.671965000000000146e+03 3.474480000000000018e+03 1.786109999999999900e+03 1.376525000000000091e+03 5.955552000000000135e+02 2.925038000000000125e+02 5.615865999999999758e+02 2.423383000000000109e+01 4.093551999999999857e+00
2.735085000000000036e+03 2.123563000000000102e+03 1.173484999999999900e+03 6.006371000000000322e+02 4.156865000000000236e+02 1.698863000000000056e+02 8.885735999999999990e+01 2.423383000000000109e+01 1.272510000000000048e+02 3.368408000000000069e+00
3.653319000000000187e+02 3.562013999999999783e+02 7.208548999999999296e+01 9.283395000000000152e+01 6.649487000000000592e+01 2.971528999999999954e+01 2.174651000000000067e+01 4.093551999999999857e+00 3.368408000000000069e+00 1.169585999999999970e+01
