2.034608000000000000e+06 1.054151000000000000e+06 6.604803000000000466e+05 3.753315000000000000e+05 2.003565000000000000e+05 8.756408000000000175e+04 3.397070999999999913e+04 1.031371999999999935e+04 2.971088000000000193e+03 1.575783000000000129e+02
1.054151000000000000e+06 8.165465999999999767e+05 4.057712000000000116e+05 2.297142000000000116e+05 1.292781999999999971e+05 5.566969000000000233e+04 2.267256999999999971e+04 6.256287999999999556e+03 2.174382000000000062e+03 1.417811000000000092e+02
6.604803000000000466e+05 4.057712000000000116e+05 3.329710999999999767e+05 1.459196000000000058e+05 7.962641000000000349e+04 3.471644000000000233e+04 1.412910000000000036e+04 3.778231000000000222e+03 1.236939000000000078e+03 4.620644999999999669e+01
3.753315000000000000e+05 2.297142000000000116e+05 1.459196000000000058e+05 1.231296999999999971e+05 4.647818000000000029e+04 2.010259000000000015e+04 8.033903000000000247e+03 2.292701000000000022e+03 6.023914999999999509e+02 8.085739000000000232e+00
2.003565000000000000e+05 1.292781999999999971e+05 7.962641000000000349e+04 4.647818000000000029e+04 4.160912999999999738e+04 1.091586000000000058e+04 4.916752999999999702e+03 1.461452999999999975e+03 4.128093000000000075e+02 1.580500999999999934e+01
8.756408000000000175e+04 5.566969000000000233e+04 3.471644000000000233e+04 2.010259000000000015e+04 1.091586000000000058e+04 1.189237000000000080e+04 1.996405999999999949e+03 5.682318000000000211e+02 2.197613000000000056e+02 1.555160000000000053e+01
3.397070999999999913e+04 2.267256999999999971e+04 1.412910000000000036e+04 8.033903000000000247e+03 4.916752999999999702e+03 1.996405999999999949e+03 2.796527000000000044e+03 2.555000000000000000e+02 7.921997000000000355e+01 5.863525000000000098e+00
1.031371999999999935e+04 6.256287999999999556e+03 3.778231000000000222e+03 2.292701000000000022e+03 1.461452999999999975e+03 5.682318000000000211e+02 2.555000000000000000e+02 5.823604000000000269e+02 1.777770999999999901e+01 1.060424999999999951e+00
2.971088000000000193e+03 2.174382000000000062e+03 1.236939000000000078e+03 6.023914999999999509e+02 4.128093000000000075e+02 2.197613000000000056e+02 7.921997000000000355e+01 1.777770999999999901e+01 1.139566999999999979e+02 2.643264999999999976e+00
1.575783000000000129e+02 1.417811000000000092e+02 4.620644999999999669e+01 8.085739000000000232e+00 1.580500999999999934e+01 1.555160000000000053e+01 5.863525000000000098e+00 1.060424999999999951e+00 2.643264999999999976e+00 1.988296999999999981e+00
