2.608000000000000000e+06 1.379535000000000000e+06 9.179570999999999767e+05 5.539303000000000466e+05 3.177714000000000233e+05 1.693942999999999884e+05 7.879100000000000000e+04 2.972031000000000131e+04 8.897334000000000742e+03 1.325788000000000011e+03
1.379535000000000000e+06 1.014360000000000000e+06 5.565920999999999767e+05 3.437325000000000000e+05 1.889302999999999884e+05 9.601735000000000582e+04 4.731890000000000146e+04 1.894218000000000029e+04 6.152864999999999782e+03 7.147886999999999489e+02
9.179570999999999767e+05 5.565920999999999767e+05 4.741744000000000233e+05 2.340100000000000000e+05 1.276131000000000058e+05 6.764622999999999593e+04 3.218897999999999956e+04 1.279063999999999942e+04 3.539251999999999953e+03 5.347854999999999563e+02
5.539303000000000466e+05 3.437325000000000000e+05 2.340100000000000000e+05 1.979351000000000058e+05 7.612283999999999651e+04 4.019177999999999884e+04 2.107263999999999942e+04 8.823421000000000276e+03 1.873170000000000073e+03 3.104705999999999904e+02
3.177714000000000233e+05 1.889302999999999884e+05 1.276131000000000058e+05 7.612283999999999651e+04 7.325675999999999476e+04 2.321181000000000131e+04 1.175121999999999935e+04 4.958094000000000051e+03 1.319112000000000080e+03 1.889310999999999865e+02
1.693942999999999884e+05 9.601735000000000582e+04 6.764622999999999593e+04 4.019177999999999884e+04 2.321181000000000131e+04 2.391906999999999971e+04 6.448131000000000313e+03 2.537409000000000106e+03 5.896430000000000291e+02 1.047014000000000067e+02
7.879100000000000000e+04 4.731890000000000146e+04 3.218897999999999956e+04 2.107263999999999942e+04 1.175121999999999935e+04 6.448131000000000313e+03 7.169470000000000255e+03 1.251300999999999931e+03 3.596399999999999864e+02 8.215173000000000059e+01
2.972031000000000131e+04 1.894218000000000029e+04 1.279063999999999942e+04 8.823421000000000276e+03 4.958094000000000051e+03 2.537409000000000106e+03 1.251300999999999931e+03 1.893170000000000073e+03 1.478200999999999965e+02 2.024164000000000030e+01
8.897334000000000742e+03 6.152864999999999782e+03 3.539251999999999953e+03 1.873170000000000073e+03 1.319112000000000080e+03 5.896430000000000291e+02 3.596399999999999864e+02 1.478200999999999965e+02 3.520434999999999945e+02 1.544243999999999950e+01
1.325788000000000011e+03 7.147886999999999489e+02 5.347854999999999563e+02 3.104705999999999904e+02 1.889310999999999865e+02 1.047014000000000067e+02 8.215173000000000059e+01 2.024164000000000030e+01 1.544243999999999950e+01 3.511097999999999786e+01
