2.437876000000000000e+06 1.316666000000000000e+06 8.039879000000000233e+05 5.010055999999999767e+05 2.796974000000000233e+05 1.285768999999999942e+05 5.751665000000000146e+04 1.931434000000000015e+04 5.432283000000000357e+03 4.482166000000000281e+02
1.316666000000000000e+06 1.010481000000000000e+06 5.036275999999999767e+05 3.200727999999999884e+05 1.766232999999999884e+05 7.920322000000000116e+04 3.757769999999999709e+04 1.208613999999999942e+04 3.865902999999999793e+03 3.145095000000000027e+02
8.039879000000000233e+05 5.036275999999999767e+05 3.997845000000000000e+05 1.977973999999999942e+05 1.027881000000000058e+05 4.729313999999999942e+04 2.420772000000000116e+04 7.547246000000000095e+03 2.421449000000000069e+03 1.090366000000000071e+02
5.010055999999999767e+05 3.200727999999999884e+05 1.977973999999999942e+05 1.741372000000000116e+05 6.822102999999999884e+04 3.192258000000000175e+04 1.543138999999999942e+04 4.864203999999999724e+03 1.040135999999999967e+03 1.365452999999999975e+02
2.796974000000000233e+05 1.766232999999999884e+05 1.027881000000000058e+05 6.822102999999999884e+04 6.384952999999999884e+04 1.684550999999999840e+04 8.857373999999999796e+03 2.945125000000000000e+03 7.444571999999999434e+02 9.091582999999999970e+01
1.285768999999999942e+05 7.920322000000000116e+04 4.729313999999999942e+04 3.192258000000000175e+04 1.684550999999999840e+04 1.834806000000000131e+04 3.639487000000000080e+03 1.350708000000000084e+03 3.355620999999999867e+02 2.607396999999999920e+01
5.751665000000000146e+04 3.757769999999999709e+04 2.420772000000000116e+04 1.543138999999999942e+04 8.857373999999999796e+03 3.639487000000000080e+03 5.053228000000000065e+03 5.919859999999999900e+02 1.778863000000000056e+02 3.449499999999999744e+01
1.931434000000000015e+04 1.208613999999999942e+04 7.547246000000000095e+03 4.864203999999999724e+03 2.945125000000000000e+03 1.350708000000000084e+03 5.919859999999999900e+02 1.206433999999999969e+03 9.560196999999999434e+01 1.556329000000000029e+01
5.432283000000000357e+03 3.865902999999999793e+03 2.421449000000000069e+03 1.040135999999999967e+03 7.444571999999999434e+02 3.355620999999999867e+02 1.778863000000000056e+02 9.560196999999999434e+01 1.681397000000000048e+02 2.120849999999999902e+00
4.482166000000000281e+02 3.145095000000000027e+02 1.090366000000000071e+02 1.365452999999999975e+02 9.091582999999999970e+01 2.607396999999999920e+01 3.449499999999999744e+01 1.556329000000000029e+01 2.120849999999999902e+00 1.546973000000000020e+01
