1.566525000000000000e+06 8.538540999999999767e+05 5.632424000000000233e+05 3.094395999999999767e+05 1.739706000000000058e+05 8.152047000000000116e+04 3.606463999999999942e+04 1.080457999999999993e+04 4.324001000000000204e+03 4.001231999999999971e+02
8.538540999999999767e+05 6.934220000000000000e+05 3.648010999999999767e+05 1.959392999999999884e+05 1.126446999999999971e+05 5.143391000000000349e+04 2.519036000000000058e+04 7.911600999999999658e+03 3.203579999999999927e+03 2.236561000000000092e+02
5.632424000000000233e+05 3.648010999999999767e+05 3.136550999999999767e+05 1.279313999999999942e+05 7.568808999999999651e+04 3.559484999999999854e+04 1.599797999999999956e+04 4.583900999999999840e+03 2.051262999999999920e+03 1.311808000000000050e+02
3.094395999999999767e+05 1.959392999999999884e+05 1.279313999999999942e+05 1.119001000000000058e+05 4.228459999999999854e+04 2.050327999999999884e+04 9.537237999999999374e+03 2.867648000000000138e+03 1.119553000000000111e+03 4.930975000000000108e+01
1.739706000000000058e+05 1.126446999999999971e+05 7.568808999999999651e+04 4.228459999999999854e+04 4.158705000000000291e+04 1.224229000000000087e+04 5.417469000000000051e+03 1.903068999999999960e+03 6.131244000000000369e+02 1.615587999999999980e+01
8.152047000000000116e+04 5.143391000000000349e+04 3.559484999999999854e+04 2.050327999999999884e+04 1.224229000000000087e+04 1.290476000000000022e+04 2.499612000000000080e+03 9.043298999999999523e+02 3.046440999999999804e+02 7.619464000000000681e+01
3.606463999999999942e+04 2.519036000000000058e+04 1.599797999999999956e+04 9.537237999999999374e+03 5.417469000000000051e+03 2.499612000000000080e+03 3.758074999999999818e+03 3.901933999999999969e+02 1.581163999999999987e+02 2.276793999999999940e+01
1.080457999999999993e+04 7.911600999999999658e+03 4.583900999999999840e+03 2.867648000000000138e+03 1.903068999999999960e+03 9.043298999999999523e+02 3.901933999999999969e+02 8.584742999999999711e+02 1.757302999999999926e+01 9.200744999999999507e+00
4.324001000000000204e+03 3.203579999999999927e+03 2.051262999999999920e+03 1.119553000000000111e+03 6.131244000000000369e+02 3.046440999999999804e+02 1.581163999999999987e+02 1.757302999999999926e+01 1.715997000000000128e+02 7.454163000000000316e+00
4.001231999999999971e+02 2.236561000000000092e+02 1.311808000000000050e+02 4.930975000000000108e+01 1.615587999999999980e+01 7.619464000000000681e+01 2.276793999999999940e+01 9.200744999999999507e+00 7.454163000000000316e+00 1.746582000000000079e+01
