2.904364000000000000e+06 1.524292000000000000e+06 9.848604000000000233e+05 6.166515999999999767e+05 3.413257000000000116e+05 1.791517999999999884e+05 8.676699000000000524e+04 2.890574000000000160e+04 1.130063999999999942e+04 1.379144999999999982e+03
1.524292000000000000e+06 1.111264000000000000e+06 5.905348000000000466e+05 3.732595999999999767e+05 2.031550000000000000e+05 1.120676000000000058e+05 4.948329000000000087e+04 1.803268999999999869e+04 7.278182999999999993e+03 7.555058999999999969e+02
9.848604000000000233e+05 5.905348000000000466e+05 4.941262999999999884e+05 2.433117999999999884e+05 1.380076000000000058e+05 6.813588000000000466e+04 3.290916999999999825e+04 1.139670000000000073e+04 4.586738999999999578e+03 7.128082000000000562e+02
6.166515999999999767e+05 3.732595999999999767e+05 2.433117999999999884e+05 2.106558999999999942e+05 8.222627999999999884e+04 4.410206999999999971e+04 2.160102000000000044e+04 8.121516999999999825e+03 2.433297000000000025e+03 3.197024999999999864e+02
3.413257000000000116e+05 2.031550000000000000e+05 1.380076000000000058e+05 8.222627999999999884e+04 7.738405999999999767e+04 2.473924000000000160e+04 1.218737000000000080e+04 4.457184000000000196e+03 1.567776000000000067e+03 2.476403999999999996e+02
1.791517999999999884e+05 1.120676000000000058e+05 6.813588000000000466e+04 4.410206999999999971e+04 2.473924000000000160e+04 2.622763000000000102e+04 6.924849000000000160e+03 2.378405999999999949e+03 8.494178000000000566e+02 1.004518999999999949e+02
8.676699000000000524e+04 4.948329000000000087e+04 3.290916999999999825e+04 2.160102000000000044e+04 1.218737000000000080e+04 6.924849000000000160e+03 7.726595999999999549e+03 1.250655999999999949e+03 4.520586999999999875e+02 7.972678999999999405e+01
2.890574000000000160e+04 1.803268999999999869e+04 1.139670000000000073e+04 8.121516999999999825e+03 4.457184000000000196e+03 2.378405999999999949e+03 1.250655999999999949e+03 1.856412000000000035e+03 1.758764999999999930e+02 7.820632999999999946e+00
1.130063999999999942e+04 7.278182999999999993e+03 4.586738999999999578e+03 2.433297000000000025e+03 1.567776000000000067e+03 8.494178000000000566e+02 4.520586999999999875e+02 1.758764999999999930e+02 3.157706999999999766e+02 1.694341000000000008e+01
1.379144999999999982e+03 7.555058999999999969e+02 7.128082000000000562e+02 3.197024999999999864e+02 2.476403999999999996e+02 1.004518999999999949e+02 7.972678999999999405e+01 7.820632999999999946e+00 1.694341000000000008e+01 3.739556999999999931e+01
