8.954544000000000233e+05 5.078572000000000116e+05 2.870944000000000233e+05 1.687535000000000000e+05 9.604910000000000582e+04 4.732518000000000029e+04 1.456188999999999942e+04 7.356260000000000218e+03 1.833676999999999907e+03 3.526926000000000272e+02
5.078572000000000116e+05 4.656700999999999767e+05 2.059907999999999884e+05 1.160878000000000029e+05 6.400581999999999971e+04 3.334358000000000175e+04 1.014631999999999971e+04 4.867670000000000073e+03 1.213144999999999982e+03 2.726637000000000057e+02
2.870944000000000233e+05 2.059907999999999884e+05 1.586223999999999942e+05 6.651207000000000698e+04 3.465459999999999854e+04 1.904708000000000175e+04 6.222521999999999935e+03 2.844987000000000080e+03 7.029797999999999547e+02 2.008471999999999866e+02
1.687535000000000000e+05 1.160878000000000029e+05 6.651207000000000698e+04 6.663632000000000698e+04 2.187225999999999840e+04 1.082960000000000036e+04 3.574396000000000186e+03 1.852031999999999925e+03 5.342201999999999771e+02 5.627268999999999721e+01
9.604910000000000582e+04 6.400581999999999971e+04 3.465459999999999854e+04 2.187225999999999840e+04 2.430331000000000131e+04 6.137287000000000262e+03 1.855337999999999965e+03 1.065103000000000065e+03 2.896519000000000119e+02 -1.436251999999999995e+01
4.732518000000000029e+04 3.334358000000000175e+04 1.904708000000000175e+04 1.082960000000000036e+04 6.137287000000000262e+03 7.867382999999999811e+03 1.000958999999999946e+03 4.643335000000000150e+02 1.255785000000000053e+02 3.440728000000000009e+01
1.456188999999999942e+04 1.014631999999999971e+04 6.222521999999999935e+03 3.574396000000000186e+03 1.855337999999999965e+03 1.000958999999999946e+03 2.240045999999999822e+03 2.344629999999999939e+02 5.438575999999999766e+01 -2.623772000000000215e+00
7.356260000000000218e+03 4.867670000000000073e+03 2.844987000000000080e+03 1.852031999999999925e+03 1.065103000000000065e+03 4.643335000000000150e+02 2.344629999999999939e+02 6.322314999999999827e+02 1.252237000000000045e+01 4.514603000000000144e+00
1.833676999999999907e+03 1.213144999999999982e+03 7.029797999999999547e+02 5.342201999999999771e+02 2.896519000000000119e+02 1.255785000000000053e+02 5.438575999999999766e+01 1.252237000000000045e+01 1.238123999999999967e+02 -1.345023999999999997e+00
3.526926000000000272e+02 2.726637000000000057e+02 2.008471999999999866e+02 5.627268999999999721e+01 -1.436251999999999995e+01 3.440728000000000009e+01 -2.623772000000000215e+00 4.514603000000000144e+00 -1.345023999999999997e+00 2.009934000000000154e+01
