2.990715000000000000e+06 1.646702000000000000e+06 9.827565000000000000e+05 5.256310999999999767e+05 2.986440000000000000e+05 1.289645000000000000e+05 4.035616000000000349e+04 1.063187000000000080e+04 1.086759999999999991e+03 -2.149503999999999948e+01
1.646702000000000000e+06 1.222432000000000000e+06 5.999900999999999767e+05 3.335020999999999767e+05 1.902687000000000116e+05 8.197638999999999942e+04 2.521565999999999985e+04 6.923069000000000415e+03 3.171372000000000071e+02 -7.925895999999999830e+00
9.827565000000000000e+05 5.999900999999999767e+05 4.714475000000000000e+05 2.022483999999999942e+05 1.111415000000000000e+05 5.129086000000000058e+04 1.418793000000000029e+04 3.906523000000000138e+03 4.957993000000000166e+02 -1.301553999999999967e+01
5.256310999999999767e+05 3.335020999999999767e+05 2.022483999999999942e+05 1.658243999999999942e+05 6.256656999999999971e+04 2.700095999999999913e+04 8.562077999999999520e+03 2.318233000000000175e+03 1.250482999999999976e+02 3.394333999999999918e+01
2.986440000000000000e+05 1.902687000000000116e+05 1.111415000000000000e+05 6.256656999999999971e+04 5.603134999999999854e+04 1.517773999999999978e+04 4.943359000000000378e+03 1.309682999999999993e+03 1.246974000000000018e+02 -1.998043000000000013e+00
1.289645000000000000e+05 8.197638999999999942e+04 5.129086000000000058e+04 2.700095999999999913e+04 1.517773999999999978e+04 1.440394000000000051e+04 2.114391999999999825e+03 5.325866999999999507e+02 1.049782000000000011e+02 -1.557498999999999967e+00
4.035616000000000349e+04 2.521565999999999985e+04 1.418793000000000029e+04 8.562077999999999520e+03 4.943359000000000378e+03 2.114391999999999825e+03 2.763027999999999793e+03 1.225764999999999958e+02 1.496679999999999922e+01 1.031185000000000018e+00
1.063187000000000080e+04 6.923069000000000415e+03 3.906523000000000138e+03 2.318233000000000175e+03 1.309682999999999993e+03 5.325866999999999507e+02 1.225764999999999958e+02 4.481152000000000157e+02 -2.612076000000000064e+00 2.456131000000000009e-01
1.086759999999999991e+03 3.171372000000000071e+02 4.957993000000000166e+02 1.250482999999999976e+02 1.246974000000000018e+02 1.049782000000000011e+02 1.496679999999999922e+01 -2.612076000000000064e+00 3.018311999999999884e+01 -5.847930999999999963e-02
-2.149503999999999948e+01 -7.925895999999999830e+00 -1.301553999999999967e+01 3.394333999999999918e+01 -1.998043000000000013e+00 -1.557498999999999967e+00 1.031185000000000018e+00 2.456131000000000009e-01 -5.847930999999999963e-02 9.960976000000000274e-01
