1.133669000000000000e+06 6.182221999999999534e+05 3.717045999999999767e+05 2.259231000000000058e+05 1.156098000000000029e+05 5.931715000000000146e+04 2.365088000000000102e+04 6.898157000000000153e+03 2.096195000000000164e+03 2.374728000000000065e+02
6.182221999999999534e+05 5.394899000000000233e+05 2.585720000000000000e+05 1.507201000000000058e+05 7.926244000000000233e+04 4.054345999999999913e+04 1.556764999999999964e+04 4.904854999999999563e+03 1.529094000000000051e+03 1.888491999999999962e+02
3.717045999999999767e+05 2.585720000000000000e+05 2.075857999999999884e+05 8.784310000000000582e+04 4.625298999999999796e+04 2.342515999999999985e+04 9.685546000000000276e+03 3.216704999999999927e+03 8.712948999999999842e+02 2.195703000000000031e+02
2.259231000000000058e+05 1.507201000000000058e+05 8.784310000000000582e+04 8.466455999999999767e+04 2.753431000000000131e+04 1.379764999999999964e+04 5.642961000000000240e+03 1.816461000000000013e+03 5.394989000000000487e+02 1.003973000000000013e+02
1.156098000000000029e+05 7.926244000000000233e+04 4.625298999999999796e+04 2.753431000000000131e+04 2.963725000000000000e+04 7.602859999999999673e+03 2.925617000000000189e+03 9.964172999999999547e+02 2.360732000000000141e+02 4.785947000000000173e+01
5.931715000000000146e+04 4.054345999999999913e+04 2.342515999999999985e+04 1.379764999999999964e+04 7.602859999999999673e+03 9.389555000000000291e+03 1.505355000000000018e+03 5.820641000000000531e+02 1.544088000000000136e+02 6.705626999999999782e+00
2.365088000000000102e+04 1.556764999999999964e+04 9.685546000000000276e+03 5.642961000000000240e+03 2.925617000000000189e+03 1.505355000000000018e+03 2.673702999999999975e+03 2.931684999999999945e+02 1.256019000000000005e+02 -6.783599999999999852e+00
6.898157000000000153e+03 4.904854999999999563e+03 3.216704999999999927e+03 1.816461000000000013e+03 9.964172999999999547e+02 5.820641000000000531e+02 2.931684999999999945e+02 6.137676000000000158e+02 1.136838000000000015e+01 8.109131000000000533e-01
2.096195000000000164e+03 1.529094000000000051e+03 8.712948999999999842e+02 5.394989000000000487e+02 2.360732000000000141e+02 1.544088000000000136e+02 1.256019000000000005e+02 1.136838000000000015e+01 1.221282000000000068e+02 -1.559447999999999945e-01
2.374728000000000065e+02 1.888491999999999962e+02 2.195703000000000031e+02 1.003973000000000013e+02 4.785947000000000173e+01 6.705626999999999782e+00 -6.783599999999999852e+00 8.109131000000000533e-01 -1.559447999999999945e-01 2.283032000000000039e+01
