1.409561000000000000e+06 7.758219000000000233e+05 4.679137999999999884e+05 2.798757999999999884e+05 1.503482999999999884e+05 7.240767999999999302e+04 2.780152999999999884e+04 7.643417000000000371e+03 2.055570999999999913e+03 2.522874999999999943e+02
7.758219000000000233e+05 6.640540999999999767e+05 3.150242999999999884e+05 1.962872000000000116e+05 9.736050000000000000e+04 5.077725000000000000e+04 2.048934999999999854e+04 5.236307999999999993e+03 1.393880000000000109e+03 3.269948999999999728e+02
4.679137999999999884e+05 3.150242999999999884e+05 2.596475000000000000e+05 1.131323999999999942e+05 6.089566999999999825e+04 2.773238999999999942e+04 1.027203000000000065e+04 3.491144999999999982e+03 7.953438999999999623e+02 2.571354999999999791e+02
2.798757999999999884e+05 1.962872000000000116e+05 1.131323999999999942e+05 1.004095000000000000e+05 3.562212999999999738e+04 1.656150000000000000e+04 6.617802999999999884e+03 2.132054000000000087e+03 6.062763999999999669e+02 1.051205000000000069e+02
1.503482999999999884e+05 9.736050000000000000e+04 6.089566999999999825e+04 3.562212999999999738e+04 3.577150000000000000e+04 9.707129000000000815e+03 3.592282999999999902e+03 1.094981999999999971e+03 2.989461999999999762e+02 1.955547999999999931e+01
7.240767999999999302e+04 5.077725000000000000e+04 2.773238999999999942e+04 1.656150000000000000e+04 9.707129000000000815e+03 1.068979999999999927e+04 1.783931000000000040e+03 5.803330999999999449e+02 2.140732999999999890e+02 9.707565000000000666e+00
2.780152999999999884e+04 2.048934999999999854e+04 1.027203000000000065e+04 6.617802999999999884e+03 3.592282999999999902e+03 1.783931000000000040e+03 2.917407999999999902e+03 2.902289000000000101e+02 5.403097999999999956e+01 9.516533000000000797e+00
7.643417000000000371e+03 5.236307999999999993e+03 3.491144999999999982e+03 2.132054000000000087e+03 1.094981999999999971e+03 5.803330999999999449e+02 2.902289000000000101e+02 6.788902000000000498e+02 2.424942000000000153e+00 1.536057000000000006e+00
2.055570999999999913e+03 1.393880000000000109e+03 7.953438999999999623e+02 6.062763999999999669e+02 2.989461999999999762e+02 2.140732999999999890e+02 5.403097999999999956e+01 2.424942000000000153e+00 1.108592000000000013e+02 4.033122999999999791e+00
2.522874999999999943e+02 3.269948999999999728e+02 2.571354999999999791e+02 1.051205000000000069e+02 1.955547999999999931e+01 9.707565000000000666e+00 9.516533000000000797e+00 1.536057000000000006e+00 4.033122999999999791e+00 1.453210999999999942e+01
