2.507518000000000000e+06 1.367149000000000000e+06 8.274710999999999767e+05 4.710792999999999884e+05 2.586760000000000000e+05 1.202093999999999942e+05 3.823905999999999767e+04 1.192098999999999978e+04 2.321831000000000131e+03 2.628956999999999766e+02
1.367149000000000000e+06 1.047686000000000000e+06 5.335751999999999534e+05 3.030784000000000233e+05 1.690758999999999942e+05 7.650883000000000175e+04 2.426318000000000029e+04 7.317777000000000044e+03 1.420595000000000027e+03 1.416641999999999939e+02
8.274710999999999767e+05 5.335751999999999534e+05 4.211715000000000000e+05 1.904182999999999884e+05 1.003756000000000058e+05 4.923218000000000029e+04 1.606612999999999920e+04 4.438579999999999927e+03 1.040463999999999942e+03 7.848703000000000429e+01
4.710792999999999884e+05 3.030784000000000233e+05 1.904182999999999884e+05 1.576753999999999942e+05 5.893701000000000204e+04 2.675888999999999942e+04 8.686773999999999432e+03 2.759521999999999935e+03 5.144932000000000016e+02 8.587881000000000142e+01
2.586760000000000000e+05 1.690758999999999942e+05 1.003756000000000058e+05 5.893701000000000204e+04 5.567326999999999680e+04 1.596268000000000029e+04 5.109743000000000393e+03 1.591244999999999891e+03 2.230635000000000048e+02 4.389847000000000321e+01
1.202093999999999942e+05 7.650883000000000175e+04 4.923218000000000029e+04 2.675888999999999942e+04 1.596268000000000029e+04 1.487152000000000044e+04 2.255454999999999927e+03 7.154942999999999529e+02 1.825177999999999940e+02 2.581277000000000044e+01
3.823905999999999767e+04 2.426318000000000029e+04 1.606612999999999920e+04 8.686773999999999432e+03 5.109743000000000393e+03 2.255454999999999927e+03 3.281186000000000149e+03 2.252427999999999884e+02 2.258080999999999960e+01 1.156720999999999933e+01
1.192098999999999978e+04 7.317777000000000044e+03 4.438579999999999927e+03 2.759521999999999935e+03 1.591244999999999891e+03 7.154942999999999529e+02 2.252427999999999884e+02 5.806684000000000196e+02 6.237792999999999921e+00 -8.810883000000000465e-01
2.321831000000000131e+03 1.420595000000000027e+03 1.040463999999999942e+03 5.144932000000000016e+02 2.230635000000000048e+02 1.825177999999999940e+02 2.258080999999999960e+01 6.237792999999999921e+00 6.387500000000000000e+01 -7.485351999999999562e-01
2.628956999999999766e+02 1.416641999999999939e+02 7.848703000000000429e+01 8.587881000000000142e+01 4.389847000000000321e+01 2.581277000000000044e+01 1.156720999999999933e+01 -8.810883000000000465e-01 -7.485351999999999562e-01 5.918105999999999867e+00
