6.451154999999999745e+03 1.026602000000000089e+03 6.177598000000000411e+02 5.372767000000000053e+02 1.080014999999999930e+02 1.571143999999999892e+02 6.621612000000000364e+01 -8.567218999999999696e+00 -4.356709000000000387e+00 8.422969999999999402e+00
1.026602000000000089e+03 3.286442000000000007e+03 2.547827000000000055e+02 2.156248999999999967e+02 9.776766000000000645e+01 1.079917999999999978e+02 3.619283999999999679e+01 1.306037999999999921e-01 4.153979999999999784e+00 7.405429999999999957e+00
6.177598000000000411e+02 2.547827000000000055e+02 1.510544000000000096e+03 1.220112000000000023e+02 8.673650999999999556e+01 8.732910000000000394e+00 2.398431000000000068e+01 5.146179000000000059e+00 -3.337219000000000158e+00 1.528259000000000034e+00
5.372767000000000053e+02 2.156248999999999967e+02 1.220112000000000023e+02 8.991154999999999973e+02 4.090433000000000163e+01 2.108373999999999882e+01 1.264713000000000065e+01 -5.130584999999999951e+00 -6.877167000000000030e+00 6.908356000000000385e+00
1.080014999999999930e+02 9.776766000000000645e+01 8.673650999999999556e+01 4.090433000000000163e+01 3.924956000000000245e+02 3.259246999999999783e+00 2.611101000000000028e+01 -1.124751999999999974e+00 5.518496999999999986e+00 4.434681000000000317e+00
1.571143999999999892e+02 1.079917999999999978e+02 8.732910000000000394e+00 2.108373999999999882e+01 3.259246999999999783e+00 1.445920000000000130e+02 2.573090000000000099e+00 -6.081847999999999699e-01 2.136444000000000010e+00 3.321625000000000050e+00
6.621612000000000364e+01 3.619283999999999679e+01 2.398431000000000068e+01 1.264713000000000065e+01 2.611101000000000028e+01 2.573090000000000099e+00 9.933490000000000464e+01 5.947345999999999577e+00 -2.592582999999999971e-01 4.346961999999999771e-01
-8.567218999999999696e+00 1.306037999999999921e-01 5.146179000000000059e+00 -5.130584999999999951e+00 -1.124751999999999974e+00 -6.081847999999999699e-01 5.947345999999999577e+00 2.730398999999999887e+01 2.631569000000000269e-01 -5.087699999999999445e-01
-4.356709000000000387e+00 4.153979999999999784e+00 -3.337219000000000158e+00 -6.877167000000000030e+00 5.518496999999999986e+00 2.136444000000000010e+00 -2.592582999999999971e-01 2.631569000000000269e-01 1.264517999999999986e+01 -2.280693000000000026e-01
8.422969999999999402e+00 7.405429999999999957e+00 1.528259000000000034e+00 6.908356000000000385e+00 4.434681000000000317e+00 3.321625000000000050e+00 4.346961999999999771e-01 -5.087699999999999445e-01 -2.280693000000000026e-01 8.824528000000000816e+00
