1.028628999999999942e+05 4.217412000000000262e+04 2.271538000000000102e+04 1.107957999999999993e+04 8.825191000000000713e+03 3.503260999999999967e+03 2.070168000000000120e+03 9.365656000000000176e+02 2.601628000000000043e+02 1.395237999999999943e+02
4.217412000000000262e+04 4.819545999999999913e+04 1.612079999999999927e+04 7.508783999999999651e+03 5.235050000000000182e+03 3.102168999999999869e+03 1.338528999999999996e+03 4.817740000000000009e+02 1.187948999999999984e+02 3.461585000000000178e+01
2.271538000000000102e+04 1.612079999999999927e+04 2.171849000000000160e+04 4.951820999999999913e+03 3.207789000000000215e+03 1.782063000000000102e+03 8.551545999999999594e+02 2.559716999999999985e+02 1.190249000000000024e+02 4.036632000000000176e+01
1.107957999999999993e+04 7.508783999999999651e+03 4.951820999999999913e+03 9.701746999999999389e+03 1.427107999999999947e+03 1.009697999999999979e+03 4.598578999999999724e+02 2.083831999999999880e+02 8.245193000000000438e+01 1.130990000000000073e+01
8.825191000000000713e+03 5.235050000000000182e+03 3.207789000000000215e+03 1.427107999999999947e+03 4.278313000000000102e+03 5.659607999999999493e+02 3.432891000000000190e+02 9.853959000000000401e+01 6.617907999999999902e+01 2.067438999999999893e+01
3.503260999999999967e+03 3.102168999999999869e+03 1.782063000000000102e+03 1.009697999999999979e+03 5.659607999999999493e+02 1.704085000000000036e+03 1.982292999999999950e+02 9.574038000000000181e+01 1.230015000000000036e+01 1.052628000000000036e-01
2.070168000000000120e+03 1.338528999999999996e+03 8.551545999999999594e+02 4.598578999999999724e+02 3.432891000000000190e+02 1.982292999999999950e+02 5.571285000000000309e+02 3.483028000000000191e+01 9.652984999999999260e+00 -1.200774999999999926e+00
9.365656000000000176e+02 4.817740000000000009e+02 2.559716999999999985e+02 2.083831999999999880e+02 9.853959000000000401e+01 9.574038000000000181e+01 3.483028000000000191e+01 1.912800000000000011e+02 6.888862999999999737e+00 3.551642999999999883e+00
2.601628000000000043e+02 1.187948999999999984e+02 1.190249000000000024e+02 8.245193000000000438e+01 6.617907999999999902e+01 1.230015000000000036e+01 9.652984999999999260e+00 6.888862999999999737e+00 7.035451000000000477e+01 2.300186000000000064e+00
1.395237999999999943e+02 3.461585000000000178e+01 4.036632000000000176e+01 1.130990000000000073e+01 2.067438999999999893e+01 1.052628000000000036e-01 -1.200774999999999926e+00 3.551642999999999883e+00 2.300186000000000064e+00 1.359059000000000061e+01
