1.613000000000000000e+06 8.857213000000000466e+05 5.138537000000000116e+05 2.842627999999999884e+05 1.411895000000000000e+05 6.632241999999999825e+04 2.258895999999999913e+04 6.031547999999999774e+03 3.348759000000000015e+02 2.736832000000000154e+00
8.857213000000000466e+05 6.739730000000000000e+05 3.312995000000000000e+05 1.897402999999999884e+05 9.324732000000000698e+04 4.401026000000000204e+04 1.486963999999999942e+04 3.847775000000000091e+03 4.766609000000000265e+02 5.964889999999999581e+00
5.138537000000000116e+05 3.312995000000000000e+05 2.624855000000000000e+05 1.148620000000000000e+05 5.540355999999999767e+04 2.570411000000000058e+04 8.590399999999999636e+03 2.082947000000000116e+03 3.482871999999999844e+02 1.635080999999999918e+01
2.842627999999999884e+05 1.897402999999999884e+05 1.148620000000000000e+05 9.265522000000000116e+04 3.120165000000000146e+04 1.418954000000000087e+04 4.812680999999999585e+03 1.151174999999999955e+03 1.950480000000000018e+02 1.196292000000000044e+01
1.411895000000000000e+05 9.324732000000000698e+04 5.540355999999999767e+04 3.120165000000000146e+04 2.754877000000000044e+04 7.493823000000000320e+03 2.616204000000000178e+03 7.784570999999999685e+02 1.031574999999999989e+02 1.132549000000000028e+01
6.632241999999999825e+04 4.401026000000000204e+04 2.570411000000000058e+04 1.418954000000000087e+04 7.493823000000000320e+03 7.789567000000000007e+03 1.185338999999999942e+03 3.430962000000000103e+02 5.486919000000000324e+01 2.532153999999999794e+00
2.258895999999999913e+04 1.486963999999999942e+04 8.590399999999999636e+03 4.812680999999999585e+03 2.616204000000000178e+03 1.185338999999999942e+03 1.779890000000000100e+03 1.487225999999999999e+02 1.961006000000000071e+01 -4.424933999999999812e-01
6.031547999999999774e+03 3.847775000000000091e+03 2.082947000000000116e+03 1.151174999999999955e+03 7.784570999999999685e+02 3.430962000000000103e+02 1.487225999999999999e+02 3.578290000000000077e+02 7.945388999999999591e+00 -1.019489000000000090e+00
3.348759000000000015e+02 4.766609000000000265e+02 3.482871999999999844e+02 1.950480000000000018e+02 1.031574999999999989e+02 5.486919000000000324e+01 1.961006000000000071e+01 7.945388999999999591e+00 5.461187999999999931e+01 1.692001000000000088e+00
2.736832000000000154e+00 5.964889999999999581e+00 1.635080999999999918e+01 1.196292000000000044e+01 1.132549000000000028e+01 2.532153999999999794e+00 -4.424933999999999812e-01 -1.019489000000000090e+00 1.692001000000000088e+00 2.976596999999999937e+00
