2.364517000000000000e+06 1.356168000000000000e+06 7.998655000000000000e+05 4.801765999999999767e+05 2.751262000000000116e+05 1.285166999999999971e+05 6.478851999999999680e+04 1.859493000000000029e+04 5.443284999999999854e+03 4.009030000000000200e+02
1.356168000000000000e+06 1.060105000000000000e+06 5.358006999999999534e+05 3.246795000000000000e+05 1.842873999999999942e+05 8.658486999999999534e+04 4.344569999999999709e+04 1.330354000000000087e+04 3.887548999999999978e+03 2.697533999999999992e+02
7.998655000000000000e+05 5.358006999999999534e+05 4.082594000000000233e+05 2.001957000000000116e+05 1.142586000000000058e+05 5.246026000000000204e+04 2.581824000000000160e+04 7.292707000000000335e+03 2.185021000000000186e+03 1.570364000000000004e+01
4.801765999999999767e+05 3.246795000000000000e+05 2.001957000000000116e+05 1.678520000000000000e+05 6.931760000000000582e+04 3.103133000000000175e+04 1.563812000000000080e+04 4.436641999999999825e+03 1.391432999999999993e+03 4.419476000000000226e+01
2.751262000000000116e+05 1.842873999999999942e+05 1.142586000000000058e+05 6.931760000000000582e+04 6.182052999999999884e+04 1.916956999999999971e+04 9.098210999999999331e+03 2.530557999999999993e+03 8.004804000000000315e+02 1.252393000000000001e+02
1.285166999999999971e+05 8.658486999999999534e+04 5.246026000000000204e+04 3.103133000000000175e+04 1.916956999999999971e+04 1.744568999999999869e+04 4.478470000000000255e+03 1.214394999999999982e+03 4.747740000000000009e+02 1.323972000000000016e+01
6.478851999999999680e+04 4.344569999999999709e+04 2.581824000000000160e+04 1.563812000000000080e+04 9.098210999999999331e+03 4.478470000000000255e+03 5.092908000000000357e+03 6.310619000000000369e+02 2.321707000000000107e+02 3.006616000000000000e+01
1.859493000000000029e+04 1.330354000000000087e+04 7.292707000000000335e+03 4.436641999999999825e+03 2.530557999999999993e+03 1.214394999999999982e+03 6.310619000000000369e+02 1.096788999999999987e+03 9.670139000000000351e+01 5.192962999999999774e+00
5.443284999999999854e+03 3.887548999999999978e+03 2.185021000000000186e+03 1.391432999999999993e+03 8.004804000000000315e+02 4.747740000000000009e+02 2.321707000000000107e+02 9.670139000000000351e+01 1.795236999999999910e+02 3.742675999999999781e-01
4.009030000000000200e+02 2.697533999999999992e+02 1.570364000000000004e+01 4.419476000000000226e+01 1.252393000000000001e+02 1.323972000000000016e+01 3.006616000000000000e+01 5.192962999999999774e+00 3.742675999999999781e-01 2.682251000000000118e+01
