2.992776000000000000e+06 1.666434000000000000e+06 9.947506999999999534e+05 6.340665999999999767e+05 3.598767999999999884e+05 1.881511000000000058e+05 8.294194999999999709e+04 3.414905999999999767e+04 7.640765999999999622e+03 3.323691000000000031e+02
1.666434000000000000e+06 1.248642000000000000e+06 6.439968000000000466e+05 4.121852000000000116e+05 2.387576000000000058e+05 1.189718000000000029e+05 5.168233999999999651e+04 2.057188000000000102e+04 4.802819999999999709e+03 3.945599000000000274e+02
9.947506999999999534e+05 6.439968000000000466e+05 4.973050000000000000e+05 2.474150000000000000e+05 1.425668999999999942e+05 7.179424000000000524e+04 3.174108000000000175e+04 1.263967000000000007e+04 2.962389999999999873e+03 2.231337000000000046e+02
6.340665999999999767e+05 4.121852000000000116e+05 2.474150000000000000e+05 2.130302000000000116e+05 9.156483999999999651e+04 4.851623000000000320e+04 2.106238999999999942e+04 8.196131999999999607e+03 1.908422000000000025e+03 6.281067999999999785e+01
3.598767999999999884e+05 2.387576000000000058e+05 1.425668999999999942e+05 9.156483999999999651e+04 8.069164999999999418e+04 2.710206999999999971e+04 1.221155999999999949e+04 4.327873999999999796e+03 7.508431000000000495e+02 1.321086999999999989e+02
1.881511000000000058e+05 1.189718000000000029e+05 7.179424000000000524e+04 4.851623000000000320e+04 2.710206999999999971e+04 2.673986000000000058e+04 6.319604000000000269e+03 2.529284999999999854e+03 5.878808000000000220e+02 2.084591999999999956e+01
8.294194999999999709e+04 5.168233999999999651e+04 3.174108000000000175e+04 2.106238999999999942e+04 1.221155999999999949e+04 6.319604000000000269e+03 7.165350999999999658e+03 9.830918000000000347e+02 3.338154999999999859e+02 4.109535999999999945e+01
3.414905999999999767e+04 2.057188000000000102e+04 1.263967000000000007e+04 8.196131999999999607e+03 4.327873999999999796e+03 2.529284999999999854e+03 9.830918000000000347e+02 1.688570999999999913e+03 1.479603999999999928e+02 1.656134000000000128e+01
7.640765999999999622e+03 4.802819999999999709e+03 2.962389999999999873e+03 1.908422000000000025e+03 7.508431000000000495e+02 5.878808000000000220e+02 3.338154999999999859e+02 1.479603999999999928e+02 2.669775000000000205e+02 1.808959999999999901e+00
3.323691000000000031e+02 3.945599000000000274e+02 2.231337000000000046e+02 6.281067999999999785e+01 1.321086999999999989e+02 2.084591999999999956e+01 4.109535999999999945e+01 1.656134000000000128e+01 1.808959999999999901e+00 2.862367000000000061e+01
