3.130302000000000000e+06 1.790596000000000000e+06 1.096365000000000000e+06 6.779065999999999767e+05 4.143597000000000116e+05 2.207265000000000000e+05 9.220385000000000582e+04 4.098394999999999709e+04 1.183171999999999935e+04 1.299817999999999984e+03
1.790596000000000000e+06 1.353789000000000000e+06 7.120155000000000000e+05 4.450427999999999884e+05 2.677097999999999884e+05 1.475553999999999942e+05 5.955815000000000146e+04 2.572856000000000131e+04 8.014109999999999673e+03 1.180028999999999996e+03
1.096365000000000000e+06 7.120155000000000000e+05 5.433091999999999534e+05 2.667137999999999884e+05 1.657578999999999942e+05 8.731627999999999884e+04 3.814359999999999854e+04 1.595703000000000065e+04 4.726815999999999804e+03 7.289932999999999765e+02
6.779065999999999767e+05 4.450427999999999884e+05 2.667137999999999884e+05 2.271035000000000000e+05 1.048851999999999971e+05 5.597747000000000116e+04 2.259111000000000058e+04 1.031386000000000058e+04 2.683856999999999971e+03 2.306813999999999965e+02
4.143597000000000116e+05 2.677097999999999884e+05 1.657578999999999942e+05 1.048851999999999971e+05 9.292113000000000466e+04 3.412548000000000320e+04 1.460237000000000080e+04 6.075274999999999636e+03 1.383153000000000020e+03 2.073520000000000039e+02
2.207265000000000000e+05 1.475553999999999942e+05 8.731627999999999884e+04 5.597747000000000116e+04 3.412548000000000320e+04 3.379236000000000058e+04 8.415870000000000800e+03 3.339445000000000164e+03 8.338135999999999513e+02 9.824133999999999389e+01
9.220385000000000582e+04 5.955815000000000146e+04 3.814359999999999854e+04 2.259111000000000058e+04 1.460237000000000080e+04 8.415870000000000800e+03 8.654655000000000655e+03 1.425434999999999945e+03 3.137649000000000115e+02 9.233298000000000627e+01
4.098394999999999709e+04 2.572856000000000131e+04 1.595703000000000065e+04 1.031386000000000058e+04 6.075274999999999636e+03 3.339445000000000164e+03 1.425434999999999945e+03 2.275871999999999844e+03 2.154416999999999973e+02 5.734676000000000329e+01
1.183171999999999935e+04 8.014109999999999673e+03 4.726815999999999804e+03 2.683856999999999971e+03 1.383153000000000020e+03 8.338135999999999513e+02 3.137649000000000115e+02 2.154416999999999973e+02 4.192966000000000122e+02 7.021416000000000324e+00
1.299817999999999984e+03 1.180028999999999996e+03 7.289932999999999765e+02 2.306813999999999965e+02 2.073520000000000039e+02 9.824133999999999389e+01 9.233298000000000627e+01 5.734676000000000329e+01 7.021416000000000324e+00 5.420447000000000060e+01
