3.239363000000000000e+06 1.817391000000000000e+06 1.165449000000000000e+06 6.985205999999999767e+05 4.383042000000000116e+05 2.193140000000000000e+05 1.034785000000000000e+05 4.571841000000000349e+04 1.205404000000000087e+04 2.245800000000000182e+03
1.817391000000000000e+06 1.374915000000000000e+06 7.454359000000000233e+05 4.464282000000000116e+05 2.812317000000000116e+05 1.470645000000000000e+05 6.528437000000000262e+04 2.947304000000000087e+04 8.096993999999999687e+03 1.238384999999999991e+03
1.165449000000000000e+06 7.454359000000000233e+05 5.745576999999999534e+05 2.843509000000000233e+05 1.795913999999999942e+05 9.174952999999999884e+04 4.190690000000000146e+04 1.819743999999999869e+04 4.815002999999999702e+03 1.003618000000000052e+03
6.985205999999999767e+05 4.464282000000000116e+05 2.843509000000000233e+05 2.280733999999999942e+05 1.095760000000000000e+05 5.612890000000000146e+04 2.524308000000000175e+04 1.157500000000000000e+04 2.448985000000000127e+03 4.174291999999999803e+02
4.383042000000000116e+05 2.812317000000000116e+05 1.795913999999999942e+05 1.095760000000000000e+05 9.980166000000000349e+04 3.456066000000000349e+04 1.603304999999999927e+04 6.680349000000000160e+03 1.438107999999999947e+03 3.156791000000000054e+02
2.193140000000000000e+05 1.470645000000000000e+05 9.174952999999999884e+04 5.612890000000000146e+04 3.456066000000000349e+04 3.388512000000000262e+04 9.321301999999999680e+03 4.007898999999999887e+03 7.415410000000000537e+02 2.229933000000000050e+02
1.034785000000000000e+05 6.528437000000000262e+04 4.190690000000000146e+04 2.524308000000000175e+04 1.603304999999999927e+04 9.321301999999999680e+03 9.777021000000000640e+03 1.606431000000000040e+03 3.784585999999999899e+02 7.689248999999999512e+01
4.571841000000000349e+04 2.947304000000000087e+04 1.819743999999999869e+04 1.157500000000000000e+04 6.680349000000000160e+03 4.007898999999999887e+03 1.606431000000000040e+03 2.606454000000000178e+03 2.173793000000000006e+02 7.260011000000000081e+01
1.205404000000000087e+04 8.096993999999999687e+03 4.815002999999999702e+03 2.448985000000000127e+03 1.438107999999999947e+03 7.415410000000000537e+02 3.784585999999999899e+02 2.173793000000000006e+02 4.511718000000000188e+02 4.982437000000000005e+00
2.245800000000000182e+03 1.238384999999999991e+03 1.003618000000000052e+03 4.174291999999999803e+02 3.156791000000000054e+02 2.229933000000000050e+02 7.689248999999999512e+01 7.260011000000000081e+01 4.982437000000000005e+00 5.931360999999999706e+01
