2.706338000000000000e+06 1.513684000000000000e+06 9.215001999999999534e+05 5.512395999999999767e+05 3.155697000000000116e+05 1.552102000000000116e+05 6.945450000000000000e+04 2.413334000000000015e+04 6.639125000000000000e+03 -4.619476000000000226e+01
1.513684000000000000e+06 1.174751000000000000e+06 5.960680000000000000e+05 3.605932000000000116e+05 2.062033999999999942e+05 1.015676999999999971e+05 4.562440000000000146e+04 1.357169000000000051e+04 4.739475000000000364e+03 9.419066999999999723e+01
9.215001999999999534e+05 5.960680000000000000e+05 4.596697000000000116e+05 2.298512999999999884e+05 1.257430000000000000e+05 6.397612999999999738e+04 2.839193000000000029e+04 9.985746999999999389e+03 2.370010000000000218e+03 6.422977000000000203e+01
5.512395999999999767e+05 3.605932000000000116e+05 2.298512999999999884e+05 1.867600000000000000e+05 7.942196000000000640e+04 3.868141000000000349e+04 1.733877000000000044e+04 5.719735999999999876e+03 1.499448000000000093e+03 -2.341901000000000010e+01
3.155697000000000116e+05 2.062033999999999942e+05 1.257430000000000000e+05 7.942196000000000640e+04 6.802757000000000698e+04 2.249543000000000029e+04 1.003995000000000073e+04 3.166655000000000200e+03 8.858523999999999887e+02 3.949692999999999898e+01
1.552102000000000116e+05 1.015676999999999971e+05 6.397612999999999738e+04 3.868141000000000349e+04 2.249543000000000029e+04 2.065145999999999913e+04 5.045641999999999825e+03 1.694621000000000095e+03 4.586648999999999887e+02 1.999212999999999951e+01
6.945450000000000000e+04 4.562440000000000146e+04 2.839193000000000029e+04 1.733877000000000044e+04 1.003995000000000073e+04 5.045641999999999825e+03 5.525154000000000451e+03 8.167844000000000051e+02 3.171840000000000259e+02 3.973084000000000060e+01
2.413334000000000015e+04 1.357169000000000051e+04 9.985746999999999389e+03 5.719735999999999876e+03 3.166655000000000200e+03 1.694621000000000095e+03 8.167844000000000051e+02 1.143231999999999971e+03 7.663129000000000701e+01 1.224166999999999916e+01
6.639125000000000000e+03 4.739475000000000364e+03 2.370010000000000218e+03 1.499448000000000093e+03 8.858523999999999887e+02 4.586648999999999887e+02 3.171840000000000259e+02 7.663129000000000701e+01 2.105567000000000064e+02 1.107207999999999970e+00
-4.619476000000000226e+01 9.419066999999999723e+01 6.422977000000000203e+01 -2.341901000000000010e+01 3.949692999999999898e+01 1.999212999999999951e+01 3.973084000000000060e+01 1.224166999999999916e+01 1.107207999999999970e+00 2.132545000000000002e+01
