1.543212999999999920e+04 4.030856000000000222e+03 2.821871999999999844e+03 1.471794000000000096e+03 6.374556999999999789e+02 2.967162000000000148e+02 8.415173000000000059e+01 7.581646999999999537e+01 -1.028065999999999924e+01 1.860227000000000075e+01
4.030856000000000222e+03 8.934918999999999869e+03 1.723903999999999996e+03 1.192921000000000049e+03 5.054950999999999794e+02 2.270713000000000079e+02 8.849478999999999473e+01 4.683413000000000181e+01 2.520457999999999998e+01 2.014221999999999824e+01
2.821871999999999844e+03 1.723903999999999996e+03 4.206760000000000218e+03 4.996277000000000044e+02 3.011295000000000073e+02 1.270327000000000055e+02 1.008260999999999967e+02 5.555534000000000106e+01 1.454185000000000016e+01 5.259238999999999997e+00
1.471794000000000096e+03 1.192921000000000049e+03 4.996277000000000044e+02 1.816770999999999958e+03 2.378315000000000055e+02 9.352011000000000251e+01 3.860804000000000258e+01 6.023368999999999751e+00 5.290428000000000353e+00 3.354763000000000162e+00
6.374556999999999789e+02 5.054950999999999794e+02 3.011295000000000073e+02 2.378315000000000055e+02 8.581956000000000131e+02 4.204272000000000276e+01 3.377765000000000128e+01 1.787127999999999872e+01 -1.465880999999999990e+00 1.200774999999999926e+00
2.967162000000000148e+02 2.270713000000000079e+02 1.270327000000000055e+02 9.352011000000000251e+01 4.204272000000000276e+01 3.451995000000000005e+02 1.412860000000000049e+01 1.606231999999999971e+01 4.678344999999999865e-01 -1.200774999999999926e+00
8.415173000000000059e+01 8.849478999999999473e+01 1.008260999999999967e+02 3.860804000000000258e+01 3.377765000000000128e+01 1.412860000000000049e+01 1.226895999999999987e+02 6.994125000000000369e+00 3.282639000000000085e+00 -1.306038000000000032e+00
7.581646999999999537e+01 4.683413000000000181e+01 5.555534000000000106e+01 6.023368999999999751e+00 1.787127999999999872e+01 1.606231999999999971e+01 6.994125000000000369e+00 4.446766999999999825e+01 2.518508999999999887e+00 -4.093551999999999746e-01
-1.028065999999999924e+01 2.520457999999999998e+01 1.454185000000000016e+01 5.290428000000000353e+00 -1.465880999999999990e+00 4.678344999999999865e-01 3.282639000000000085e+00 2.518508999999999887e+00 1.733326999999999884e+01 -1.754379000000000077e-01
1.860227000000000075e+01 2.014221999999999824e+01 5.259238999999999997e+00 3.354763000000000162e+00 1.200774999999999926e+00 -1.200774999999999926e+00 -1.306038000000000032e+00 -4.093551999999999746e-01 -1.754379000000000077e-01 4.941501999999999839e+00
