2.915009000000000233e+05 1.261991000000000058e+05 6.967569999999999709e+04 3.770788999999999942e+04 1.715665999999999985e+04 8.016402000000000044e+03 1.643054000000000087e+03 6.406680999999999813e+02 2.711100999999999885e+02 1.884983000000000075e+01
1.261991000000000058e+05 1.069583999999999942e+05 3.996486000000000058e+04 2.154411999999999898e+04 9.295192999999999302e+03 4.012047000000000025e+03 1.191364000000000033e+03 4.463453000000000088e+02 1.900344000000000051e+02 2.382057000000000002e+01
6.967569999999999709e+04 3.996486000000000058e+04 3.936197000000000116e+04 1.168620999999999913e+04 5.798024999999999636e+03 2.223885999999999967e+03 4.747857000000000198e+02 2.007478000000000122e+02 7.390224999999999511e+01 -7.980476000000000347e+00
3.770788999999999942e+04 2.154411999999999898e+04 1.168620999999999913e+04 1.362504999999999927e+04 3.000913000000000011e+03 1.407476000000000113e+03 4.138815000000000168e+02 1.359682999999999993e+02 7.493148999999999660e+01 7.824531999999999599e+00
1.715665999999999985e+04 9.295192999999999302e+03 5.798024999999999636e+03 3.000913000000000011e+03 4.602484999999999673e+03 5.586332999999999629e+02 1.538786000000000058e+02 5.018303999999999832e+01 2.504474000000000089e+01 3.251450000000000173e+00
8.016402000000000044e+03 4.012047000000000025e+03 2.223885999999999967e+03 1.407476000000000113e+03 5.586332999999999629e+02 1.601795000000000073e+03 4.669767999999999830e+01 2.379718000000000089e+01 9.263123000000000218e+00 -4.756316999999999906e-01
1.643054000000000087e+03 1.191364000000000033e+03 4.747857000000000198e+02 4.138815000000000168e+02 1.538786000000000058e+02 4.669767999999999830e+01 3.636555000000000177e+02 8.514587000000000572e+00 5.832335999999999743e+00 -4.288483000000000156e-01
6.406680999999999813e+02 4.463453000000000088e+02 2.007478000000000122e+02 1.359682999999999993e+02 5.018303999999999832e+01 2.379718000000000089e+01 8.514587000000000572e+00 6.973852999999999724e+01 3.617919999999999803e+00 7.173462000000000449e-01
2.711100999999999885e+02 1.900344000000000051e+02 7.390224999999999511e+01 7.493148999999999660e+01 2.504474000000000089e+01 9.263123000000000218e+00 5.832335999999999743e+00 3.617919999999999803e+00 2.283032000000000039e+01 -9.356688999999999978e-02
1.884983000000000075e+01 2.382057000000000002e+01 -7.980476000000000347e+00 7.824531999999999599e+00 3.251450000000000173e+00 -4.756316999999999906e-01 -4.288483000000000156e-01 7.173462000000000449e-01 -9.356688999999999978e-02 1.988296999999999981e+00
