1.921535000000000000e+06 1.047246000000000000e+06 6.210304000000000233e+05 3.554412999999999884e+05 1.819320000000000000e+05 8.781947999999999593e+04 3.326998000000000320e+04 8.609289000000000669e+03 1.247067000000000007e+03 -5.499004000000000048e+01
1.047246000000000000e+06 7.990145999999999767e+05 3.916124000000000233e+05 2.257107000000000116e+05 1.161866000000000058e+05 5.619473999999999796e+04 2.134663999999999942e+04 6.144944999999999709e+03 1.144365999999999985e+03 4.671522000000000219e+01
6.210304000000000233e+05 3.916124000000000233e+05 3.073185999999999767e+05 1.419913999999999942e+05 6.946805000000000291e+04 3.303083000000000175e+04 1.219346999999999935e+04 3.532847999999999956e+03 5.052690000000000055e+02 -4.787895999999999930e+01
3.554412999999999884e+05 2.257107000000000116e+05 1.419913999999999942e+05 1.104166000000000058e+05 4.225230999999999767e+04 1.872183000000000175e+04 6.919368999999999687e+03 1.717359999999999900e+03 3.623962999999999965e+02 5.545787999999999940e+00
1.819320000000000000e+05 1.161866000000000058e+05 6.946805000000000291e+04 4.225230999999999767e+04 3.557038999999999942e+04 9.921584000000000742e+03 4.066043000000000120e+03 1.058928000000000111e+03 1.467128999999999905e+02 6.088085999999999842e+01
8.781947999999999593e+04 5.619473999999999796e+04 3.303083000000000175e+04 1.872183000000000175e+04 9.921584000000000742e+03 1.088604000000000087e+04 1.632317000000000007e+03 5.980075000000000500e+02 9.347723000000000582e+01 9.354739999999999611e+00
3.326998000000000320e+04 2.134663999999999942e+04 1.219346999999999935e+04 6.919368999999999687e+03 4.066043000000000120e+03 1.632317000000000007e+03 2.472715999999999894e+03 2.213129999999999882e+02 4.382829000000000264e+01 5.313819999999999766e+00
8.609289000000000669e+03 6.144944999999999709e+03 3.532847999999999956e+03 1.717359999999999900e+03 1.058928000000000111e+03 5.980075000000000500e+02 2.213129999999999882e+02 5.127290000000000418e+02 7.847922999999999760e+00 1.830402000000000085e+00
1.247067000000000007e+03 1.144365999999999985e+03 5.052690000000000055e+02 3.623962999999999965e+02 1.467128999999999905e+02 9.347723000000000582e+01 4.382829000000000264e+01 7.847922999999999760e+00 6.536427000000000476e+01 9.746551999999999993e-02
-5.499004000000000048e+01 4.671522000000000219e+01 -4.787895999999999930e+01 5.545787999999999940e+00 6.088085999999999842e+01 9.354739999999999611e+00 5.313819999999999766e+00 1.830402000000000085e+00 9.746551999999999993e-02 8.886905999999999750e+00
