2.140253000000000000e+06 1.199526000000000000e+06 7.137174000000000233e+05 4.252399000000000233e+05 2.291537000000000116e+05 1.125911000000000058e+05 4.988709999999999854e+04 1.205737999999999920e+04 3.531739000000000033e+03 2.361356000000000108e+02
1.199526000000000000e+06 8.927059000000000233e+05 4.533270999999999767e+05 2.759214000000000233e+05 1.500695000000000000e+05 6.970508999999999651e+04 3.343380999999999767e+04 7.860850999999999658e+03 2.459545999999999822e+03 8.867023000000000366e+01
7.137174000000000233e+05 4.533270999999999767e+05 3.514715999999999767e+05 1.683718999999999942e+05 9.501202999999999884e+04 4.122569999999999709e+04 1.978547000000000116e+04 4.643604000000000269e+03 1.366486000000000104e+03 2.598819999999999908e+01
4.252399000000000233e+05 2.759214000000000233e+05 1.683718999999999942e+05 1.397940000000000000e+05 5.599187999999999738e+04 2.446824000000000160e+04 1.157486000000000058e+04 2.749630999999999858e+03 8.282970000000000255e+02 2.487319999999999975e+00
2.291537000000000116e+05 1.500695000000000000e+05 9.501202999999999884e+04 5.599187999999999738e+04 5.009956999999999971e+04 1.463704000000000087e+04 7.011250000000000000e+03 1.526233999999999924e+03 4.730294000000000096e+02 7.961373000000000388e+01
1.125911000000000058e+05 6.970508999999999651e+04 4.122569999999999709e+04 2.446824000000000160e+04 1.463704000000000087e+04 1.427006999999999971e+04 2.887161999999999807e+03 8.192093999999999596e+02 2.657923999999999864e+02 1.122802999999999995e+00
4.988709999999999854e+04 3.343380999999999767e+04 1.978547000000000116e+04 1.157486000000000058e+04 7.011250000000000000e+03 2.887161999999999807e+03 3.994509000000000015e+03 4.032869999999999777e+02 1.416895000000000095e+02 1.467051000000000016e+01
1.205737999999999920e+04 7.860850999999999658e+03 4.643604000000000269e+03 2.749630999999999858e+03 1.526233999999999924e+03 8.192093999999999596e+02 4.032869999999999777e+02 7.563460000000000036e+02 4.862165000000000248e+01 -4.791405000000000136e+00
3.531739000000000033e+03 2.459545999999999822e+03 1.366486000000000104e+03 8.282970000000000255e+02 4.730294000000000096e+02 2.657923999999999864e+02 1.416895000000000095e+02 4.862165000000000248e+01 1.222432000000000016e+02 -3.937607000000000190e-01
2.361356000000000108e+02 8.867023000000000366e+01 2.598819999999999908e+01 2.487319999999999975e+00 7.961373000000000388e+01 1.122802999999999995e+00 1.467051000000000016e+01 -4.791405000000000136e+00 -3.937607000000000190e-01 1.932936000000000121e+01
