2.534394000000000000e+06 1.335618000000000000e+06 8.768216999999999534e+05 4.969267000000000116e+05 2.881610000000000000e+05 1.426367999999999884e+05 5.962379000000000087e+04 1.653084000000000015e+04 3.827202000000000226e+03 5.542123000000000275e+02
1.335618000000000000e+06 1.015783000000000000e+06 5.383405999999999767e+05 3.021504000000000233e+05 1.739002999999999884e+05 8.482811999999999534e+04 4.008734999999999854e+04 1.179163999999999942e+04 2.831422000000000025e+03 2.251142000000000110e+02
8.768216999999999534e+05 5.383405999999999767e+05 4.780055000000000000e+05 2.016455000000000000e+05 1.181403000000000029e+05 5.795293000000000029e+04 2.548127999999999884e+04 7.102756999999999607e+03 1.826720000000000027e+03 1.232977999999999952e+02
4.969267000000000116e+05 3.021504000000000233e+05 2.016455000000000000e+05 1.764897999999999884e+05 6.683177999999999884e+04 3.519268000000000029e+04 1.375178000000000065e+04 3.957130999999999858e+03 1.167753999999999905e+03 5.735651000000000010e+01
2.881610000000000000e+05 1.739002999999999884e+05 1.181403000000000029e+05 6.683177999999999884e+04 6.501254000000000087e+04 2.062184999999999854e+04 8.799109000000000378e+03 2.648349000000000160e+03 4.473960000000000150e+02 1.123582000000000036e+01
1.426367999999999884e+05 8.482811999999999534e+04 5.795293000000000029e+04 3.519268000000000029e+04 2.062184999999999854e+04 1.921372999999999956e+04 4.503109999999999673e+03 1.216587999999999965e+03 3.990414000000000101e+02 3.779323000000000121e+01
5.962379000000000087e+04 4.008734999999999854e+04 2.548127999999999884e+04 1.375178000000000065e+04 8.799109000000000378e+03 4.503109999999999673e+03 5.081930000000000291e+03 7.153500999999999976e+02 1.472274999999999920e+02 8.171509000000000356e+00
1.653084000000000015e+04 1.179163999999999942e+04 7.102756999999999607e+03 3.957130999999999858e+03 2.648349000000000160e+03 1.216587999999999965e+03 7.153500999999999976e+02 1.051442000000000007e+03 8.224530000000000030e+01 2.869384999999999852e+00
3.827202000000000226e+03 2.831422000000000025e+03 1.826720000000000027e+03 1.167753999999999905e+03 4.473960000000000150e+02 3.990414000000000101e+02 1.472274999999999920e+02 8.224530000000000030e+01 1.522001999999999953e+02 -2.339172000000000126e-02
5.542123000000000275e+02 2.251142000000000110e+02 1.232977999999999952e+02 5.735651000000000010e+01 1.123582000000000036e+01 3.779323000000000121e+01 8.171509000000000356e+00 2.869384999999999852e+00 -2.339172000000000126e-02 1.169585999999999970e+01
