1.189832000000000000e+06 6.055498000000000466e+05 3.793805999999999767e+05 2.330817000000000116e+05 1.166263999999999942e+05 5.627740000000000146e+04 2.097483000000000175e+04 7.294609999999999673e+03 2.219735999999999876e+03 6.196058000000000447e+02
6.055498000000000466e+05 5.079822999999999884e+05 2.373435000000000000e+05 1.412542000000000116e+05 7.034896000000000640e+04 3.709319000000000233e+04 1.301804000000000087e+04 4.828639000000000124e+03 1.267865000000000009e+03 4.134311999999999898e+02
3.793805999999999767e+05 2.373435000000000000e+05 2.174182000000000116e+05 8.717663000000000466e+04 4.282569000000000233e+04 2.357699000000000160e+04 7.571814999999999600e+03 3.562193000000000211e+03 9.146553999999999860e+02 2.022526000000000010e+02
2.330817000000000116e+05 1.412542000000000116e+05 8.717663000000000466e+04 8.384472000000000116e+04 2.918613000000000102e+04 1.404207999999999993e+04 4.526364999999999782e+03 1.799592000000000098e+03 4.085792999999999893e+02 1.218045999999999935e+02
1.166263999999999942e+05 7.034896000000000640e+04 4.282569000000000233e+04 2.918613000000000102e+04 2.790538999999999942e+04 6.724840000000000146e+03 3.004494999999999891e+03 1.034849999999999909e+03 2.938000000000000114e+02 4.902904999999999802e+01
5.627740000000000146e+04 3.709319000000000233e+04 2.357699000000000160e+04 1.404207999999999993e+04 6.724840000000000146e+03 9.007871999999999389e+03 1.440898999999999887e+03 5.744695000000000391e+02 1.521709999999999923e+02 5.105633999999999872e+01
2.097483000000000175e+04 1.301804000000000087e+04 7.571814999999999600e+03 4.526364999999999782e+03 3.004494999999999891e+03 1.440898999999999887e+03 2.409360999999999876e+03 2.473967000000000098e+02 7.684766000000000474e+01 1.950284999999999869e+01
7.294609999999999673e+03 4.828639000000000124e+03 3.562193000000000211e+03 1.799592000000000098e+03 1.034849999999999909e+03 5.744695000000000391e+02 2.473967000000000098e+02 5.498283000000000129e+02 3.542092000000000240e+01 2.200771000000000033e+00
2.219735999999999876e+03 1.267865000000000009e+03 9.146553999999999860e+02 4.085792999999999893e+02 2.938000000000000114e+02 1.521709999999999923e+02 7.684766000000000474e+01 3.542092000000000240e+01 1.075844000000000023e+02 1.803112000000000048e+00
6.196058000000000447e+02 4.134311999999999898e+02 2.022526000000000010e+02 1.218045999999999935e+02 4.902904999999999802e+01 5.105633999999999872e+01 1.950284999999999869e+01 2.200771000000000033e+00 1.803112000000000048e+00 1.453210999999999942e+01
