1.707434000000000000e+06 8.678460999999999767e+05 5.790081999999999534e+05 3.443212000000000116e+05 1.862361000000000058e+05 8.716010000000000582e+04 3.618420999999999913e+04 1.097246999999999935e+04 3.736079000000000178e+03 1.321535000000000082e+02
8.678460999999999767e+05 7.073708000000000466e+05 3.618777999999999884e+05 2.130627999999999884e+05 1.183108999999999942e+05 5.683093000000000029e+04 2.232716999999999825e+04 7.941435999999999694e+03 2.191164999999999964e+03 1.424692000000000007e+02
5.790081999999999534e+05 3.618777999999999884e+05 3.182215999999999767e+05 1.408070000000000000e+05 7.533313999999999942e+04 3.831600000000000000e+04 1.448713999999999942e+04 5.005056999999999789e+03 1.854574000000000069e+03 8.548699999999999477e+01
3.443212000000000116e+05 2.130627999999999884e+05 1.408070000000000000e+05 1.239428999999999942e+05 4.556991000000000349e+04 2.112013999999999942e+04 8.854867000000000189e+03 2.788753000000000156e+03 7.754044000000000096e+02 -1.844632000000000005e+01
1.862361000000000058e+05 1.183108999999999942e+05 7.533313999999999942e+04 4.556991000000000349e+04 4.622777999999999884e+04 1.218437000000000080e+04 4.782905999999999949e+03 1.536040999999999940e+03 4.891365000000000123e+02 5.290037999999999840e+01
8.716010000000000582e+04 5.683093000000000029e+04 3.831600000000000000e+04 2.112013999999999942e+04 1.218437000000000080e+04 1.334540999999999985e+04 2.380286999999999807e+03 8.827335000000000491e+02 2.788761000000000081e+02 2.889853000000000094e+01
3.618420999999999913e+04 2.232716999999999825e+04 1.448713999999999942e+04 8.854867000000000189e+03 4.782905999999999949e+03 2.380286999999999807e+03 3.838456999999999880e+03 3.616983999999999924e+02 1.874456999999999880e+02 -1.036252999999999957e+01
1.097246999999999935e+04 7.941435999999999694e+03 5.005056999999999789e+03 2.788753000000000156e+03 1.536040999999999940e+03 8.827335000000000491e+02 3.616983999999999924e+02 8.969633999999999787e+02 6.131750000000000256e+01 2.261199999999999877e-01
3.736079000000000178e+03 2.191164999999999964e+03 1.854574000000000069e+03 7.754044000000000096e+02 4.891365000000000123e+02 2.788761000000000081e+02 1.874456999999999880e+02 6.131750000000000256e+01 1.865099999999999909e+02 -1.044829999999999925e+00
1.321535000000000082e+02 1.424692000000000007e+02 8.548699999999999477e+01 -1.844632000000000005e+01 5.290037999999999840e+01 2.889853000000000094e+01 -1.036252999999999957e+01 2.261199999999999877e-01 -1.044829999999999925e+00 1.839953999999999823e+01
