2.703511000000000000e+06 1.431300000000000000e+06 9.189519000000000233e+05 5.450829000000000233e+05 3.047334000000000233e+05 1.551080000000000000e+05 6.789163000000000466e+04 1.709186999999999898e+04 3.751215999999999894e+03 5.358849000000000160e+02
1.431300000000000000e+06 1.135485000000000000e+06 5.659519000000000233e+05 3.407562000000000116e+05 1.887107000000000116e+05 9.389555999999999767e+04 4.535616000000000349e+04 1.237376000000000022e+04 2.905630000000000109e+03 2.703070000000000164e+02
9.189519000000000233e+05 5.659519000000000233e+05 4.900092999999999884e+05 2.131081000000000058e+05 1.190813999999999942e+05 6.310758999999999651e+04 2.801240000000000146e+04 6.623764000000000124e+03 1.955337999999999965e+03 8.419460999999999729e+01
5.450829000000000233e+05 3.407562000000000116e+05 2.131081000000000058e+05 1.899232999999999884e+05 7.442352000000000407e+04 3.936159999999999854e+04 1.623737999999999920e+04 3.638684000000000196e+03 1.152861000000000104e+03 8.965268000000000370e+01
3.047334000000000233e+05 1.887107000000000116e+05 1.190813999999999942e+05 7.442352000000000407e+04 6.972711999999999534e+04 2.201379000000000087e+04 9.724648999999999432e+03 2.413364999999999782e+03 5.975279000000000451e+02 1.948920000000000030e+01
1.551080000000000000e+05 9.389555999999999767e+04 6.310758999999999651e+04 3.936159999999999854e+04 2.201379000000000087e+04 2.133836000000000058e+04 5.329905999999999949e+03 1.142032999999999902e+03 3.824409999999999741e+02 3.453788000000000125e+01
6.789163000000000466e+04 4.535616000000000349e+04 2.801240000000000146e+04 1.623737999999999920e+04 9.724648999999999432e+03 5.329905999999999949e+03 5.519417999999999665e+03 7.549990999999999985e+02 1.605997999999999877e+02 1.183620999999999945e+01
1.709186999999999898e+04 1.237376000000000022e+04 6.623764000000000124e+03 3.638684000000000196e+03 2.413364999999999782e+03 1.142032999999999902e+03 7.549990999999999985e+02 1.085093000000000075e+03 8.175991999999999393e+01 4.292380999999999780e+00
3.751215999999999894e+03 2.905630000000000109e+03 1.955337999999999965e+03 1.152861000000000104e+03 5.975279000000000451e+02 3.824409999999999741e+02 1.605997999999999877e+02 8.175991999999999393e+01 1.472100000000000080e+02 2.514609999999999790e+00
5.358849000000000160e+02 2.703070000000000164e+02 8.419460999999999729e+01 8.965268000000000370e+01 1.948920000000000030e+01 3.453788000000000125e+01 1.183620999999999945e+01 4.292380999999999780e+00 2.514609999999999790e+00 9.785538000000000736e+00
