2.185523000000000000e+06 1.197045000000000000e+06 7.759094000000000233e+05 4.265732999999999884e+05 2.537030000000000000e+05 1.178736999999999971e+05 5.440076000000000204e+04 1.592518000000000029e+04 4.371164999999999964e+03 6.487928000000000566e+02
1.197045000000000000e+06 9.419611999999999534e+05 4.957525999999999767e+05 2.815115000000000000e+05 1.632503999999999942e+05 7.754777999999999884e+04 3.746216000000000349e+04 1.077986000000000058e+04 2.885358999999999924e+03 5.199394999999999527e+02
7.759094000000000233e+05 4.957525999999999767e+05 4.245002999999999884e+05 1.818027000000000116e+05 1.052873999999999942e+05 5.302825000000000000e+04 2.334000999999999840e+04 7.287795000000000073e+03 1.921272999999999911e+03 2.825369000000000028e+02
4.265732999999999884e+05 2.815115000000000000e+05 1.818027000000000116e+05 1.524107999999999884e+05 6.062801000000000204e+04 2.994804000000000087e+04 1.352434000000000015e+04 3.754619000000000142e+03 9.681893000000000029e+02 1.477615999999999872e+02
2.537030000000000000e+05 1.632503999999999942e+05 1.052873999999999942e+05 6.062801000000000204e+04 6.028751999999999680e+04 1.747863999999999942e+04 7.833202000000000226e+03 2.435639999999999873e+03 6.297988000000000284e+02 4.634680000000000177e+01
1.178736999999999971e+05 7.754777999999999884e+04 5.302825000000000000e+04 2.994804000000000087e+04 1.747863999999999942e+04 1.853093999999999869e+04 4.217475000000000364e+03 1.290913000000000011e+03 3.372871999999999844e+02 3.531759999999999877e+01
5.440076000000000204e+04 3.746216000000000349e+04 2.334000999999999840e+04 1.352434000000000015e+04 7.833202000000000226e+03 4.217475000000000364e+03 5.157467999999999847e+03 5.441285000000000309e+02 1.848549999999999898e+02 8.393729999999999691e+00
1.592518000000000029e+04 1.077986000000000058e+04 7.287795000000000073e+03 3.754619000000000142e+03 2.435639999999999873e+03 1.290913000000000011e+03 5.441285000000000309e+02 1.050739000000000033e+03 9.803275999999999613e+01 1.199605999999999995e+01
4.371164999999999964e+03 2.885358999999999924e+03 1.921272999999999911e+03 9.681893000000000029e+02 6.297988000000000284e+02 3.372871999999999844e+02 1.848549999999999898e+02 9.803275999999999613e+01 1.680441999999999894e+02 1.594535999999999953e+00
6.487928000000000566e+02 5.199394999999999527e+02 2.825369000000000028e+02 1.477615999999999872e+02 4.634680000000000177e+01 3.531759999999999877e+01 8.393729999999999691e+00 1.199605999999999995e+01 1.594535999999999953e+00 1.359059000000000061e+01
