1.328832000000000116e+05 4.794505999999999767e+04 2.855927000000000044e+04 1.825881000000000131e+04 8.020502000000000407e+03 3.535601000000000113e+03 1.230415999999999940e+03 9.017080999999999449e+02 1.128144000000000062e+02 -1.012861999999999973e+01
4.794505999999999767e+04 4.954269999999999709e+04 1.506100000000000000e+04 9.516993000000000393e+03 4.222328999999999724e+03 2.343972000000000207e+03 9.316494999999999891e+02 3.936476000000000113e+02 5.200370000000000203e+01 -2.639366000000000057e+01
2.855927000000000044e+04 1.506100000000000000e+04 2.146425999999999840e+04 5.853444000000000415e+03 2.700378000000000156e+03 1.472317999999999984e+03 3.600024999999999977e+02 2.546228000000000122e+02 9.187878999999999508e+01 4.077956999999999610e+00
1.825881000000000131e+04 9.516993000000000393e+03 5.853444000000000415e+03 8.837174999999999272e+03 1.537358999999999924e+03 1.023231999999999971e+03 3.003029000000000224e+02 1.992819000000000074e+02 4.533315999999999946e+01 -4.771912000000000376e+00
8.020502000000000407e+03 4.222328999999999724e+03 2.700378000000000156e+03 1.537358999999999924e+03 3.640405000000000200e+03 5.144269000000000460e+02 7.045977000000000601e+01 7.165274999999999750e+01 -8.502891999999999229e+00 -4.686142000000000252e+00
3.535601000000000113e+03 2.343972000000000207e+03 1.472317999999999984e+03 1.023231999999999971e+03 5.144269000000000460e+02 1.372930000000000064e+03 1.840928999999999860e+01 3.526691999999999894e+01 8.693924000000000873e+00 -1.886932000000000054e+00
1.230415999999999940e+03 9.316494999999999891e+02 3.600024999999999977e+02 3.003029000000000224e+02 7.045977000000000601e+01 1.840928999999999860e+01 3.822441999999999780e+02 3.191411000000000087e+01 -2.393752999999999798e+00 -1.980499000000000009e+00
9.017080999999999449e+02 3.936476000000000113e+02 2.546228000000000122e+02 1.992819000000000074e+02 7.165274999999999750e+01 3.526691999999999894e+01 3.191411000000000087e+01 1.306740000000000066e+02 2.799209999999999976e+00 2.042876999999999832e+00
1.128144000000000062e+02 5.200370000000000203e+01 9.187878999999999508e+01 4.533315999999999946e+01 -8.502891999999999229e+00 8.693924000000000873e+00 -2.393752999999999798e+00 2.799209999999999976e+00 2.463147999999999982e+01 -2.027283000000000002e-01
-1.012861999999999973e+01 -2.639366000000000057e+01 4.077956999999999610e+00 -4.771912000000000376e+00 -4.686142000000000252e+00 -1.886932000000000054e+00 -1.980499000000000009e+00 2.042876999999999832e+00 -2.027283000000000002e-01 3.960999000000000159e+00
