9.933995000000000000e+05 5.016127999999999884e+05 3.112682000000000116e+05 1.719145000000000000e+05 8.987441999999999825e+04 4.278527999999999884e+04 1.438994000000000051e+04 5.552056999999999789e+03 1.629643000000000029e+03 2.663030999999999722e+02
5.016127999999999884e+05 4.179132999999999884e+05 1.839151000000000058e+05 1.095338000000000029e+05 5.314865000000000146e+04 2.552936000000000058e+04 8.051911000000000058e+03 3.090545999999999822e+03 9.104448999999999614e+02 1.373172000000000139e+02
3.112682000000000116e+05 1.839151000000000058e+05 1.707111000000000058e+05 6.379648000000000320e+04 3.506400000000000000e+04 1.670890999999999985e+04 4.452226999999999862e+03 2.102775999999999840e+03 5.948007999999999811e+02 9.456883999999999446e+01
1.719145000000000000e+05 1.095338000000000029e+05 6.379648000000000320e+04 6.663511000000000058e+04 2.052981999999999971e+04 9.342198000000000320e+03 2.798775000000000091e+03 9.984366999999999734e+02 4.095384000000000242e+02 7.223753999999999564e+01
8.987441999999999825e+04 5.314865000000000146e+04 3.506400000000000000e+04 2.052981999999999971e+04 1.976675000000000000e+04 4.803747999999999593e+03 1.719420000000000073e+03 5.888787999999999556e+02 1.742761000000000138e+02 2.527085999999999899e+01
4.278527999999999884e+04 2.552936000000000058e+04 1.670890999999999985e+04 9.342198000000000320e+03 4.803747999999999593e+03 6.443132999999999811e+03 9.525616999999999734e+02 2.885914999999999964e+02 8.791388999999999498e+01 2.954374999999999929e+01
1.438994000000000051e+04 8.051911000000000058e+03 4.452226999999999862e+03 2.798775000000000091e+03 1.719420000000000073e+03 9.525616999999999734e+02 1.659609999999999900e+03 1.072744000000000000e+02 2.464318000000000097e+01 6.826484999999999914e+00
5.552056999999999789e+03 3.090545999999999822e+03 2.102775999999999840e+03 9.984366999999999734e+02 5.888787999999999556e+02 2.885914999999999964e+02 1.072744000000000000e+02 3.841232999999999720e+02 1.425336000000000070e+01 -3.118896000000000168e-02
1.629643000000000029e+03 9.104448999999999614e+02 5.948007999999999811e+02 4.095384000000000242e+02 1.742761000000000138e+02 8.791388999999999498e+01 2.464318000000000097e+01 1.425336000000000070e+01 7.515761000000000536e+01 1.325531000000000070e-01
2.663030999999999722e+02 1.373172000000000139e+02 9.456883999999999446e+01 7.223753999999999564e+01 2.527085999999999899e+01 2.954374999999999929e+01 6.826484999999999914e+00 -3.118896000000000168e-02 1.325531000000000070e-01 5.918105999999999867e+00
