1.379487000000000000e+06 7.401760999999999767e+05 4.708627000000000116e+05 2.776795000000000000e+05 1.479286000000000058e+05 6.949847000000000116e+04 2.983824000000000160e+04 9.797365999999999985e+03 2.960409999999999854e+03 6.811280000000000427e+02
7.401760999999999767e+05 6.278629000000000233e+05 3.040592999999999884e+05 1.764322999999999884e+05 9.799166000000000349e+04 4.662787000000000262e+04 1.890120000000000073e+04 6.511900999999999840e+03 1.786355999999999995e+03 4.270197999999999752e+02
4.708627000000000116e+05 3.040592999999999884e+05 2.647715000000000000e+05 1.139521000000000058e+05 6.090537000000000262e+04 3.029583000000000175e+04 1.123450000000000000e+04 4.866440999999999804e+03 1.314545000000000073e+03 1.891649999999999920e+02
2.776795000000000000e+05 1.764322999999999884e+05 1.139521000000000058e+05 9.826739999999999418e+04 3.647780000000000291e+04 1.763800999999999840e+04 6.579064999999999600e+03 2.616920000000000073e+03 4.629572999999999752e+02 1.234673999999999978e+02
1.479286000000000058e+05 9.799166000000000349e+04 6.090537000000000262e+04 3.647780000000000291e+04 3.943848000000000320e+04 9.170987999999999374e+03 3.999289000000000215e+03 1.507906999999999925e+03 4.499280999999999722e+02 9.321017000000000507e+01
6.949847000000000116e+04 4.662787000000000262e+04 3.029583000000000175e+04 1.763800999999999840e+04 9.170987999999999374e+03 1.122973999999999978e+04 1.870361000000000104e+03 8.422404999999999973e+02 2.019757999999999925e+02 5.924539000000000044e+01
2.983824000000000160e+04 1.890120000000000073e+04 1.123450000000000000e+04 6.579064999999999600e+03 3.999289000000000215e+03 1.870361000000000104e+03 3.127175000000000182e+03 4.495011999999999830e+02 1.135083000000000055e+02 2.781471000000000160e+01
9.797365999999999985e+03 6.511900999999999840e+03 4.866440999999999804e+03 2.616920000000000073e+03 1.507906999999999925e+03 8.422404999999999973e+02 4.495011999999999830e+02 7.434805999999999813e+02 4.812066999999999695e+01 5.304072999999999816e+00
2.960409999999999854e+03 1.786355999999999995e+03 1.314545000000000073e+03 4.629572999999999752e+02 4.499280999999999722e+02 2.019757999999999925e+02 1.135083000000000055e+02 4.812066999999999695e+01 1.563112999999999886e+02 -7.134475999999999596e-01
6.811280000000000427e+02 4.270197999999999752e+02 1.891649999999999920e+02 1.234673999999999978e+02 9.321017000000000507e+01 5.924539000000000044e+01 2.781471000000000160e+01 5.304072999999999816e+00 -7.134475999999999596e-01 1.839953999999999823e+01
