1.905740000000000000e+06 1.053128000000000000e+06 6.834966999999999534e+05 3.797735000000000000e+05 2.087763999999999942e+05 1.022833000000000029e+05 4.146154000000000087e+04 9.948246999999999389e+03 2.725463000000000193e+03 3.675385999999999740e+02
1.053128000000000000e+06 8.614910999999999767e+05 4.471619000000000233e+05 2.395176000000000058e+05 1.393322999999999884e+05 6.698671000000000640e+04 2.844770999999999913e+04 7.190279000000000451e+03 2.081168999999999869e+03 3.233867000000000189e+02
6.834966999999999534e+05 4.471619000000000233e+05 3.800960999999999767e+05 1.576197999999999884e+05 8.930522999999999593e+04 4.520575000000000000e+04 1.802324000000000160e+04 4.594407000000000153e+03 1.376275000000000091e+03 1.477889000000000124e+02
3.797735000000000000e+05 2.395176000000000058e+05 1.576197999999999884e+05 1.316605000000000000e+05 5.001912000000000262e+04 2.399877999999999884e+04 9.301224000000000160e+03 2.449172000000000025e+03 5.527151999999999816e+02 1.205220000000000056e+02
2.087763999999999942e+05 1.393322999999999884e+05 8.930522999999999593e+04 5.001912000000000262e+04 4.959094999999999709e+04 1.480203000000000065e+04 5.596048999999999978e+03 1.591884999999999991e+03 3.972226999999999748e+02 6.587108999999999526e+01
1.022833000000000029e+05 6.698671000000000640e+04 4.520575000000000000e+04 2.399877999999999884e+04 1.480203000000000065e+04 1.476418000000000029e+04 3.007186999999999898e+03 8.346770999999999958e+02 2.330049999999999955e+02 2.192973999999999890e+01
4.146154000000000087e+04 2.844770999999999913e+04 1.802324000000000160e+04 9.301224000000000160e+03 5.596048999999999978e+03 3.007186999999999898e+03 3.996427000000000135e+03 3.368661999999999921e+02 1.389858000000000118e+02 6.218300000000000161e+00
9.948246999999999389e+03 7.190279000000000451e+03 4.594407000000000153e+03 2.449172000000000025e+03 1.591884999999999991e+03 8.346770999999999958e+02 3.368661999999999921e+02 7.669190999999999576e+02 4.256513999999999953e+01 4.495110000000000383e+00
2.725463000000000193e+03 2.081168999999999869e+03 1.376275000000000091e+03 5.527151999999999816e+02 3.972226999999999748e+02 2.330049999999999955e+02 1.389858000000000118e+02 4.256513999999999953e+01 1.337070999999999970e+02 5.769957999999999476e-01
3.675385999999999740e+02 3.233867000000000189e+02 1.477889000000000124e+02 1.205220000000000056e+02 6.587108999999999526e+01 2.192973999999999890e+01 6.218300000000000161e+00 4.495110000000000383e+00 5.769957999999999476e-01 9.785538000000000736e+00
