4.563230999999999767e+04 1.411906999999999971e+04 9.557191999999999098e+03 3.433574000000000069e+03 2.295454999999999927e+03 7.643967000000000098e+02 3.614626000000000090e+02 1.571807000000000016e+02 1.645842000000000098e+02 6.689057999999999993e+01
1.411906999999999971e+04 1.920770999999999913e+04 5.417854999999999563e+03 2.426981000000000222e+03 1.603090999999999894e+03 3.161800999999999817e+02 2.168393000000000086e+02 3.448329999999999984e+01 4.431951999999999714e+01 2.419288999999999845e+01
9.557191999999999098e+03 5.417854999999999563e+03 8.761720999999999549e+03 1.399519000000000005e+03 9.865031000000000176e+02 2.775622999999999934e+02 5.116940000000000310e+01 1.172002999999999986e+02 2.638586000000000098e+01 2.333323999999999998e+01
3.433574000000000069e+03 2.426981000000000222e+03 1.399519000000000005e+03 3.232291999999999916e+03 4.891716000000000122e+02 1.504127000000000010e+02 1.077072000000000003e+02 6.939545000000000297e-01 3.050281000000000020e+01 1.702527999999999864e+01
2.295454999999999927e+03 1.603090999999999894e+03 9.865031000000000176e+02 4.891716000000000122e+02 1.472336000000000013e+03 8.837977999999999668e+01 5.452806000000000353e+01 2.616364000000000090e+01 1.868218999999999852e+01 6.676388000000000211e+00
7.643967000000000098e+02 3.161800999999999817e+02 2.775622999999999934e+02 1.504127000000000010e+02 8.837977999999999668e+01 4.916453000000000202e+02 1.729623000000000133e+01 2.546189000000000036e+01 9.075988999999999862e+00 3.471722000000000197e+00
3.614626000000000090e+02 2.168393000000000086e+02 5.116940000000000310e+01 1.077072000000000003e+02 5.452806000000000353e+01 1.729623000000000133e+01 1.903599000000000103e+02 -1.134498999999999924e+00 5.894713999999999565e+00 3.333321000000000200e-01
1.571807000000000016e+02 3.448329999999999984e+01 1.172002999999999986e+02 6.939545000000000297e-01 2.616364000000000090e+01 2.546189000000000036e+01 -1.134498999999999924e+00 6.935645999999999844e+01 2.931763000000000119e+00 9.746551999999999993e-02
1.645842000000000098e+02 4.431951999999999714e+01 2.638586000000000098e+01 3.050281000000000020e+01 1.868218999999999852e+01 9.075988999999999862e+00 5.894713999999999565e+00 2.931763000000000119e+00 1.546973000000000020e+01 7.797241000000000311e-01
6.689057999999999993e+01 2.419288999999999845e+01 2.333323999999999998e+01 1.702527999999999864e+01 6.676388000000000211e+00 3.471722000000000197e+00 3.333321000000000200e-01 9.746551999999999993e-02 7.797241000000000311e-01 6.890812000000000381e+00
