1.754669000000000000e+06 1.002747000000000000e+06 6.438469000000000233e+05 3.555892999999999884e+05 1.936767000000000116e+05 1.086111999999999971e+05 4.376744999999999709e+04 1.699956000000000131e+04 4.874440999999999804e+03 8.495620999999999867e+02
1.002747000000000000e+06 7.975801999999999534e+05 4.253387000000000116e+05 2.348097000000000116e+05 1.266908999999999942e+05 6.961775999999999476e+04 3.053324000000000160e+04 1.180736000000000058e+04 3.159516000000000076e+03 4.984834999999999923e+02
6.438469000000000233e+05 4.253387000000000116e+05 3.610054000000000233e+05 1.625947000000000116e+05 8.605077999999999884e+04 4.548975000000000000e+04 2.004209000000000015e+04 7.576332000000000335e+03 1.902086000000000013e+03 4.937350000000000136e+02
3.555892999999999884e+05 2.348097000000000116e+05 1.625947000000000116e+05 1.287410000000000000e+05 4.986200000000000000e+04 2.578897999999999956e+04 1.148386000000000058e+04 4.272563000000000102e+03 1.131064000000000078e+03 2.293617000000000132e+02
1.936767000000000116e+05 1.266908999999999942e+05 8.605077999999999884e+04 4.986200000000000000e+04 4.771050000000000000e+04 1.538387000000000080e+04 6.590021999999999935e+03 2.597396999999999935e+03 6.455258000000000038e+02 1.221867000000000019e+02
1.086111999999999971e+05 6.961775999999999476e+04 4.548975000000000000e+04 2.578897999999999956e+04 1.538387000000000080e+04 1.615331999999999971e+04 3.712541000000000167e+03 1.350632000000000062e+03 3.982948000000000093e+02 9.296456000000000586e+01
4.376744999999999709e+04 3.053324000000000160e+04 2.004209000000000015e+04 1.148386000000000058e+04 6.590021999999999935e+03 3.712541000000000167e+03 4.327949999999999818e+03 6.964632000000000289e+02 2.098120999999999867e+02 3.936242000000000019e+01
1.699956000000000131e+04 1.180736000000000058e+04 7.576332000000000335e+03 4.272563000000000102e+03 2.597396999999999935e+03 1.350632000000000062e+03 6.964632000000000289e+02 1.088602000000000089e+03 6.428436000000000661e+01 9.265071999999999974e+00
4.874440999999999804e+03 3.159516000000000076e+03 1.902086000000000013e+03 1.131064000000000078e+03 6.455258000000000038e+02 3.982948000000000093e+02 2.098120999999999867e+02 6.428436000000000661e+01 2.329738000000000113e+02 7.543830999999999953e+00
8.495620999999999867e+02 4.984834999999999923e+02 4.937350000000000136e+02 2.293617000000000132e+02 1.221867000000000019e+02 9.296456000000000586e+01 3.936242000000000019e+01 9.265071999999999974e+00 7.543830999999999953e+00 2.951840999999999937e+01
