2.260166000000000000e+06 1.278386000000000000e+06 7.969566999999999534e+05 4.463352000000000116e+05 2.268905000000000000e+05 1.277300000000000000e+05 4.432555000000000291e+04 1.671625000000000000e+04 3.746987999999999829e+03 6.504847999999999502e+02
1.278386000000000000e+06 1.009961000000000000e+06 5.114529000000000233e+05 2.847062999999999884e+05 1.432180000000000000e+05 8.078841000000000349e+04 2.974663999999999942e+04 1.068286000000000058e+04 2.265157000000000153e+03 3.516829000000000178e+02
7.969566999999999534e+05 5.114529000000000233e+05 4.073005999999999767e+05 1.872670000000000000e+05 9.263803999999999360e+04 5.080761000000000058e+04 1.866422999999999956e+04 6.680024999999999636e+03 1.682406999999999925e+03 2.461237999999999886e+02
4.463352000000000116e+05 2.847062999999999884e+05 1.872670000000000000e+05 1.480957999999999884e+05 5.636031999999999971e+04 2.862734999999999854e+04 1.085545999999999913e+04 3.631570999999999913e+03 8.866574000000000524e+02 7.036424999999999841e+01
2.268905000000000000e+05 1.432180000000000000e+05 9.263803999999999360e+04 5.636031999999999971e+04 4.963033999999999651e+04 1.530903000000000065e+04 6.525527000000000044e+03 2.124802999999999884e+03 4.254877000000000180e+02 5.265476999999999919e+01
1.277300000000000000e+05 8.078841000000000349e+04 5.080761000000000058e+04 2.862734999999999854e+04 1.530903000000000065e+04 1.650083000000000175e+04 3.337742000000000189e+03 1.010316000000000031e+03 3.204705000000000155e+02 4.472887000000000057e+01
4.432555000000000291e+04 2.974663999999999942e+04 1.866422999999999956e+04 1.085545999999999913e+04 6.525527000000000044e+03 3.337742000000000189e+03 3.796873999999999796e+03 4.453120999999999867e+02 1.341320000000000050e+02 9.719260999999999484e+00
1.671625000000000000e+04 1.068286000000000058e+04 6.680024999999999636e+03 3.631570999999999913e+03 2.124802999999999884e+03 1.010316000000000031e+03 4.453120999999999867e+02 7.070987000000000080e+02 5.089453999999999922e+01 1.288494000000000028e+00
3.746987999999999829e+03 2.265157000000000153e+03 1.682406999999999925e+03 8.866574000000000524e+02 4.254877000000000180e+02 3.204705000000000155e+02 1.341320000000000050e+02 5.089453999999999922e+01 1.372295000000000016e+02 3.257298000000000027e+00
6.504847999999999502e+02 3.516829000000000178e+02 2.461237999999999886e+02 7.036424999999999841e+01 5.265476999999999919e+01 4.472887000000000057e+01 9.719260999999999484e+00 1.288494000000000028e+00 3.257298000000000027e+00 6.890812000000000381e+00
