9.216585999999999767e+05 4.980730000000000000e+05 2.907047000000000116e+05 1.670740000000000000e+05 8.014491999999999825e+04 4.122636000000000058e+04 1.646088000000000102e+04 5.966314000000000306e+03 1.285660000000000082e+03 2.665643000000000029e+02
4.980730000000000000e+05 4.139710999999999767e+05 1.851870000000000000e+05 1.095263999999999942e+05 4.980868000000000029e+04 2.734936999999999898e+04 1.091478000000000065e+04 3.569101000000000113e+03 5.433896999999999480e+02 2.114300000000000068e+02
2.907047000000000116e+05 1.851870000000000000e+05 1.495103999999999942e+05 6.244562000000000262e+04 3.012652999999999884e+04 1.556096999999999935e+04 6.773350000000000364e+03 2.104820000000000164e+03 7.047107999999999493e+02 6.300950999999999880e+01
1.670740000000000000e+05 1.095263999999999942e+05 6.244562000000000262e+04 5.746597000000000116e+04 1.711863999999999942e+04 8.860528000000000247e+03 4.180560999999999694e+03 1.153667999999999893e+03 3.137219999999999800e+02 6.532528999999999542e+01
8.014491999999999825e+04 4.980868000000000029e+04 3.012652999999999884e+04 1.711863999999999942e+04 1.877022999999999956e+04 4.968578000000000429e+03 1.846000999999999976e+03 6.743191000000000486e+02 1.452196999999999889e+02 9.161758000000000735e+00
4.122636000000000058e+04 2.734936999999999898e+04 1.556096999999999935e+04 8.860528000000000247e+03 4.968578000000000429e+03 5.953154999999999745e+03 9.578052999999999884e+02 4.015461999999999989e+02 7.487690999999999519e+01 2.403109999999999857e+01
1.646088000000000102e+04 1.091478000000000065e+04 6.773350000000000364e+03 4.180560999999999694e+03 1.846000999999999976e+03 9.578052999999999884e+02 1.795041999999999916e+03 1.089313999999999965e+02 2.634687999999999874e+01 3.321625000000000050e+00
5.966314000000000306e+03 3.569101000000000113e+03 2.104820000000000164e+03 1.153667999999999893e+03 6.743191000000000486e+02 4.015461999999999989e+02 1.089313999999999965e+02 3.784449999999999932e+02 1.562956999999999930e+01 7.352797999999999945e+00
1.285660000000000082e+03 5.433896999999999480e+02 7.047107999999999493e+02 3.137219999999999800e+02 1.452196999999999889e+02 7.487690999999999519e+01 2.634687999999999874e+01 1.562956999999999930e+01 7.996071000000000595e+01 3.898620999999999892e-01
2.665643000000000029e+02 2.114300000000000068e+02 6.300950999999999880e+01 6.532528999999999542e+01 9.161758000000000735e+00 2.403109999999999857e+01 3.321625000000000050e+00 7.352797999999999945e+00 3.898620999999999892e-01 3.960999000000000159e+00
