1.276780999999999949e+03 2.796090999999999838e+01 2.021045000000000158e+01 4.038580999999999932e+01 6.025318000000000396e+00 4.040529999999999688e+01 7.812835999999999892e+00 -2.672503999999999991e+00 6.194907999999999859e+00 3.797255999999999965e+00
2.796090999999999838e+01 7.224611999999999625e+02 3.792578000000000316e+01 8.764098999999999862e+00 1.292783000000000015e+01 2.407788000000000039e+01 -1.621825999999999990e+00 1.169586000000000015e+00 -1.153991999999999907e+00 -4.366455000000000197e-01
2.021045000000000158e+01 3.792578000000000316e+01 4.351483999999999810e+02 2.744629000000000119e+01 1.222606999999999999e+01 7.984375000000000000e+00 2.994140999999999941e+00 -3.243651999999999980e+00 3.493164000000000158e+00 9.980468999999999591e-01
4.038580999999999932e+01 8.764098999999999862e+00 2.744629000000000119e+01 2.357807999999999993e+02 9.337196000000000495e+00 -3.773864999999999803e+00 3.399596999999999980e+00 1.610130000000000061e+00 1.348923000000000094e+00 2.230011000000000188e+00
6.025318000000000396e+00 1.292783000000000015e+01 1.222606999999999999e+01 9.337196000000000495e+00 1.120443999999999960e+02 -4.522399999999999753e-01 3.508758999999999961e+00 5.647152000000000172e+00 -3.703690000000000038e-01 1.083817000000000030e+00
4.040529999999999688e+01 2.407788000000000039e+01 7.984375000000000000e+00 -3.773864999999999803e+00 -4.522399999999999753e-01 8.171509000000000356e+01 -1.372314000000000034e+00 2.323577999999999921e+00 2.152038999999999813e+00 -5.614014000000000504e-01
7.812835999999999892e+00 -1.621825999999999990e+00 2.994140999999999941e+00 3.399596999999999980e+00 3.508758999999999961e+00 -1.372314000000000034e+00 2.283032000000000039e+01 1.107207999999999970e+00 1.715392999999999946e+00 -1.871337999999999890e-01
-2.672503999999999991e+00 1.169586000000000015e+00 -3.243651999999999980e+00 1.610130000000000061e+00 5.647152000000000172e+00 2.323577999999999921e+00 1.107207999999999970e+00 2.225138000000000105e+01 7.758254999999999457e-01 -1.481475999999999904e-01
6.194907999999999859e+00 -1.153991999999999907e+00 3.493164000000000158e+00 1.348923000000000094e+00 -3.703690000000000038e-01 2.152038999999999813e+00 1.715392999999999946e+00 7.758254999999999457e-01 5.918105999999999867e+00 -4.678344999999999726e-02
3.797255999999999965e+00 -4.366455000000000197e-01 9.980468999999999591e-01 2.230011000000000188e+00 1.083817000000000030e+00 -5.614014000000000504e-01 -1.871337999999999890e-01 -1.481475999999999904e-01 -4.678344999999999726e-02 3.960999000000000159e+00
