3.023668000000000000e+06 1.630225000000000000e+06 1.060123000000000000e+06 6.052620000000000000e+05 3.193570999999999767e+05 1.645265000000000000e+05 7.416152999999999884e+04 2.675038999999999942e+04 6.233784999999999854e+03 6.360054000000000087e+02
1.630225000000000000e+06 1.240394000000000000e+06 6.653808000000000466e+05 3.861005999999999767e+05 2.008152000000000116e+05 1.051703999999999942e+05 4.660144000000000233e+04 1.737883000000000175e+04 4.098939999999999600e+03 4.582282999999999902e+02
1.060123000000000000e+06 6.653808000000000466e+05 5.329244000000000233e+05 2.525517999999999884e+05 1.325822000000000116e+05 6.435400000000000000e+04 3.002343000000000029e+04 1.133076000000000022e+04 2.606798999999999978e+03 2.519755999999999858e+02
6.052620000000000000e+05 3.861005999999999767e+05 2.525517999999999884e+05 1.933842000000000116e+05 7.800772999999999593e+04 3.968994999999999709e+04 1.768075000000000000e+04 6.511222999999999956e+03 1.585673999999999978e+03 2.054105000000000132e+02
3.193570999999999767e+05 2.008152000000000116e+05 1.325822000000000116e+05 7.800772999999999593e+04 6.814236999999999534e+04 2.094375999999999840e+04 1.068862999999999920e+04 3.500096000000000004e+03 8.277005000000000337e+02 8.021801999999999566e+01
1.645265000000000000e+05 1.051703999999999942e+05 6.435400000000000000e+04 3.968994999999999709e+04 2.094375999999999840e+04 2.005675000000000000e+04 5.210677999999999884e+03 1.878136999999999944e+03 4.269769000000000005e+02 8.383593999999999369e+01
7.416152999999999884e+04 4.660144000000000233e+04 3.002343000000000029e+04 1.768075000000000000e+04 1.068862999999999920e+04 5.210677999999999884e+03 5.915914999999999964e+03 8.628622000000000298e+02 2.609775999999999954e+02 8.920044000000000750e+00
2.675038999999999942e+04 1.737883000000000175e+04 1.133076000000000022e+04 6.511222999999999956e+03 3.500096000000000004e+03 1.878136999999999944e+03 8.628622000000000298e+02 1.155534000000000106e+03 9.052401999999999305e+01 1.737225000000000108e+01
6.233784999999999854e+03 4.098939999999999600e+03 2.606798999999999978e+03 1.585673999999999978e+03 8.277005000000000337e+02 4.269769000000000005e+02 2.609775999999999954e+02 9.052401999999999305e+01 1.727692999999999870e+02 6.892761000000000138e+00
6.360054000000000087e+02 4.582282999999999902e+02 2.519755999999999858e+02 2.054105000000000132e+02 8.021801999999999566e+01 8.383593999999999369e+01 8.920044000000000750e+00 1.737225000000000108e+01 6.892761000000000138e+00 1.746582000000000079e+01
