2.708782000000000000e+06 1.526815000000000000e+06 9.527105999999999767e+05 5.337184000000000233e+05 2.781880999999999767e+05 1.534751000000000058e+05 5.823455000000000291e+04 2.164490000000000146e+04 5.247047999999999774e+03 4.030081999999999880e+02
1.526815000000000000e+06 1.180444000000000000e+06 5.964835999999999767e+05 3.461332999999999884e+05 1.724662999999999884e+05 9.839069000000000233e+04 3.811701999999999680e+04 1.444725000000000000e+04 3.460289000000000215e+03 2.412544000000000040e+02
9.527105999999999767e+05 5.964835999999999767e+05 4.632772000000000116e+05 2.216630000000000000e+05 1.104796999999999971e+05 6.018733999999999651e+04 2.331940000000000146e+04 9.171020000000000437e+03 1.888034000000000106e+03 1.674146000000000072e+02
5.337184000000000233e+05 3.461332999999999884e+05 2.216630000000000000e+05 1.717960000000000000e+05 6.612655000000000291e+04 3.666945999999999913e+04 1.419954999999999927e+04 5.256029000000000451e+03 1.035837999999999965e+03 1.081710999999999956e+02
2.781880999999999767e+05 1.724662999999999884e+05 1.104796999999999971e+05 6.612655000000000291e+04 5.815444000000000233e+04 1.825338000000000102e+04 8.363647999999999229e+03 2.763728000000000065e+03 6.147383999999999560e+02 9.810488999999999749e+01
1.534751000000000058e+05 9.839069000000000233e+04 6.018733999999999651e+04 3.666945999999999913e+04 1.825338000000000102e+04 1.838274000000000160e+04 4.344552999999999884e+03 1.469727000000000089e+03 3.834196000000000026e+02 3.397258000000000067e+01
5.823455000000000291e+04 3.811701999999999680e+04 2.331940000000000146e+04 1.419954999999999927e+04 8.363647999999999229e+03 4.344552999999999884e+03 4.647872999999999593e+03 6.751553000000000111e+02 1.690363999999999862e+02 7.391784999999999606e+00
2.164490000000000146e+04 1.444725000000000000e+04 9.171020000000000437e+03 5.256029000000000451e+03 2.763728000000000065e+03 1.469727000000000089e+03 6.751553000000000111e+02 8.583650999999999840e+02 6.970149000000000683e+01 5.458069000000000115e-02
5.247047999999999774e+03 3.460289000000000215e+03 1.888034000000000106e+03 1.035837999999999965e+03 6.147383999999999560e+02 3.834196000000000026e+02 1.690363999999999862e+02 6.970149000000000683e+01 1.402236000000000047e+02 3.968796000000000213e+00
4.030081999999999880e+02 2.412544000000000040e+02 1.674146000000000072e+02 1.081710999999999956e+02 9.810488999999999749e+01 3.397258000000000067e+01 7.391784999999999606e+00 5.458069000000000115e-02 3.968796000000000213e+00 1.169585999999999970e+01
