1.473685000000000000e+06 7.994678000000000466e+05 5.219905999999999767e+05 2.941412000000000116e+05 1.537845000000000000e+05 8.739311999999999534e+04 3.783434999999999854e+04 1.273109000000000015e+04 5.686154000000000451e+03 6.573893000000000484e+02
7.994678000000000466e+05 6.217354000000000233e+05 3.398180000000000000e+05 1.902542999999999884e+05 9.612500999999999476e+04 5.573012999999999738e+04 2.553431999999999971e+04 8.335188000000000102e+03 3.190646999999999935e+03 5.536607000000000198e+02
5.219905999999999767e+05 3.398180000000000000e+05 2.903212999999999884e+05 1.291323000000000029e+05 6.764736000000000058e+04 3.785848000000000320e+04 1.617540999999999985e+04 5.396938000000000102e+03 2.229277999999999793e+03 3.417939999999999827e+02
2.941412000000000116e+05 1.902542999999999884e+05 1.291323000000000029e+05 1.043788999999999942e+05 3.905173999999999796e+04 2.136645999999999913e+04 9.565282999999999447e+03 3.460728000000000065e+03 1.323457000000000107e+03 1.685120000000000005e+02
1.537845000000000000e+05 9.612500999999999476e+04 6.764736000000000058e+04 3.905173999999999796e+04 3.780498999999999796e+04 1.161354999999999927e+04 5.639238000000000284e+03 1.646777000000000044e+03 6.353192000000000235e+02 6.971513000000000204e+01
8.739311999999999534e+04 5.573012999999999738e+04 3.785848000000000320e+04 2.136645999999999913e+04 1.161354999999999927e+04 1.374157999999999993e+04 3.213500000000000000e+03 1.078888999999999896e+03 4.191173000000000002e+02 7.893147000000000446e+01
3.783434999999999854e+04 2.553431999999999971e+04 1.617540999999999985e+04 9.565282999999999447e+03 5.639238000000000284e+03 3.213500000000000000e+03 3.829175999999999931e+03 6.222821999999999889e+02 2.256365999999999872e+02 2.069583000000000084e+01
1.273109000000000015e+04 8.335188000000000102e+03 5.396938000000000102e+03 3.460728000000000065e+03 1.646777000000000044e+03 1.078888999999999896e+03 6.222821999999999889e+02 9.820780999999999494e+02 5.489258000000000237e+01 1.047949000000000019e+01
5.686154000000000451e+03 3.190646999999999935e+03 2.229277999999999793e+03 1.323457000000000107e+03 6.353192000000000235e+02 4.191173000000000002e+02 2.256365999999999872e+02 5.489258000000000237e+01 2.154533999999999878e+02 4.662749999999999950e+00
6.573893000000000484e+02 5.536607000000000198e+02 3.417939999999999827e+02 1.685120000000000005e+02 6.971513000000000204e+01 7.893147000000000446e+01 2.069583000000000084e+01 1.047949000000000019e+01 4.662749999999999950e+00 2.930008000000000123e+01
