1.199869000000000000e+06 6.611825000000000000e+05 3.879072999999999884e+05 2.197067999999999884e+05 1.171158000000000029e+05 5.672238999999999942e+04 2.280852000000000044e+04 9.148424999999999272e+03 2.129068000000000211e+03 2.846616999999999962e+02
6.611825000000000000e+05 5.298324000000000233e+05 2.578557999999999884e+05 1.417032999999999884e+05 7.438494000000000233e+04 3.660741000000000349e+04 1.671606000000000131e+04 5.798194000000000415e+03 1.173232999999999947e+03 2.143579000000000008e+02
3.879072999999999884e+05 2.578557999999999884e+05 1.983786000000000058e+05 8.207425000000000000e+04 4.556300000000000000e+04 2.128270000000000073e+04 9.276435999999999694e+03 3.309038000000000011e+03 8.558348999999999478e+02 1.376563999999999908e+02
2.197067999999999884e+05 1.417032999999999884e+05 8.207425000000000000e+04 7.592858999999999651e+04 2.658897000000000116e+04 1.135887000000000080e+04 5.879033999999999651e+03 2.027115000000000009e+03 3.843065000000000282e+02 5.943836999999999904e+01
1.171158000000000029e+05 7.438494000000000233e+04 4.556300000000000000e+04 2.658897000000000116e+04 2.771206999999999971e+04 7.494641999999999825e+03 3.280603000000000065e+03 1.011719000000000051e+03 2.982015999999999849e+02 2.258860999999999919e+01
5.672238999999999942e+04 3.660741000000000349e+04 2.128270000000000073e+04 1.135887000000000080e+04 7.494641999999999825e+03 8.381704999999999927e+03 1.682999000000000024e+03 5.479180000000000064e+02 1.103485000000000014e+02 1.587908000000000008e+01
2.280852000000000044e+04 1.671606000000000131e+04 9.276435999999999694e+03 5.879033999999999651e+03 3.280603000000000065e+03 1.682999000000000024e+03 2.234244999999999891e+03 2.367827000000000055e+02 7.702504999999999313e+01 2.658859000000000083e+00
9.148424999999999272e+03 5.798194000000000415e+03 3.309038000000000011e+03 2.027115000000000009e+03 1.011719000000000051e+03 5.479180000000000064e+02 2.367827000000000055e+02 5.879411999999999807e+02 2.145215999999999923e+01 3.637413000000000007e+00
2.129068000000000211e+03 1.173232999999999947e+03 8.558348999999999478e+02 3.843065000000000282e+02 2.982015999999999849e+02 1.103485000000000014e+02 7.702504999999999313e+01 2.145215999999999923e+01 1.084265000000000043e+02 2.740730000000000111e+00
2.846616999999999962e+02 2.143579000000000008e+02 1.376563999999999908e+02 5.943836999999999904e+01 2.258860999999999919e+01 1.587908000000000008e+01 2.658859000000000083e+00 3.637413000000000007e+00 2.740730000000000111e+00 5.918105999999999867e+00
