6.946911999999999534e+05 3.552830999999999767e+05 2.135752999999999884e+05 1.255501000000000058e+05 5.697252999999999884e+04 3.384244000000000233e+04 1.356192000000000007e+04 5.862123999999999796e+03 1.039703999999999951e+03 4.757837999999999852e+02
3.552830999999999767e+05 2.920497000000000116e+05 1.317843999999999942e+05 7.664763000000000466e+04 3.550140000000000146e+04 2.017640000000000146e+04 8.386155000000000655e+03 3.702061999999999898e+03 5.820834999999999582e+02 2.257262000000000057e+02
2.135752999999999884e+05 1.317843999999999942e+05 1.153003999999999942e+05 4.533477999999999884e+04 2.102136000000000058e+04 1.236879000000000087e+04 5.164394000000000233e+03 2.443967000000000098e+03 4.536123000000000047e+02 1.502060999999999922e+02
1.255501000000000058e+05 7.664763000000000466e+04 4.533477999999999884e+04 4.510379000000000087e+04 1.281147999999999956e+04 7.675837999999999738e+03 3.446434999999999945e+03 1.146174999999999955e+03 1.161398999999999972e+02 1.198670000000000044e+02
5.697252999999999884e+04 3.550140000000000146e+04 2.102136000000000058e+04 1.281147999999999956e+04 1.432901000000000022e+04 3.591829999999999927e+03 1.636477000000000089e+03 7.257477000000000089e+02 1.256213999999999942e+02 3.253788999999999731e+01
3.384244000000000233e+04 2.017640000000000146e+04 1.236879000000000087e+04 7.675837999999999738e+03 3.591829999999999927e+03 5.496462000000000444e+03 9.492517000000000280e+02 4.438423999999999978e+02 5.038577000000000083e+01 4.436630000000000251e+01
1.356192000000000007e+04 8.386155000000000655e+03 5.164394000000000233e+03 3.446434999999999945e+03 1.636477000000000089e+03 9.492517000000000280e+02 1.505358999999999924e+03 1.274809999999999945e+02 5.039356999999999687e+01 2.043656999999999968e+01
5.862123999999999796e+03 3.702061999999999898e+03 2.443967000000000098e+03 1.146174999999999955e+03 7.257477000000000089e+02 4.438423999999999978e+02 1.274809999999999945e+02 4.227957000000000107e+02 1.691610999999999976e+01 6.335257999999999612e+00
1.039703999999999951e+03 5.820834999999999582e+02 4.536123000000000047e+02 1.161398999999999972e+02 1.256213999999999942e+02 5.038577000000000083e+01 5.039356999999999687e+01 1.691610999999999976e+01 9.000355999999999312e+01 5.380095999999999767e-01
4.757837999999999852e+02 2.257262000000000057e+02 1.502060999999999922e+02 1.198670000000000044e+02 3.253788999999999731e+01 4.436630000000000251e+01 2.043656999999999968e+01 6.335257999999999612e+00 5.380095999999999767e-01 1.359059000000000061e+01
