2.062382000000000116e+05 8.853558999999999651e+04 5.016008999999999651e+04 2.531350999999999840e+04 1.363485000000000036e+04 5.280823999999999614e+03 2.084574999999999818e+03 8.654859999999999900e+02 3.924526999999999930e+02 3.648134000000000299e+01
8.853558999999999651e+04 8.416252000000000407e+04 2.724024000000000160e+04 1.645181999999999971e+04 7.675082000000000335e+03 3.828655999999999949e+03 1.370919000000000096e+03 6.189450000000000500e+02 2.114846000000000004e+02 2.932542000000000115e+01
5.016008999999999651e+04 2.724024000000000160e+04 3.119456999999999971e+04 7.858909999999999854e+03 4.518037000000000262e+03 1.771279999999999973e+03 8.270104999999999791e+02 3.986105999999999767e+02 1.652975999999999885e+02 7.567223000000000255e+00
2.531350999999999840e+04 1.645181999999999971e+04 7.858909999999999854e+03 1.399928000000000065e+04 2.606817000000000007e+03 8.752441999999999780e+02 3.145523999999999774e+02 1.779485999999999990e+02 6.944612999999999658e+01 1.063153999999999932e+01
1.363485000000000036e+04 7.675082000000000335e+03 4.518037000000000262e+03 2.606817000000000007e+03 4.514381999999999607e+03 6.332314999999999827e+02 1.999505000000000052e+02 9.075208999999999548e+01 1.450482000000000049e+01 1.986347000000000085e+00
5.280823999999999614e+03 3.828655999999999949e+03 1.771279999999999973e+03 8.752441999999999780e+02 6.332314999999999827e+02 1.528849999999999909e+03 1.251008999999999958e+02 2.576988000000000056e+01 -8.204646999999999579e+00 1.444439000000000028e+00
2.084574999999999818e+03 1.370919000000000096e+03 8.270104999999999791e+02 3.145523999999999774e+02 1.999505000000000052e+02 1.251008999999999958e+02 4.465928000000000111e+02 2.937220999999999904e+01 2.403500000000000192e+00 -3.840141000000000249e-01
8.654859999999999900e+02 6.189450000000000500e+02 3.986105999999999767e+02 1.779485999999999990e+02 9.075208999999999548e+01 2.576988000000000056e+01 2.937220999999999904e+01 1.396954000000000065e+02 4.062363000000000390e+00 2.729034000000000182e-01
3.924526999999999930e+02 2.114846000000000004e+02 1.652975999999999885e+02 6.944612999999999658e+01 1.450482000000000049e+01 -8.204646999999999579e+00 2.403500000000000192e+00 4.062363000000000390e+00 4.562751000000000090e+01 -2.397652000000000116e-01
3.648134000000000299e+01 2.932542000000000115e+01 7.567223000000000255e+00 1.063153999999999932e+01 1.986347000000000085e+00 1.444439000000000028e+00 -3.840141000000000249e-01 2.729034000000000182e-01 -2.397652000000000116e-01 2.976596999999999937e+00
