1.484888999999999942e+04 3.002597000000000207e+03 2.031788000000000011e+03 1.178607999999999947e+03 5.507874000000000478e+02 1.369175999999999931e+02 2.231160999999999888e+02 5.561771999999999849e+01 2.636052000000000106e+01 2.193753999999999849e+01
3.002597000000000207e+03 6.655280999999999949e+03 9.809279999999999973e+02 5.615729000000000042e+02 2.815935000000000059e+02 8.483787999999999840e+01 1.065610000000000070e+02 4.396085000000000065e+01 2.599990000000000023e+01 1.376213000000000086e+01
2.031788000000000011e+03 9.809279999999999973e+02 2.889920999999999822e+03 1.623463999999999885e+02 2.239893999999999892e+02 -6.489253999999999856e+00 5.400954000000000121e+01 6.463912999999999798e+00 1.471729000000000065e+00 6.093543999999999627e+00
1.178607999999999947e+03 5.615729000000000042e+02 1.623463999999999885e+02 1.561912000000000035e+03 1.236409000000000020e+02 5.661576999999999771e+01 1.111106999999999978e+01 1.668609999999999971e+01 -5.536041000000000434e-01 -1.231964000000000059e+00
5.507874000000000478e+02 2.815935000000000059e+02 2.239893999999999892e+02 1.236409000000000020e+02 6.215317000000000007e+02 1.787712000000000145e+01 4.459826999999999941e+01 5.434676999999999758e+00 -1.140347000000000000e+00 -2.534102999999999772e-01
1.369175999999999931e+02 8.483787999999999840e+01 -6.489253999999999856e+00 5.661576999999999771e+01 1.787712000000000145e+01 2.448157999999999959e+02 1.107793000000000028e+01 3.033126999999999907e+00 1.830402000000000085e+00 -9.239730999999999916e-01
2.231160999999999888e+02 1.065610000000000070e+02 5.400954000000000121e+01 1.111106999999999978e+01 4.459826999999999941e+01 1.107793000000000028e+01 1.203875000000000028e+02 2.690047999999999995e+00 2.290439999999999809e+00 -3.781662000000000079e-01
5.561771999999999849e+01 4.396085000000000065e+01 6.463912999999999798e+00 1.668609999999999971e+01 5.434676999999999758e+00 3.033126999999999907e+00 2.690047999999999995e+00 2.841315000000000168e+01 -4.912262000000000017e-01 -1.091614000000000057e-01
2.636052000000000106e+01 2.599990000000000023e+01 1.471729000000000065e+00 -5.536041000000000434e-01 -1.140347000000000000e+00 1.830402000000000085e+00 2.290439999999999809e+00 -4.912262000000000017e-01 8.824528000000000816e+00 -3.508759000000000183e-02
2.193753999999999849e+01 1.376213000000000086e+01 6.093543999999999627e+00 -1.231964000000000059e+00 -2.534102999999999772e-01 -9.239730999999999916e-01 -3.781662000000000079e-01 -1.091614000000000057e-01 -3.508759000000000183e-02 1.988296999999999981e+00
