2.658619000000000000e+06 1.393802000000000000e+06 8.969170999999999767e+05 5.470720999999999767e+05 2.839479000000000233e+05 1.430221000000000058e+05 5.445212000000000262e+04 1.434851000000000022e+04 3.275893999999999778e+03 4.784153000000000020e+02
1.393802000000000000e+06 1.032875000000000000e+06 5.431520000000000000e+05 3.329650999999999767e+05 1.677052000000000116e+05 8.823941000000000349e+04 3.224850000000000000e+04 9.481691000000000713e+03 2.197867000000000189e+03 2.284007000000000005e+02
8.969170999999999767e+05 5.431520000000000000e+05 4.430125000000000000e+05 2.100180000000000000e+05 1.084906999999999971e+05 5.430244000000000233e+04 2.017818000000000029e+04 5.615980999999999767e+03 1.431583000000000084e+03 2.073266999999999882e+02
5.470720999999999767e+05 3.329650999999999767e+05 2.100180000000000000e+05 1.916383999999999942e+05 6.995547000000000116e+04 3.630512000000000262e+04 1.277132999999999993e+04 3.775936999999999898e+03 7.962912999999999784e+02 6.671514999999999418e+01
2.839479000000000233e+05 1.677052000000000116e+05 1.084906999999999971e+05 6.995547000000000116e+04 6.316226000000000204e+04 1.753154000000000087e+04 7.142970999999999549e+03 1.784222999999999956e+03 6.247889999999999873e+02 7.797630999999999801e+01
1.430221000000000058e+05 8.823941000000000349e+04 5.430244000000000233e+04 3.630512000000000262e+04 1.753154000000000087e+04 1.895179000000000087e+04 3.392096000000000004e+03 8.324179000000000315e+02 2.974024000000000001e+02 3.076791000000000054e+01
5.445212000000000262e+04 3.224850000000000000e+04 2.017818000000000029e+04 1.277132999999999993e+04 7.142970999999999549e+03 3.392096000000000004e+03 3.981159999999999854e+03 4.499223000000000070e+02 8.369364000000000203e+01 1.190834000000000081e+01
1.434851000000000022e+04 9.481691000000000713e+03 5.615980999999999767e+03 3.775936999999999898e+03 1.784222999999999956e+03 8.324179000000000315e+02 4.499223000000000070e+02 8.424743999999999460e+02 3.152230000000000132e+01 3.916164000000000200e+00
3.275893999999999778e+03 2.197867000000000189e+03 1.431583000000000084e+03 7.962912999999999784e+02 6.247889999999999873e+02 2.974024000000000001e+02 8.369364000000000203e+01 3.152230000000000132e+01 1.180327000000000055e+02 3.393749000000000127e+00
4.784153000000000020e+02 2.284007000000000005e+02 2.073266999999999882e+02 6.671514999999999418e+01 7.797630999999999801e+01 3.076791000000000054e+01 1.190834000000000081e+01 3.916164000000000200e+00 3.393749000000000127e+00 6.890812000000000381e+00
