1.400247000000000000e+06 7.654158000000000466e+05 4.629375999999999767e+05 2.661657999999999884e+05 1.350276000000000058e+05 6.517748999999999796e+04 2.485697000000000116e+04 6.708813000000000102e+03 1.948732999999999947e+03 3.094529999999999745e+02
7.654158000000000466e+05 6.299821999999999534e+05 3.093697999999999884e+05 1.753086000000000058e+05 8.560224000000000524e+04 4.068840000000000146e+04 1.580535000000000036e+04 4.186016999999999825e+03 1.156119999999999891e+03 2.483051000000000101e+02
4.629375999999999767e+05 3.093697999999999884e+05 2.610606000000000058e+05 1.045413999999999942e+05 5.569358999999999651e+04 2.503777999999999884e+04 9.187563000000000102e+03 3.131710999999999785e+03 9.220238000000000511e+02 1.189274000000000058e+02
2.661657999999999884e+05 1.753086000000000058e+05 1.045413999999999942e+05 9.890452999999999884e+04 3.450541999999999825e+04 1.532170000000000073e+04 5.233240999999999985e+03 1.844115999999999985e+03 5.484968999999999824e+02 6.315180999999999756e+01
1.350276000000000058e+05 8.560224000000000524e+04 5.569358999999999651e+04 3.450541999999999825e+04 3.266729000000000087e+04 7.701694000000000415e+03 2.583264999999999873e+03 9.784367999999999483e+02 2.821666000000000167e+02 4.655733000000000033e+01
6.517748999999999796e+04 4.068840000000000146e+04 2.503777999999999884e+04 1.532170000000000073e+04 7.701694000000000415e+03 9.762824000000000524e+03 1.476106999999999971e+03 4.078073999999999728e+02 1.397421999999999969e+02 1.391807999999999934e+00
2.485697000000000116e+04 1.580535000000000036e+04 9.187563000000000102e+03 5.233240999999999985e+03 2.583264999999999873e+03 1.476106999999999971e+03 2.369751000000000204e+03 2.058530000000000086e+02 5.583603999999999701e+01 6.730967999999999840e+00
6.708813000000000102e+03 4.186016999999999825e+03 3.131710999999999785e+03 1.844115999999999985e+03 9.784367999999999483e+02 4.078073999999999728e+02 2.058530000000000086e+02 5.258128000000000384e+02 2.442876000000000047e+01 4.150082000000000271e+00
1.948732999999999947e+03 1.156119999999999891e+03 9.220238000000000511e+02 5.484968999999999824e+02 2.821666000000000167e+02 1.397421999999999969e+02 5.583603999999999701e+01 2.442876000000000047e+01 8.205817000000000405e+01 5.224151999999999685e-01
3.094529999999999745e+02 2.483051000000000101e+02 1.189274000000000058e+02 6.315180999999999756e+01 4.655733000000000033e+01 1.391807999999999934e+00 6.730967999999999840e+00 4.150082000000000271e+00 5.224151999999999685e-01 8.824528000000000816e+00
