2.305283000000000000e+06 1.263101000000000000e+06 8.030333000000000466e+05 4.514784000000000233e+05 2.442085000000000000e+05 1.122000000000000000e+05 4.728626000000000204e+04 1.029376000000000022e+04 3.485405999999999949e+03 6.412060999999999922e+01
1.263101000000000000e+06 9.661820000000000000e+05 5.019670999999999767e+05 2.957952999999999884e+05 1.472572999999999884e+05 7.454094000000000233e+04 2.647791999999999825e+04 7.299746000000000095e+03 2.221909999999999854e+03 1.561125000000000114e+02
8.030333000000000466e+05 5.019670999999999767e+05 4.103462999999999884e+05 1.821118999999999942e+05 9.230552999999999884e+04 4.311455999999999767e+04 1.768697000000000116e+04 4.214096999999999753e+03 1.513624000000000024e+03 6.160210000000000008e+01
4.514784000000000233e+05 2.957952999999999884e+05 1.821118999999999942e+05 1.589482000000000116e+05 6.066937000000000262e+04 2.880291999999999825e+04 9.292338999999999942e+03 2.533744999999999891e+03 7.418490000000000464e+02 3.009540000000000148e+01
2.442085000000000000e+05 1.472572999999999884e+05 9.230552999999999884e+04 6.066937000000000262e+04 5.421687000000000262e+04 1.324045999999999913e+04 5.455854000000000269e+03 1.738535000000000082e+03 6.013075999999999794e+02 3.060416999999999987e+01
1.122000000000000000e+05 7.454094000000000233e+04 4.311455999999999767e+04 2.880291999999999825e+04 1.324045999999999913e+04 1.595029000000000087e+04 2.578579000000000178e+03 5.756235000000000355e+02 1.898160000000000025e+02 3.524353000000000069e+00
4.728626000000000204e+04 2.647791999999999825e+04 1.768697000000000116e+04 9.292338999999999942e+03 5.455854000000000269e+03 2.578579000000000178e+03 3.674777000000000044e+03 3.184393000000000029e+02 7.012838999999999601e+01 7.945388999999999591e+00
1.029376000000000022e+04 7.299746000000000095e+03 4.214096999999999753e+03 2.533744999999999891e+03 1.738535000000000082e+03 5.756235000000000355e+02 3.184393000000000029e+02 7.464143000000000256e+02 2.092780000000000129e+01 3.820647999999999822e+00
3.485405999999999949e+03 2.221909999999999854e+03 1.513624000000000024e+03 7.418490000000000464e+02 6.013075999999999794e+02 1.898160000000000025e+02 7.012838999999999601e+01 2.092780000000000129e+01 9.455714000000000397e+01 8.187102999999999742e-02
6.412060999999999922e+01 1.561125000000000114e+02 6.160210000000000008e+01 3.009540000000000148e+01 3.060416999999999987e+01 3.524353000000000069e+00 7.945388999999999591e+00 3.820647999999999822e+00 8.187102999999999742e-02 4.941501999999999839e+00
