2.024537000000000000e+06 1.109713000000000000e+06 6.860860999999999767e+05 3.868227000000000116e+05 2.174113999999999942e+05 1.046378000000000029e+05 3.691626999999999680e+04 1.057020999999999913e+04 2.932423999999999978e+03 3.167259000000000242e+02
1.109713000000000000e+06 8.436399000000000233e+05 4.332577000000000116e+05 2.459090000000000000e+05 1.286216999999999971e+05 6.697105000000000291e+04 2.040920000000000073e+04 7.433078999999999724e+03 1.607587999999999965e+03 2.311257999999999981e+02
6.860860999999999767e+05 4.332577000000000116e+05 3.511022999999999884e+05 1.588912999999999884e+05 8.245513000000000466e+04 4.164998000000000320e+04 1.340544000000000051e+04 4.604442000000000007e+03 1.445855999999999995e+03 1.480637999999999863e+02
3.868227000000000116e+05 2.459090000000000000e+05 1.588912999999999884e+05 1.363706000000000058e+05 5.120798000000000320e+04 2.497440999999999985e+04 7.092338999999999942e+03 2.522813000000000102e+03 7.306014999999999873e+02 3.028447999999999851e+01
2.174113999999999942e+05 1.286216999999999971e+05 8.245513000000000466e+04 5.120798000000000320e+04 4.976684999999999854e+04 1.319104999999999927e+04 4.338085000000000036e+03 1.476079999999999927e+03 5.592376000000000431e+02 3.445991000000000071e+01
1.046378000000000029e+05 6.697105000000000291e+04 4.164998000000000320e+04 2.497440999999999985e+04 1.319104999999999927e+04 1.539542000000000007e+04 2.219268000000000029e+03 7.375099000000000160e+02 2.208158999999999992e+02 3.447355000000000302e+01
3.691626999999999680e+04 2.040920000000000073e+04 1.340544000000000051e+04 7.092338999999999942e+03 4.338085000000000036e+03 2.219268000000000029e+03 3.196476999999999862e+03 2.283499999999999943e+02 7.351434000000000424e+01 -5.711479000000000417e-01
1.057020999999999913e+04 7.433078999999999724e+03 4.604442000000000007e+03 2.522813000000000102e+03 1.476079999999999927e+03 7.375099000000000160e+02 2.283499999999999943e+02 8.023048999999999751e+02 2.477963000000000093e+01 6.081847999999999699e-01
2.932423999999999978e+03 1.607587999999999965e+03 1.445855999999999995e+03 7.306014999999999873e+02 5.592376000000000431e+02 2.208158999999999992e+02 7.351434000000000424e+01 2.477963000000000093e+01 9.264486999999999739e+01 3.996085999999999805e-01
3.167259000000000242e+02 2.311257999999999981e+02 1.480637999999999863e+02 3.028447999999999851e+01 3.445991000000000071e+01 3.447355000000000302e+01 -5.711479000000000417e-01 6.081847999999999699e-01 3.996085999999999805e-01 8.824528000000000816e+00
