1.215650000000000000e+06 6.455356999999999534e+05 3.716077999999999884e+05 2.133017000000000116e+05 1.129368000000000029e+05 4.460225000000000000e+04 1.726404999999999927e+04 4.329963999999999942e+03 1.457961000000000013e+03 1.343582000000000107e+02
6.455356999999999534e+05 5.300885000000000000e+05 2.374823999999999942e+05 1.364761000000000058e+05 7.574671000000000640e+04 2.848409000000000015e+04 1.049079999999999927e+04 3.046849999999999909e+03 8.367902000000000271e+02 1.765490000000000066e+02
3.716077999999999884e+05 2.374823999999999942e+05 2.053576000000000058e+05 8.232439999999999418e+04 4.274334999999999854e+04 1.614718000000000029e+04 7.137127000000000407e+03 2.066954999999999927e+03 4.204583999999999833e+02 6.730579000000000178e+01
2.133017000000000116e+05 1.364761000000000058e+05 8.232439999999999418e+04 7.817052000000000407e+04 2.780559000000000015e+04 9.673164000000000669e+03 3.698293999999999869e+03 1.280493999999999915e+03 2.650749999999999886e+02 1.977380000000000138e+01
1.129368000000000029e+05 7.574671000000000640e+04 4.274334999999999854e+04 2.780559000000000015e+04 2.645422999999999956e+04 5.577771999999999935e+03 2.037575000000000045e+03 6.517246000000000095e+02 2.352272000000000105e+02 1.958667000000000158e+01
4.460225000000000000e+04 2.848409000000000015e+04 1.614718000000000029e+04 9.673164000000000669e+03 5.577771999999999935e+03 6.403762999999999920e+03 9.591484000000000378e+02 1.667361999999999966e+02 4.617331000000000074e+01 -4.768012999999999835e+00
1.726404999999999927e+04 1.049079999999999927e+04 7.137127000000000407e+03 3.698293999999999869e+03 2.037575000000000045e+03 9.591484000000000378e+02 1.736973999999999933e+03 1.304322999999999979e+02 3.511292999999999864e+01 4.877174000000000120e+00
4.329963999999999942e+03 3.046849999999999909e+03 2.066954999999999927e+03 1.280493999999999915e+03 6.517246000000000095e+02 1.667361999999999966e+02 1.304322999999999979e+02 3.792577999999999747e+02 3.056519000000000208e+00 -1.247559000000000029e-01
1.457961000000000013e+03 8.367902000000000271e+02 4.204583999999999833e+02 2.650749999999999886e+02 2.352272000000000105e+02 4.617331000000000074e+01 3.511292999999999864e+01 3.056519000000000208e+00 6.161184999999999690e+01 1.282645999999999953e+00
1.343582000000000107e+02 1.765490000000000066e+02 6.730579000000000178e+01 1.977380000000000138e+01 1.958667000000000158e+01 -4.768012999999999835e+00 4.877174000000000120e+00 -1.247559000000000029e-01 1.282645999999999953e+00 5.918105999999999867e+00
