2.892847000000000000e+06 1.583111000000000000e+06 1.005813000000000000e+06 6.197558000000000466e+05 3.484475000000000000e+05 1.933185000000000000e+05 7.584239999999999418e+04 2.792179000000000087e+04 5.375917000000000371e+03 5.307406999999999471e+02
1.583111000000000000e+06 1.196582000000000000e+06 6.151310000000000000e+05 3.933339000000000233e+05 2.126113999999999942e+05 1.134735000000000000e+05 4.886634999999999854e+04 1.750284999999999854e+04 3.301476999999999862e+03 5.189044999999999845e+02
1.005813000000000000e+06 6.151310000000000000e+05 5.188929000000000233e+05 2.553066000000000058e+05 1.370005000000000000e+05 7.451778999999999360e+04 2.845165999999999985e+04 9.889665999999999258e+03 2.222525999999999840e+03 3.421078999999999724e+02
6.197558000000000466e+05 3.933339000000000233e+05 2.553066000000000058e+05 2.157257999999999884e+05 8.224280999999999767e+04 4.784300000000000000e+04 1.925256999999999971e+04 6.235671999999999571e+03 1.208634999999999991e+03 1.084128000000000043e+02
3.484475000000000000e+05 2.126113999999999942e+05 1.370005000000000000e+05 8.224280999999999767e+04 7.650658999999999651e+04 2.811209999999999854e+04 1.105487000000000080e+04 3.678610000000000127e+03 8.848932999999999538e+02 1.582723000000000013e+02
1.933185000000000000e+05 1.134735000000000000e+05 7.451778999999999360e+04 4.784300000000000000e+04 2.811209999999999854e+04 2.744033000000000175e+04 5.719162999999999556e+03 2.039923999999999978e+03 5.758106999999999971e+02 5.874246999999999730e+01
7.584239999999999418e+04 4.886634999999999854e+04 2.845165999999999985e+04 1.925256999999999971e+04 1.105487000000000080e+04 5.719162999999999556e+03 6.481496000000000095e+03 9.000861999999999625e+02 1.351106000000000051e+02 2.808175999999999917e+01
2.792179000000000087e+04 1.750284999999999854e+04 9.889665999999999258e+03 6.235671999999999571e+03 3.678610000000000127e+03 2.039923999999999978e+03 9.000861999999999625e+02 1.417334000000000060e+03 2.725916000000000139e+01 1.225141999999999953e+01
5.375917000000000371e+03 3.301476999999999862e+03 2.222525999999999840e+03 1.208634999999999991e+03 8.848932999999999538e+02 5.758106999999999971e+02 1.351106000000000051e+02 2.725916000000000139e+01 2.594922000000000253e+02 4.428833000000000020e+00
5.307406999999999471e+02 5.189044999999999845e+02 3.421078999999999724e+02 1.084128000000000043e+02 1.582723000000000013e+02 5.874246999999999730e+01 2.808175999999999917e+01 1.225141999999999953e+01 4.428833000000000020e+00 1.453210999999999942e+01
