1.749546000000000000e+06 9.344306999999999534e+05 5.690434000000000233e+05 3.319952999999999884e+05 1.735731000000000058e+05 8.322535000000000582e+04 2.949874000000000160e+04 7.518256000000000313e+03 2.284123999999999796e+03 2.098394000000000119e+02
9.344306999999999534e+05 7.384465000000000000e+05 3.549487999999999884e+05 2.142296000000000058e+05 1.072943999999999942e+05 5.082225000000000000e+04 1.777956000000000131e+04 4.830489999999999782e+03 1.314378999999999905e+03 1.983773999999999944e+02
5.690434000000000233e+05 3.549487999999999884e+05 2.976497000000000116e+05 1.273681999999999971e+05 6.620602000000000407e+04 3.308780999999999767e+04 1.047248999999999978e+04 3.343224999999999909e+03 1.026032999999999902e+03 1.295433999999999912e+02
3.319952999999999884e+05 2.142296000000000058e+05 1.273681999999999971e+05 1.175041000000000058e+05 4.178972000000000116e+04 1.909968999999999869e+04 6.253324999999999818e+03 1.659315000000000055e+03 5.522318000000000211e+02 8.333691000000000315e+01
1.735731000000000058e+05 1.072943999999999942e+05 6.620602000000000407e+04 4.178972000000000116e+04 3.901352999999999884e+04 9.968539000000000669e+03 3.568188999999999851e+03 8.951701000000000477e+02 3.757490999999999985e+02 2.507592999999999961e+01
8.322535000000000582e+04 5.082225000000000000e+04 3.308780999999999767e+04 1.909968999999999869e+04 9.968539000000000669e+03 1.181845000000000073e+04 1.775056000000000040e+03 4.600976999999999748e+02 1.790617000000000019e+02 1.355161000000000016e+01
2.949874000000000160e+04 1.777956000000000131e+04 1.047248999999999978e+04 6.253324999999999818e+03 3.568188999999999851e+03 1.775056000000000040e+03 2.827824000000000069e+03 2.266326999999999998e+02 6.180678000000000338e+01 -1.543854000000000060e+00
7.518256000000000313e+03 4.830489999999999782e+03 3.343224999999999909e+03 1.659315000000000055e+03 8.951701000000000477e+02 4.600976999999999748e+02 2.266326999999999998e+02 6.031146999999999707e+02 2.372505999999999915e+01 2.697845000000000049e+00
2.284123999999999796e+03 1.314378999999999905e+03 1.026032999999999902e+03 5.522318000000000211e+02 3.757490999999999985e+02 1.790617000000000019e+02 6.180678000000000338e+01 2.372505999999999915e+01 9.403278000000000247e+01 -3.586731000000000225e-01
2.098394000000000119e+02 1.983773999999999944e+02 1.295433999999999912e+02 8.333691000000000315e+01 2.507592999999999961e+01 1.355161000000000016e+01 -1.543854000000000060e+00 2.697845000000000049e+00 -3.586731000000000225e-01 7.859619000000000355e+00
