2.770133000000000000e+06 1.514511000000000000e+06 9.520010000000000000e+05 5.875695000000000000e+05 3.227234000000000233e+05 1.732192999999999884e+05 6.713324000000000524e+04 2.169695000000000073e+04 4.533042999999999665e+03 5.674442000000000235e+02
1.514511000000000000e+06 1.133140000000000000e+06 5.898189000000000233e+05 3.750920999999999767e+05 1.963175000000000000e+05 1.028343000000000029e+05 4.212027999999999884e+04 1.409975000000000000e+04 2.667226000000000113e+03 4.405362999999999829e+02
9.520010000000000000e+05 5.898189000000000233e+05 4.890917000000000116e+05 2.318908999999999942e+05 1.236955000000000000e+05 6.542347000000000116e+04 2.639379000000000087e+04 7.529686999999999898e+03 1.847198000000000093e+03 2.923654000000000224e+02
5.875695000000000000e+05 3.750920999999999767e+05 2.318908999999999942e+05 2.035397000000000116e+05 7.766536999999999534e+04 4.318280999999999767e+04 1.683404999999999927e+04 4.961171999999999571e+03 9.382029999999999745e+02 1.496368999999999971e+02
3.227234000000000233e+05 1.963175000000000000e+05 1.236955000000000000e+05 7.766536999999999534e+04 7.445266999999999825e+04 2.375065000000000146e+04 9.315816000000000713e+03 2.830425999999999931e+03 7.023911000000000513e+02 1.531221999999999923e+02
1.732192999999999884e+05 1.028343000000000029e+05 6.542347000000000116e+04 4.318280999999999767e+04 2.375065000000000146e+04 2.274150000000000000e+04 4.754944999999999709e+03 1.415791999999999916e+03 3.400844999999999914e+02 3.917334000000000316e+01
6.713324000000000524e+04 4.212027999999999884e+04 2.639379000000000087e+04 1.683404999999999927e+04 9.315816000000000713e+03 4.754944999999999709e+03 5.218006999999999607e+03 6.485666999999999689e+02 1.655822000000000003e+02 2.392193999999999932e+01
2.169695000000000073e+04 1.409975000000000000e+04 7.529686999999999898e+03 4.961171999999999571e+03 2.830425999999999931e+03 1.415791999999999916e+03 6.485666999999999689e+02 1.180438000000000102e+03 2.676792999999999978e+01 8.506790000000000518e+00
4.533042999999999665e+03 2.667226000000000113e+03 1.847198000000000093e+03 9.382029999999999745e+02 7.023911000000000513e+02 3.400844999999999914e+02 1.655822000000000003e+02 2.676792999999999978e+01 1.831103999999999985e+02 2.152038999999999813e+00
5.674442000000000235e+02 4.405362999999999829e+02 2.923654000000000224e+02 1.496368999999999971e+02 1.531221999999999923e+02 3.917334000000000316e+01 2.392193999999999932e+01 8.506790000000000518e+00 2.152038999999999813e+00 1.169585999999999970e+01
