1.591873000000000000e+06 8.218325000000000000e+05 5.039867999999999884e+05 2.926345999999999767e+05 1.674275000000000000e+05 7.801024000000000524e+04 3.137243000000000029e+04 1.182536000000000058e+04 2.583369999999999891e+03 7.376385000000000218e+02
8.218325000000000000e+05 6.186594000000000233e+05 3.036810999999999767e+05 1.807201000000000058e+05 1.036151000000000058e+05 4.657801000000000204e+04 1.926336000000000058e+04 6.294182999999999993e+03 1.655022999999999911e+03 2.945291000000000281e+02
5.039867999999999884e+05 3.036810999999999767e+05 2.637745999999999767e+05 1.134123999999999942e+05 6.313898999999999796e+04 3.302355000000000291e+04 1.188009000000000015e+04 4.013396000000000186e+03 1.140929000000000087e+03 1.869680999999999926e+02
2.926345999999999767e+05 1.807201000000000058e+05 1.134123999999999942e+05 1.018446999999999971e+05 3.839548999999999796e+04 1.903038000000000102e+04 6.745548999999999978e+03 2.432239999999999782e+03 6.525978999999999814e+02 1.575666999999999973e+02
1.674275000000000000e+05 1.036151000000000058e+05 6.313898999999999796e+04 3.839548999999999796e+04 3.764826000000000204e+04 1.013846999999999935e+04 3.809735999999999876e+03 1.478855999999999995e+03 4.393063000000000216e+02 9.343628999999999962e+01
7.801024000000000524e+04 4.657801000000000204e+04 3.302355000000000291e+04 1.903038000000000102e+04 1.013846999999999935e+04 1.218284000000000015e+04 2.412719999999999800e+03 8.540786000000000513e+02 2.428157999999999959e+02 6.661378000000000554e+01
3.137243000000000029e+04 1.926336000000000058e+04 1.188009000000000015e+04 6.745548999999999978e+03 3.809735999999999876e+03 2.412719999999999800e+03 3.059505000000000109e+03 1.891298999999999921e+02 8.119656999999999414e+01 1.292393000000000036e+01
1.182536000000000058e+04 6.294182999999999993e+03 4.013396000000000186e+03 2.432239999999999782e+03 1.478855999999999995e+03 8.540786000000000513e+02 1.891298999999999921e+02 7.904530999999999494e+02 4.116942999999999842e+01 1.422217000000000020e+01
2.583369999999999891e+03 1.655022999999999911e+03 1.140929000000000087e+03 6.525978999999999814e+02 4.393063000000000216e+02 2.428157999999999959e+02 8.119656999999999414e+01 4.116942999999999842e+01 1.272022000000000048e+02 2.430790000000000006e+00
7.376385000000000218e+02 2.945291000000000281e+02 1.869680999999999926e+02 1.575666999999999973e+02 9.343628999999999962e+01 6.661378000000000554e+01 1.292393000000000036e+01 1.422217000000000020e+01 2.430790000000000006e+00 2.025527999999999906e+01
