2.335345000000000000e+06 1.213351000000000000e+06 7.569946999999999534e+05 4.593292000000000116e+05 2.429193999999999942e+05 1.061851000000000058e+05 5.081609999999999854e+04 1.607126000000000022e+04 4.457752999999999702e+03 2.619132000000000176e+02
1.213351000000000000e+06 8.865871999999999534e+05 4.597767000000000116e+05 2.742107999999999884e+05 1.492862000000000116e+05 6.357548000000000320e+04 3.184040999999999985e+04 9.812531999999999243e+03 2.356528999999999996e+03 1.471572999999999922e+02
7.569946999999999534e+05 4.597767000000000116e+05 3.643897999999999884e+05 1.754428999999999942e+05 9.653969999999999709e+04 4.180048000000000320e+04 1.776366999999999825e+04 5.956313000000000102e+03 1.534778000000000020e+03 1.179098999999999933e+02
4.593292000000000116e+05 2.742107999999999884e+05 1.754428999999999942e+05 1.594445000000000000e+05 5.677623999999999796e+04 2.689318000000000029e+04 1.201762000000000080e+04 3.567900999999999840e+03 9.248698000000000548e+02 8.872871000000000663e+01
2.429193999999999942e+05 1.492862000000000116e+05 9.653969999999999709e+04 5.677623999999999796e+04 5.183244000000000233e+04 1.373146999999999935e+04 5.819922999999999774e+03 1.994502999999999929e+03 5.837015000000000100e+02 4.109145999999999788e+01
1.061851000000000058e+05 6.357548000000000320e+04 4.180048000000000320e+04 2.689318000000000029e+04 1.373146999999999935e+04 1.413139999999999964e+04 2.926913000000000011e+03 1.094490999999999985e+03 2.763888000000000034e+02 9.508736000000000743e+00
5.081609999999999854e+04 3.184040999999999985e+04 1.776366999999999825e+04 1.201762000000000080e+04 5.819922999999999774e+03 2.926913000000000011e+03 4.001387999999999920e+03 3.273437999999999874e+02 9.869747999999999877e+01 5.808944999999999581e+00
1.607126000000000022e+04 9.812531999999999243e+03 5.956313000000000102e+03 3.567900999999999840e+03 1.994502999999999929e+03 1.094490999999999985e+03 3.273437999999999874e+02 8.914352000000000089e+02 4.566843999999999681e+01 6.304070000000000285e+00
4.457752999999999702e+03 2.356528999999999996e+03 1.534778000000000020e+03 9.248698000000000548e+02 5.837015000000000100e+02 2.763888000000000034e+02 9.869747999999999877e+01 4.566843999999999681e+01 1.285531000000000006e+02 1.461983000000000033e+00
2.619132000000000176e+02 1.471572999999999922e+02 1.179098999999999933e+02 8.872871000000000663e+01 4.109145999999999788e+01 9.508736000000000743e+00 5.808944999999999581e+00 6.304070000000000285e+00 1.461983000000000033e+00 1.074264999999999937e+01
