9.132033000000000466e+05 4.829025000000000000e+05 2.928819000000000233e+05 1.816230000000000000e+05 9.659628999999999360e+04 4.337254000000000087e+04 2.078750000000000000e+04 9.534388999999999214e+03 3.572130999999999858e+03 5.001929999999999836e+02
4.829025000000000000e+05 4.053057999999999884e+05 1.896350000000000000e+05 1.152273999999999942e+05 6.193725000000000000e+04 2.880488999999999942e+04 1.457667000000000007e+04 5.340899999999999636e+03 1.996625999999999976e+03 1.504945999999999913e+02
2.928819000000000233e+05 1.896350000000000000e+05 1.686693999999999942e+05 7.022330000000000291e+04 3.759938999999999942e+04 1.758784000000000015e+04 8.314034999999999854e+03 3.574286999999999807e+03 1.256019000000000005e+03 1.407557999999999936e+02
1.816230000000000000e+05 1.152273999999999942e+05 7.022330000000000291e+04 7.029639999999999418e+04 2.320481000000000131e+04 1.099119000000000051e+04 4.416724000000000160e+03 2.466204999999999927e+03 6.009880000000000564e+02 8.162152000000000385e+01
9.659628999999999360e+04 6.193725000000000000e+04 3.759938999999999942e+04 2.320481000000000131e+04 2.537081999999999971e+04 6.283087000000000444e+03 3.246826000000000022e+03 1.351136999999999944e+03 4.292615000000000123e+02 9.135247999999999990e+01
4.337254000000000087e+04 2.880488999999999942e+04 1.758784000000000015e+04 1.099119000000000051e+04 6.283087000000000444e+03 8.768120999999999185e+03 1.239653999999999996e+03 6.417987000000000535e+02 2.555994000000000028e+02 7.821412999999999727e+01
2.078750000000000000e+04 1.457667000000000007e+04 8.314034999999999854e+03 4.416724000000000160e+03 3.246826000000000022e+03 1.239653999999999996e+03 2.613320999999999913e+03 2.913127000000000066e+02 1.200872999999999990e+02 1.703697000000000017e+01
9.534388999999999214e+03 5.340899999999999636e+03 3.574286999999999807e+03 2.466204999999999927e+03 1.351136999999999944e+03 6.417987000000000535e+02 2.913127000000000066e+02 7.245507999999999811e+02 6.645588999999999658e+01 4.210510000000000197e+00
3.572130999999999858e+03 1.996625999999999976e+03 1.256019000000000005e+03 6.009880000000000564e+02 4.292615000000000123e+02 2.555994000000000028e+02 1.200872999999999990e+02 6.645588999999999658e+01 1.935099999999999909e+02 8.631546000000000163e+00
5.001929999999999836e+02 1.504945999999999913e+02 1.407557999999999936e+02 8.162152000000000385e+01 9.135247999999999990e+01 7.821412999999999727e+01 1.703697000000000017e+01 4.210510000000000197e+00 8.631546000000000163e+00 3.040924000000000049e+01
