7.299480000000000000e+05 3.738300000000000000e+05 2.232592000000000116e+05 1.324622000000000116e+05 7.088450000000000000e+04 3.314056999999999971e+04 1.528557999999999993e+04 7.227372000000000298e+03 2.197527999999999793e+03 3.940024000000000228e+02
3.738300000000000000e+05 3.098030999999999767e+05 1.441302000000000116e+05 8.541177999999999884e+04 4.363773999999999796e+04 2.039275999999999840e+04 9.294752000000000407e+03 4.532497000000000298e+03 1.223317000000000007e+03 1.767050000000000125e+02
2.232592000000000116e+05 1.441302000000000116e+05 1.260931000000000058e+05 5.071577999999999884e+04 2.635936000000000058e+04 1.234885000000000036e+04 5.528869999999999891e+03 2.593170999999999822e+03 9.577935999999999694e+02 1.645471000000000004e+02
1.324622000000000116e+05 8.541177999999999884e+04 5.071577999999999884e+04 5.396837999999999738e+04 1.660452000000000044e+04 7.516143000000000029e+03 3.188420999999999822e+03 1.726550999999999931e+03 4.157099000000000046e+02 1.386233000000000004e+02
7.088450000000000000e+04 4.363773999999999796e+04 2.635936000000000058e+04 1.660452000000000044e+04 1.914050999999999840e+04 4.493502999999999702e+03 1.812133000000000038e+03 1.030125000000000000e+03 2.754141999999999939e+02 5.410506000000000171e+01
3.314056999999999971e+04 2.039275999999999840e+04 1.234885000000000036e+04 7.516143000000000029e+03 4.493502999999999702e+03 6.931614999999999782e+03 9.092635999999999967e+02 5.495884999999999536e+02 1.476563999999999908e+02 3.742286000000000001e+01
1.528557999999999993e+04 9.294752000000000407e+03 5.528869999999999891e+03 3.188420999999999822e+03 1.812133000000000038e+03 9.092635999999999967e+02 1.906486000000000104e+03 2.245021000000000129e+02 6.813618999999999915e+01 6.399586000000000219e+00
7.227372000000000298e+03 4.532497000000000298e+03 2.593170999999999822e+03 1.726550999999999931e+03 1.030125000000000000e+03 5.495884999999999536e+02 2.245021000000000129e+02 5.981965000000000146e+02 4.362556000000000012e+01 -9.473648000000000069e-01
2.197527999999999793e+03 1.223317000000000007e+03 9.577935999999999694e+02 4.157099000000000046e+02 2.754141999999999939e+02 1.476563999999999908e+02 6.813618999999999915e+01 4.362556000000000012e+01 1.426504999999999939e+02 5.653000000000000247e-01
3.940024000000000228e+02 1.767050000000000125e+02 1.645471000000000004e+02 1.386233000000000004e+02 5.410506000000000171e+01 3.742286000000000001e+01 6.399586000000000219e+00 -9.473648000000000069e-01 5.653000000000000247e-01 2.951840999999999937e+01
