2.481744000000000000e+06 1.368621000000000000e+06 8.572289000000000233e+05 5.192717000000000116e+05 2.930275999999999767e+05 1.319293999999999942e+05 6.869719000000000233e+04 2.321679000000000087e+04 6.177015000000000327e+03 5.564813000000000329e+02
1.368621000000000000e+06 1.077943000000000000e+06 5.438743000000000466e+05 3.330987999999999884e+05 1.945502999999999884e+05 8.365361000000000058e+04 4.412963999999999942e+04 1.425828000000000065e+04 3.949443000000000211e+03 5.793038000000000238e+02
8.572289000000000233e+05 5.438743000000000466e+05 4.412885000000000000e+05 2.036900000000000000e+05 1.215725000000000000e+05 5.168556999999999971e+04 2.803177000000000044e+04 8.558352999999999156e+03 2.232204000000000178e+03 3.722169000000000096e+02
5.192717000000000116e+05 3.330987999999999884e+05 2.036900000000000000e+05 1.802303999999999942e+05 7.491230000000000291e+04 3.498623999999999796e+04 1.630770999999999913e+04 5.711923999999999978e+03 1.524089999999999918e+03 1.386739000000000033e+02
2.930275999999999767e+05 1.945502999999999884e+05 1.215725000000000000e+05 7.491230000000000291e+04 6.924708999999999651e+04 1.864229000000000087e+04 8.700597999999999956e+03 3.549592999999999847e+03 7.543305000000000291e+02 1.283815999999999917e+02
1.319293999999999942e+05 8.365361000000000058e+04 5.168556999999999971e+04 3.498623999999999796e+04 1.864229000000000087e+04 1.920038999999999942e+04 4.335016999999999825e+03 1.657038999999999987e+03 5.179941000000000031e+02 4.906024000000000029e+01
6.869719000000000233e+04 4.412963999999999942e+04 2.803177000000000044e+04 1.630770999999999913e+04 8.700597999999999956e+03 4.335016999999999825e+03 5.916421999999999571e+03 7.300712999999999511e+02 1.934962999999999909e+02 4.141895000000000238e+01
2.321679000000000087e+04 1.425828000000000065e+04 8.558352999999999156e+03 5.711923999999999978e+03 3.549592999999999847e+03 1.657038999999999987e+03 7.300712999999999511e+02 1.292939000000000078e+03 8.226869000000000653e+01 8.576964999999999506e+00
6.177015000000000327e+03 3.949443000000000211e+03 2.232204000000000178e+03 1.524089999999999918e+03 7.543305000000000291e+02 5.179941000000000031e+02 1.934962999999999909e+02 8.226869000000000653e+01 2.118334999999999866e+02 2.456131000000000064e+00
5.564813000000000329e+02 5.793038000000000238e+02 3.722169000000000096e+02 1.386739000000000033e+02 1.283815999999999917e+02 4.906024000000000029e+01 4.141895000000000238e+01 8.576964999999999506e+00 2.456131000000000064e+00 2.117730999999999852e+01
