1.163525000000000000e+06 6.119786999999999534e+05 3.718750999999999767e+05 2.383792000000000116e+05 1.225105000000000000e+05 6.281591999999999825e+04 2.974520999999999913e+04 1.263212999999999920e+04 3.198378000000000156e+03 1.275273999999999887e+03
6.119786999999999534e+05 4.874332999999999884e+05 2.429577000000000116e+05 1.481292000000000116e+05 8.358764999999999418e+04 3.967123999999999796e+04 1.992097999999999956e+04 7.164432999999999993e+03 1.782909000000000106e+03 8.198097000000000207e+02
3.718750999999999767e+05 2.429577000000000116e+05 2.142887000000000116e+05 9.738769999999999709e+04 5.140202999999999884e+04 2.676633000000000175e+04 1.212737000000000080e+04 4.998640000000000327e+03 1.236743999999999915e+03 5.005439000000000078e+02
2.383792000000000116e+05 1.481292000000000116e+05 9.738769999999999709e+04 9.249269999999999709e+04 3.139165999999999985e+04 1.667615999999999985e+04 6.946292999999999665e+03 3.581405000000000200e+03 6.735374000000000478e+02 4.359476999999999975e+02
1.225105000000000000e+05 8.358764999999999418e+04 5.140202999999999884e+04 3.139165999999999985e+04 3.233470999999999913e+04 8.649477999999999156e+03 4.255753999999999905e+03 1.744733999999999924e+03 4.300217999999999847e+02 2.402603000000000009e+02
6.281591999999999825e+04 3.967123999999999796e+04 2.676633000000000175e+04 1.667615999999999985e+04 8.649477999999999156e+03 1.299327000000000044e+04 1.994211000000000013e+03 1.062507000000000062e+03 1.438629999999999995e+02 1.628805000000000121e+02
2.974520999999999913e+04 1.992097999999999956e+04 1.212737000000000080e+04 6.946292999999999665e+03 4.255753999999999905e+03 1.994211000000000013e+03 3.662449999999999818e+03 3.779010999999999854e+02 1.540032999999999959e+02 4.317331999999999681e+01
1.263212999999999920e+04 7.164432999999999993e+03 4.998640000000000327e+03 3.581405000000000200e+03 1.744733999999999924e+03 1.062507000000000062e+03 3.779010999999999854e+02 9.690723000000000411e+02 4.218307000000000073e+01 4.053005999999999887e+01
3.198378000000000156e+03 1.782909000000000106e+03 1.236743999999999915e+03 6.735374000000000478e+02 4.300217999999999847e+02 1.438629999999999995e+02 1.540032999999999959e+02 4.218307000000000073e+01 2.060888999999999953e+02 8.553573999999999344e+00
1.275273999999999887e+03 8.198097000000000207e+02 5.005439000000000078e+02 4.359476999999999975e+02 2.402603000000000009e+02 1.628805000000000121e+02 4.317331999999999681e+01 4.053005999999999887e+01 8.553573999999999344e+00 4.777369999999999806e+01
