2.565442000000000000e+06 1.432713000000000000e+06 9.066959000000000233e+05 5.431284000000000233e+05 3.527417000000000116e+05 1.552867000000000116e+05 8.210627999999999884e+04 3.140275000000000000e+04 9.053950000000000728e+03 1.586017000000000053e+03
1.432713000000000000e+06 1.126859000000000000e+06 5.918085999999999767e+05 3.547545000000000000e+05 2.240493999999999942e+05 1.065108999999999942e+05 5.201898000000000320e+04 2.076104999999999927e+04 5.955503999999999905e+03 1.352566000000000031e+03
9.066959000000000233e+05 5.918085999999999767e+05 4.837285999999999767e+05 2.225332000000000116e+05 1.478732000000000116e+05 6.485252999999999884e+04 3.416841000000000349e+04 1.223140999999999985e+04 3.990666999999999916e+03 8.077395999999999958e+02
5.431284000000000233e+05 3.547545000000000000e+05 2.225332000000000116e+05 1.925575000000000000e+05 9.022260000000000582e+04 3.983419999999999709e+04 2.019036000000000058e+04 8.477465000000000146e+03 1.964221000000000004e+03 4.376376999999999953e+02
3.527417000000000116e+05 2.240493999999999942e+05 1.478732000000000116e+05 9.022260000000000582e+04 8.601116999999999825e+04 2.576481000000000131e+04 1.206000000000000000e+04 5.226038999999999760e+03 1.373838999999999942e+03 3.423729999999999905e+02
1.552867000000000116e+05 1.065108999999999942e+05 6.485252999999999884e+04 3.983419999999999709e+04 2.576481000000000131e+04 2.579534999999999854e+04 5.273423999999999978e+03 2.480809000000000196e+03 7.695624000000000251e+02 1.545550000000000068e+02
8.210627999999999884e+04 5.201898000000000320e+04 3.416841000000000349e+04 2.019036000000000058e+04 1.206000000000000000e+04 5.273423999999999978e+03 7.881480999999999767e+03 1.261711000000000013e+03 2.744959999999999809e+02 1.033855999999999966e+02
3.140275000000000000e+04 2.076104999999999927e+04 1.223140999999999985e+04 8.477465000000000146e+03 5.226038999999999760e+03 2.480809000000000196e+03 1.261711000000000013e+03 2.070916000000000167e+03 1.263230999999999966e+02 3.297453000000000145e+01
9.053950000000000728e+03 5.955503999999999905e+03 3.990666999999999916e+03 1.964221000000000004e+03 1.373838999999999942e+03 7.695624000000000251e+02 2.744959999999999809e+02 1.263230999999999966e+02 3.343749000000000251e+02 1.719097000000000008e+01
1.586017000000000053e+03 1.352566000000000031e+03 8.077395999999999958e+02 4.376376999999999953e+02 3.423729999999999905e+02 1.545550000000000068e+02 1.033855999999999966e+02 3.297453000000000145e+01 1.719097000000000008e+01 4.530002000000000351e+01
