1.932928000000000000e+06 9.855366999999999534e+05 6.268679000000000233e+05 3.766079000000000233e+05 2.112577999999999884e+05 9.659211000000000058e+04 4.565170999999999913e+04 1.552361000000000058e+04 4.906925000000000182e+03 8.276421000000000276e+02
9.855366999999999534e+05 7.395606999999999534e+05 3.642637000000000116e+05 2.305497000000000116e+05 1.268896000000000058e+05 5.819430000000000291e+04 2.703270000000000073e+04 8.539042999999999665e+03 2.586050999999999931e+03 5.696294000000000324e+02
6.268679000000000233e+05 3.642637000000000116e+05 3.165075999999999767e+05 1.437852000000000116e+05 8.019816000000000349e+04 3.839468000000000029e+04 1.610537999999999920e+04 5.028405999999999949e+03 1.582291999999999916e+03 2.871938000000000102e+02
3.766079000000000233e+05 2.305497000000000116e+05 1.437852000000000116e+05 1.334745000000000000e+05 4.930115000000000146e+04 2.562375000000000000e+04 9.763675999999999476e+03 3.526516999999999825e+03 9.778735000000000355e+02 2.445194999999999936e+02
2.112577999999999884e+05 1.268896000000000058e+05 8.019816000000000349e+04 4.930115000000000146e+04 4.534872000000000116e+04 1.259078000000000065e+04 5.310974000000000160e+03 1.680039999999999964e+03 7.339153000000000020e+02 1.013096000000000032e+02
9.659211000000000058e+04 5.819430000000000291e+04 3.839468000000000029e+04 2.562375000000000000e+04 1.259078000000000065e+04 1.429845000000000073e+04 3.188864999999999782e+03 1.052385999999999967e+03 2.913711999999999875e+02 1.018826999999999998e+02
4.565170999999999913e+04 2.703270000000000073e+04 1.610537999999999920e+04 9.763675999999999476e+03 5.310974000000000160e+03 3.188864999999999782e+03 4.200497000000000298e+03 3.049852000000000203e+02 1.114946999999999946e+02 4.341698999999999842e+01
1.552361000000000058e+04 8.539042999999999665e+03 5.028405999999999949e+03 3.526516999999999825e+03 1.680039999999999964e+03 1.052385999999999967e+03 3.049852000000000203e+02 9.089009999999999536e+02 7.297827999999999804e+01 1.819485999999999848e+01
4.906925000000000182e+03 2.586050999999999931e+03 1.582291999999999916e+03 9.778735000000000355e+02 7.339153000000000020e+02 2.913711999999999875e+02 1.114946999999999946e+02 7.297827999999999804e+01 1.874593000000000131e+02 5.931751000000000218e+00
8.276421000000000276e+02 5.696294000000000324e+02 2.871938000000000102e+02 2.445194999999999936e+02 1.013096000000000032e+02 1.018826999999999998e+02 4.341698999999999842e+01 1.819485999999999848e+01 5.931751000000000218e+00 2.373284999999999911e+01
