6.934222999999999593e+04 2.414552000000000044e+04 1.475094000000000051e+04 7.335811999999999898e+03 3.701577000000000226e+03 2.269099000000000160e+03 1.146377999999999929e+03 4.394875999999999863e+02 2.099055999999999926e+02 8.199188999999999794e+01
2.414552000000000044e+04 3.208470000000000073e+04 9.313379999999999200e+03 5.255368000000000393e+03 2.550983999999999924e+03 1.472189000000000078e+03 7.741530000000000200e+02 2.581705999999999790e+02 9.683003999999999678e+01 4.673277000000000214e+01
1.475094000000000051e+04 9.313379999999999200e+03 1.311504000000000087e+04 2.416340000000000146e+03 9.891307000000000471e+02 8.077201000000000022e+02 4.469827000000000226e+02 2.435253999999999905e+02 8.968582000000000676e+01 2.569775999999999883e+01
7.335811999999999898e+03 5.255368000000000393e+03 2.416340000000000146e+03 5.444500000000000000e+03 6.579194999999999709e+02 4.849298999999999751e+02 1.635295999999999879e+02 9.575987000000000648e+01 6.561572999999999922e+01 1.377577999999999925e+01
3.701577000000000226e+03 2.550983999999999924e+03 9.891307000000000471e+02 6.579194999999999709e+02 2.172179000000000087e+03 1.623931000000000040e+02 5.115379999999999683e+01 6.165668000000000148e+01 9.789436000000000249e+00 8.705619999999999692e+00
2.269099000000000160e+03 1.472189000000000078e+03 8.077201000000000022e+02 4.849298999999999751e+02 1.623931000000000040e+02 8.342346000000000004e+02 7.658839999999999293e+01 3.809342000000000183e+01 7.060401999999999845e+00 2.327477000000000018e+00
1.146377999999999929e+03 7.741530000000000200e+02 4.469827000000000226e+02 1.635295999999999879e+02 5.115379999999999683e+01 7.658839999999999293e+01 3.039189000000000078e+02 1.556523999999999930e+01 3.697842000000000073e+00 1.152042000000000010e+00
4.394875999999999863e+02 2.581705999999999790e+02 2.435253999999999905e+02 9.575987000000000648e+01 6.165668000000000148e+01 3.809342000000000183e+01 1.556523999999999930e+01 1.109527999999999963e+02 -1.062373999999999929e+00 5.070155999999999885e+00
2.099055999999999926e+02 9.683003999999999678e+01 8.968582000000000676e+01 6.561572999999999922e+01 9.789436000000000249e+00 7.060401999999999845e+00 3.697842000000000073e+00 -1.062373999999999929e+00 2.752231000000000094e+01 -6.842078999999999800e-01
8.199188999999999794e+01 4.673277000000000214e+01 2.569775999999999883e+01 1.377577999999999925e+01 8.705619999999999692e+00 2.327477000000000018e+00 1.152042000000000010e+00 5.070155999999999885e+00 -6.842078999999999800e-01 1.264517999999999986e+01
