3.515539999999999964e+03 2.761567999999999756e+02 2.806967999999999961e+02 8.552013999999999783e+01 9.755907999999999447e+01 -8.502891999999999229e+00 9.177353000000000094e+00 4.873275999999999997e-02 -1.298240999999999978e+00
2.761567999999999756e+02 1.629215999999999894e+03 9.143434999999999491e+01 4.796862999999999744e+01 3.817528999999999684e+01 1.478747000000000078e+01 2.830398999999999887e+00 2.703692999999999902e+00 -5.263138000000000538e-01
2.806967999999999961e+02 9.143434999999999491e+01 7.473422000000000480e+02 3.730199999999999960e+01 2.644823999999999842e+01 2.518508999999999887e+00 -3.228057999999999872e+00 -1.805061000000000027e+00 -5.380095999999999767e-01
8.552013999999999783e+01 4.796862999999999744e+01 3.730199999999999960e+01 2.754608999999999810e+02 2.994141000000000119e+01 -3.118895999999999891e+00 -7.485351999999999562e-01 -6.861572000000000227e-01 -1.122802999999999995e+00
9.755907999999999447e+01 3.817528999999999684e+01 2.644823999999999842e+01 2.994141000000000119e+01 1.317421999999999969e+02 8.483397999999999328e+00 9.980468999999999591e-01 2.245604999999999851e+00 -4.990234000000000059e-01
-8.502891999999999229e+00 1.478747000000000078e+01 2.518508999999999887e+00 -3.118895999999999891e+00 8.483397999999999328e+00 4.702515999999999963e+01 -1.715393000000000057e-01 -2.923965000000000036e-01 -1.949309999999999932e-01
9.177353000000000094e+00 2.830398999999999887e+00 -3.228057999999999872e+00 -7.485351999999999562e-01 9.980468999999999591e-01 -1.715393000000000057e-01 1.169585999999999970e+01 -7.017516999999999505e-02 -4.678344999999999726e-02
4.873275999999999997e-02 2.703692999999999902e+00 -1.805061000000000027e+00 -6.861572000000000227e-01 2.245604999999999851e+00 -2.923965000000000036e-01 -7.017516999999999505e-02 2.976596999999999937e+00 -1.169586000000000063e-02
-1.298240999999999978e+00 -5.263138000000000538e-01 -5.380095999999999767e-01 -1.122802999999999995e+00 -4.990234000000000059e-01 -1.949309999999999932e-01 -4.678344999999999726e-02 -1.169586000000000063e-02 1.988296999999999981e+00
