1.288236000000000000e+06 6.775025000000000000e+05 4.191032000000000116e+05 2.371932999999999884e+05 1.243211999999999971e+05 5.461169999999999709e+04 2.511358000000000175e+04 8.244184999999999491e+03 1.332365000000000009e+03 2.590496999999999730e+02
6.775025000000000000e+05 5.155859000000000233e+05 2.662572999999999884e+05 1.446996000000000058e+05 7.810052000000000407e+04 3.243811000000000058e+04 1.468028000000000065e+04 5.790279999999999745e+03 7.653577000000000226e+02 1.646913999999999874e+02
4.191032000000000116e+05 2.662572999999999884e+05 2.256522999999999884e+05 9.099697000000000116e+04 4.937840000000000146e+04 2.269863999999999942e+04 9.272448000000000320e+03 3.382302999999999884e+03 6.367851000000000568e+02 1.457927999999999997e+02
2.371932999999999884e+05 1.446996000000000058e+05 9.099697000000000116e+04 8.309583999999999651e+04 2.681133000000000175e+04 1.225075000000000000e+04 5.647912000000000262e+03 1.925230000000000018e+03 2.238626999999999896e+02 8.021997000000000355e+01
1.243211999999999971e+05 7.810052000000000407e+04 4.937840000000000146e+04 2.681133000000000175e+04 2.670659999999999854e+04 7.133524000000000342e+03 3.184744000000000142e+03 9.469787999999999784e+02 1.954846000000000004e+02 5.431168000000000262e+01
5.461169999999999709e+04 3.243811000000000058e+04 2.269863999999999942e+04 1.225075000000000000e+04 7.133524000000000342e+03 8.615608000000000175e+03 1.661951000000000022e+03 5.447231000000000449e+02 8.232326999999999373e+01 -5.278731999999999758e+00
2.511358000000000175e+04 1.468028000000000065e+04 9.272448000000000320e+03 5.647912000000000262e+03 3.184744000000000142e+03 1.661951000000000022e+03 2.395367000000000189e+03 2.610477000000000203e+02 4.089652999999999849e+01 4.183220000000000383e+00
8.244184999999999491e+03 5.790279999999999745e+03 3.382302999999999884e+03 1.925230000000000018e+03 9.469787999999999784e+02 5.447231000000000449e+02 2.610477000000000203e+02 5.303819999999999482e+02 2.428451000000000093e+01 -3.038975000000000204e+00
1.332365000000000009e+03 7.653577000000000226e+02 6.367851000000000568e+02 2.238626999999999896e+02 1.954846000000000004e+02 8.232326999999999373e+01 4.089652999999999849e+01 2.428451000000000093e+01 9.068971000000000515e+01 9.161757999999999846e-01
2.590496999999999730e+02 1.646913999999999874e+02 1.457927999999999997e+02 8.021997000000000355e+01 5.431168000000000262e+01 -5.278731999999999758e+00 4.183220000000000383e+00 -3.038975000000000204e+00 9.161757999999999846e-01 1.464127000000000045e+01
