3.032513000000000000e+06 1.701155000000000000e+06 1.064593000000000000e+06 6.413976999999999534e+05 3.831927999999999884e+05 1.846062999999999884e+05 8.571344000000000233e+04 2.800754999999999927e+04 4.815427999999999884e+03 8.568465999999999667e+02
1.701155000000000000e+06 1.325155000000000000e+06 6.989260000000000000e+05 4.195325000000000000e+05 2.409436000000000058e+05 1.217181000000000058e+05 5.640125000000000000e+04 1.819563999999999942e+04 3.193625000000000000e+03 5.420642000000000280e+02
1.064593000000000000e+06 6.989260000000000000e+05 5.451076999999999534e+05 2.693995999999999767e+05 1.519563999999999942e+05 7.756505999999999767e+04 3.570734999999999854e+04 1.077735000000000036e+04 2.058981999999999971e+03 4.324544999999999959e+02
6.413976999999999534e+05 4.195325000000000000e+05 2.693995999999999767e+05 2.173812999999999884e+05 9.264588999999999942e+04 4.695226000000000204e+04 2.179313999999999942e+04 7.548805999999999585e+03 1.293772999999999911e+03 2.892543000000000006e+02
3.831927999999999884e+05 2.409436000000000058e+05 1.519563999999999942e+05 9.264588999999999942e+04 7.894961000000000058e+04 2.758279999999999927e+04 1.206721999999999935e+04 3.621081999999999880e+03 6.252939000000000078e+02 1.481612000000000080e+02
1.846062999999999884e+05 1.217181000000000058e+05 7.756505999999999767e+04 4.695226000000000204e+04 2.758279999999999927e+04 2.632915000000000146e+04 6.097048999999999978e+03 2.303452999999999975e+03 2.968917000000000144e+02 7.132526000000000010e+01
8.571344000000000233e+04 5.640125000000000000e+04 3.570734999999999854e+04 2.179313999999999942e+04 1.206721999999999935e+04 6.097048999999999978e+03 7.191456000000000131e+03 1.001599000000000046e+03 1.659661999999999864e+02 4.621229999999999905e+01
2.800754999999999927e+04 1.819563999999999942e+04 1.077735000000000036e+04 7.548805999999999585e+03 3.621081999999999880e+03 2.303452999999999975e+03 1.001599000000000046e+03 1.596991999999999962e+03 5.697053999999999974e+01 1.407792000000000066e+01
4.815427999999999884e+03 3.193625000000000000e+03 2.058981999999999971e+03 1.293772999999999911e+03 6.252939000000000078e+02 2.968917000000000144e+02 1.659661999999999864e+02 5.697053999999999974e+01 1.725198000000000036e+02 5.163723000000000063e+00
8.568465999999999667e+02 5.420642000000000280e+02 4.324544999999999959e+02 2.892543000000000006e+02 1.481612000000000080e+02 7.132526000000000010e+01 4.621229999999999905e+01 1.407792000000000066e+01 5.163723000000000063e+00 2.025527999999999906e+01
