2.221278000000000000e+06 1.252684000000000000e+06 7.775686999999999534e+05 5.145467000000000116e+05 2.815999000000000233e+05 1.350013999999999942e+05 6.197670999999999913e+04 2.320108000000000175e+04 5.801354000000000269e+03 1.159523999999999887e+03
1.252684000000000000e+06 9.928590000000000000e+05 4.961697999999999884e+05 3.387005999999999767e+05 1.902721000000000058e+05 8.802028999999999360e+04 4.346273999999999796e+04 1.512669000000000051e+04 3.121773999999999887e+03 9.362848999999999933e+02
7.775686999999999534e+05 4.961697999999999884e+05 4.149220000000000000e+05 2.113033999999999942e+05 1.125563999999999942e+05 5.543887999999999738e+04 2.572116999999999825e+04 9.324128000000000611e+03 2.122097000000000207e+03 5.925902999999999565e+02
5.145467000000000116e+05 3.387005999999999767e+05 2.113033999999999942e+05 1.903967999999999884e+05 7.566324000000000524e+04 3.630166999999999825e+04 1.917263000000000102e+04 6.990404000000000451e+03 1.637861000000000104e+03 4.285948999999999955e+02
2.815999000000000233e+05 1.902721000000000058e+05 1.125563999999999942e+05 7.566324000000000524e+04 6.783074000000000524e+04 2.038915999999999985e+04 9.974674999999999272e+03 3.339653999999999996e+03 6.655217999999999847e+02 1.992857999999999947e+02
1.350013999999999942e+05 8.802028999999999360e+04 5.543887999999999738e+04 3.630166999999999825e+04 2.038915999999999985e+04 2.114888000000000102e+04 5.394060999999999694e+03 1.874470000000000027e+03 3.759089000000000169e+02 7.371121999999999730e+01
6.197670999999999913e+04 4.346273999999999796e+04 2.572116999999999825e+04 1.917263000000000102e+04 9.974674999999999272e+03 5.394060999999999694e+03 6.845323000000000320e+03 9.712165999999999713e+02 1.925763000000000034e+02 5.194521999999999906e+01
2.320108000000000175e+04 1.512669000000000051e+04 9.324128000000000611e+03 6.990404000000000451e+03 3.339653999999999996e+03 1.874470000000000027e+03 9.712165999999999713e+02 1.540998000000000047e+03 9.969942000000000348e+01 1.158280000000000065e+01
5.801354000000000269e+03 3.121773999999999887e+03 2.122097000000000207e+03 1.637861000000000104e+03 6.655217999999999847e+02 3.759089000000000169e+02 1.925763000000000034e+02 9.969942000000000348e+01 2.537455999999999960e+02 1.672507999999999839e+01
1.159523999999999887e+03 9.362848999999999933e+02 5.925902999999999565e+02 4.285948999999999955e+02 1.992857999999999947e+02 7.371121999999999730e+01 5.194521999999999906e+01 1.158280000000000065e+01 1.672507999999999839e+01 3.417531000000000319e+01
