2.499616000000000000e+06 1.400559000000000000e+06 8.755105000000000000e+05 5.659634000000000233e+05 3.204075000000000000e+05 1.618368999999999942e+05 7.703025000000000000e+04 2.880168000000000029e+04 6.538353000000000065e+03 1.173230999999999995e+03
1.400559000000000000e+06 1.091326000000000000e+06 5.711345000000000000e+05 3.639247999999999884e+05 2.066136000000000058e+05 1.051061000000000058e+05 5.266119000000000233e+04 1.869065999999999985e+04 4.253590000000000146e+03 9.385421999999999798e+02
8.755105000000000000e+05 5.711345000000000000e+05 4.663407000000000116e+05 2.331386000000000058e+05 1.272718000000000029e+05 7.014232000000000698e+04 3.405456999999999971e+04 1.098426000000000022e+04 2.266454999999999927e+03 5.445982999999999947e+02
5.659634000000000233e+05 3.639247999999999884e+05 2.331386000000000058e+05 2.047036000000000058e+05 8.435696000000000640e+04 4.202430000000000291e+04 2.070702999999999884e+04 8.531569999999999709e+03 1.681990000000000009e+03 4.801385000000000218e+02
3.204075000000000000e+05 2.066136000000000058e+05 1.272718000000000029e+05 8.435696000000000640e+04 7.176961000000000058e+04 2.403115999999999985e+04 1.197531999999999971e+04 4.193555000000000291e+03 7.805584000000000060e+02 1.433405999999999949e+02
1.618368999999999942e+05 1.051061000000000058e+05 7.014232000000000698e+04 4.202430000000000291e+04 2.403115999999999985e+04 2.435465000000000146e+04 6.575266999999999825e+03 2.580960999999999785e+03 4.856356000000000108e+02 1.395979000000000099e+02
7.703025000000000000e+04 5.266119000000000233e+04 3.405456999999999971e+04 2.070702999999999884e+04 1.197531999999999971e+04 6.575266999999999825e+03 7.534145000000000437e+03 1.231406999999999925e+03 2.982366999999999848e+02 3.495112999999999914e+01
2.880168000000000029e+04 1.869065999999999985e+04 1.098426000000000022e+04 8.531569999999999709e+03 4.193555000000000291e+03 2.580960999999999785e+03 1.231406999999999925e+03 1.912935999999999922e+03 8.980862000000000478e+01 4.044429000000000229e+01
6.538353000000000065e+03 4.253590000000000146e+03 2.266454999999999927e+03 1.681990000000000009e+03 7.805584000000000060e+02 4.856356000000000108e+02 2.982366999999999848e+02 8.980862000000000478e+01 2.547203000000000088e+02 9.153961000000000681e+00
1.173230999999999995e+03 9.385421999999999798e+02 5.445982999999999947e+02 4.801385000000000218e+02 1.433405999999999949e+02 1.395979000000000099e+02 3.495112999999999914e+01 4.044429000000000229e+01 9.153961000000000681e+00 3.217920999999999765e+01
