1.533339999999999964e+04 3.619630999999999858e+03 2.614764000000000124e+03 1.180101000000000113e+03 5.778282000000000380e+02 4.205967999999999734e+02 1.261847000000000065e+02 3.999595000000000056e+01 -6.976581999999999617e+00 -5.198811000000000071e+00
3.619630999999999858e+03 6.571881000000000313e+03 1.299999000000000024e+03 5.893545000000000300e+02 4.585518999999999892e+02 2.340380999999999858e+02 1.028807000000000045e+02 3.564119000000000170e+01 -6.998024000000000022e+00 4.042869999999999742e+00
2.614764000000000124e+03 1.299999000000000024e+03 3.319081000000000131e+03 4.342323000000000093e+02 1.552879000000000076e+02 1.567771999999999935e+02 3.940921000000000163e+01 3.814021000000000328e+01 9.999962000000000018e-01 4.150082000000000271e+00
1.180101000000000113e+03 5.893545000000000300e+02 4.342323000000000093e+02 1.519269000000000005e+03 1.319175999999999931e+02 9.743822000000000116e+01 6.280677999999999983e+00 3.447160000000000224e+01 -1.610130000000000061e+00 -3.668601999999999919e+00
5.778282000000000380e+02 4.585518999999999892e+02 1.552879000000000076e+02 1.319175999999999931e+02 7.430284000000000333e+02 4.944035999999999831e+01 1.593951000000000029e+01 1.471729000000000021e+01 -3.631565000000000154e+00 2.670555000000000012e-01
4.205967999999999734e+02 2.340380999999999858e+02 1.567771999999999935e+02 9.743822000000000116e+01 4.944035999999999831e+01 3.626009999999999991e+02 6.715373999999999732e+00 9.785538000000000292e-01 6.803093000000000057e-01 -7.855720999999999954e-01
1.261847000000000065e+02 1.028807000000000045e+02 3.940921000000000163e+01 6.280677999999999983e+00 1.593951000000000029e+01 6.715373999999999732e+00 1.112335000000000065e+02 2.904472000000000165e+00 -5.633506999999999820e-01 2.787513999999999825e-01
3.999595000000000056e+01 3.564119000000000170e+01 3.814021000000000328e+01 3.447160000000000224e+01 1.471729000000000021e+01 9.785538000000000292e-01 2.904472000000000165e+00 4.247156999999999982e+01 -5.575027000000000177e-01 7.524338000000000415e-01
-6.976581999999999617e+00 -6.998024000000000022e+00 9.999962000000000018e-01 -1.610130000000000061e+00 -3.631565000000000154e+00 6.803093000000000057e-01 -5.633506999999999820e-01 -5.575027000000000177e-01 2.025527999999999906e+01 -1.111107000000000067e-01
-5.198811000000000071e+00 4.042869999999999742e+00 4.150082000000000271e+00 -3.668601999999999919e+00 2.670555000000000012e-01 -7.855720999999999954e-01 2.787513999999999825e-01 7.524338000000000415e-01 -1.111107000000000067e-01 2.976596999999999937e+00
