2.859301000000000000e+06 1.594483000000000000e+06 1.023619000000000000e+06 6.079331999999999534e+05 3.380332999999999884e+05 1.659297000000000116e+05 7.093797999999999593e+04 2.385958000000000175e+04 4.532239999999999782e+03 3.528174000000000206e+02
1.594483000000000000e+06 1.251370000000000000e+06 6.492301999999999534e+05 3.947980999999999767e+05 2.162013999999999942e+05 1.063541999999999971e+05 4.742588999999999942e+04 1.609794000000000051e+04 2.284057999999999993e+03 2.762114000000000260e+02
1.023619000000000000e+06 6.492301999999999534e+05 5.352046999999999534e+05 2.491025000000000000e+05 1.339572000000000116e+05 7.040722999999999593e+04 2.891102999999999884e+04 9.173693999999999505e+03 1.638602000000000089e+03 1.457012000000000000e+02
6.079331999999999534e+05 3.947980999999999767e+05 2.491025000000000000e+05 2.063157999999999884e+05 8.340047999999999593e+04 4.116362999999999738e+04 1.745652999999999884e+04 6.512599000000000160e+03 1.158670000000000073e+03 1.474926000000000101e+02
3.380332999999999884e+05 2.162013999999999942e+05 1.339572000000000116e+05 8.340047999999999593e+04 7.013180999999999767e+04 2.288084000000000015e+04 9.293368000000000393e+03 2.945451000000000022e+03 5.215652999999999793e+02 8.694313999999999965e+01
1.659297000000000116e+05 1.063541999999999971e+05 7.040722999999999593e+04 4.116362999999999738e+04 2.288084000000000015e+04 2.253358000000000175e+04 4.878569999999999709e+03 1.968144999999999982e+03 2.743614999999999782e+02 2.166462999999999894e+01
7.093797999999999593e+04 4.742588999999999942e+04 2.891102999999999884e+04 1.745652999999999884e+04 9.293368000000000393e+03 4.878569999999999709e+03 5.776750000000000000e+03 7.200557000000000016e+02 1.467986999999999966e+02 1.283816000000000024e+01
2.385958000000000175e+04 1.609794000000000051e+04 9.173693999999999505e+03 6.512599000000000160e+03 2.945451000000000022e+03 1.968144999999999982e+03 7.200557000000000016e+02 1.291923000000000002e+03 4.763725000000000165e+01 8.321605999999999170e+00
4.532239999999999782e+03 2.284057999999999993e+03 1.638602000000000089e+03 1.158670000000000073e+03 5.215652999999999793e+02 2.743614999999999782e+02 1.467986999999999966e+02 4.763725000000000165e+01 1.526933999999999969e+02 2.779716000000000076e+00
3.528174000000000206e+02 2.762114000000000260e+02 1.457012000000000000e+02 1.474926000000000101e+02 8.694313999999999965e+01 2.166462999999999894e+01 1.283816000000000024e+01 8.321605999999999170e+00 2.779716000000000076e+00 1.082061999999999991e+01
