2.033211000000000000e+06 1.129111000000000000e+06 6.799478000000000466e+05 4.546105999999999767e+05 2.277098999999999942e+05 1.137340000000000000e+05 5.063891999999999825e+04 1.464184000000000015e+04 2.892971000000000004e+03 9.846239000000000487e+02
1.129111000000000000e+06 8.691553000000000466e+05 4.418370000000000000e+05 2.946687999999999884e+05 1.518201000000000058e+05 7.164077000000000407e+04 3.375476000000000204e+04 1.007412000000000080e+04 1.723205999999999904e+03 7.845973999999999933e+02
6.799478000000000466e+05 4.418370000000000000e+05 3.614322000000000116e+05 1.754021000000000058e+05 8.944144000000000233e+04 4.519230999999999767e+04 2.042334999999999854e+04 6.614992000000000189e+03 1.176821999999999889e+03 4.359594000000000165e+02
4.546105999999999767e+05 2.946687999999999884e+05 1.754021000000000058e+05 1.628786000000000058e+05 6.128570999999999913e+04 2.732325999999999840e+04 1.407155999999999949e+04 4.294077000000000226e+03 8.804411000000000058e+02 2.682289999999999850e+02
2.277098999999999942e+05 1.518201000000000058e+05 8.944144000000000233e+04 6.128570999999999913e+04 5.215533999999999651e+04 1.565989999999999964e+04 6.984600999999999658e+03 1.978375000000000000e+03 3.664157999999999902e+02 1.215628999999999991e+02
1.137340000000000000e+05 7.164077000000000407e+04 4.519230999999999767e+04 2.732325999999999840e+04 1.565989999999999964e+04 1.791781000000000131e+04 3.708773000000000138e+03 1.167308999999999969e+03 1.604984000000000037e+02 6.116156000000000148e+01
5.063891999999999825e+04 3.375476000000000204e+04 2.042334999999999854e+04 1.407155999999999949e+04 6.984600999999999658e+03 3.708773000000000138e+03 5.058280999999999949e+03 6.329255000000000564e+02 9.822964000000000340e+01 4.378150999999999726e+01
1.464184000000000015e+04 1.007412000000000080e+04 6.614992000000000189e+03 4.294077000000000226e+03 1.978375000000000000e+03 1.167308999999999969e+03 6.329255000000000564e+02 1.003403999999999996e+03 4.442867999999999995e+01 8.210494999999999877e+00
2.892971000000000004e+03 1.723205999999999904e+03 1.176821999999999889e+03 8.804411000000000058e+02 3.664157999999999902e+02 1.604984000000000037e+02 9.822964000000000340e+01 4.442867999999999995e+01 1.701357999999999890e+02 1.227285999999999966e+01
9.846239000000000487e+02 7.845973999999999933e+02 4.359594000000000165e+02 2.682289999999999850e+02 1.215628999999999991e+02 6.116156000000000148e+01 4.378150999999999726e+01 8.210494999999999877e+00 1.227285999999999966e+01 2.101357000000000141e+01
