1.774032000000000000e+06 9.896118000000000466e+05 6.051290999999999767e+05 3.625725000000000000e+05 1.849917999999999884e+05 8.931275000000000000e+04 3.707794000000000233e+04 1.242346999999999935e+04 1.847290999999999940e+03 5.604032999999999447e+02
9.896118000000000466e+05 7.516921999999999534e+05 3.891057999999999884e+05 2.345645000000000000e+05 1.227228999999999942e+05 5.875166000000000349e+04 2.304531000000000131e+04 8.224021000000000640e+03 6.990830999999999449e+02 3.302599000000000160e+02
6.051290999999999767e+05 3.891057999999999884e+05 3.264687000000000116e+05 1.397763999999999942e+05 7.569061999999999534e+04 3.761605999999999767e+04 1.480534000000000015e+04 5.396326000000000022e+03 8.086011999999999489e+02 2.717805999999999926e+02
3.625725000000000000e+05 2.345645000000000000e+05 1.397763999999999942e+05 1.255745000000000000e+05 4.568598999999999796e+04 2.065313999999999942e+04 8.870702999999999520e+03 3.159219999999999800e+03 4.189418999999999755e+02 9.787096999999999980e+01
1.849917999999999884e+05 1.227228999999999942e+05 7.569061999999999534e+04 4.568598999999999796e+04 4.160201999999999680e+04 1.266760000000000036e+04 4.555896999999999935e+03 1.550321999999999889e+03 2.729931000000000267e+02 7.566442999999999586e+01
8.931275000000000000e+04 5.875166000000000349e+04 3.761605999999999767e+04 2.065313999999999942e+04 1.266760000000000036e+04 1.330096999999999935e+04 2.615413000000000011e+03 9.513083000000000311e+02 4.314018999999999693e+01 7.787884999999999991e+01
3.707794000000000233e+04 2.304531000000000131e+04 1.480534000000000015e+04 8.870702999999999520e+03 4.555896999999999935e+03 2.615413000000000011e+03 3.426793999999999869e+03 4.369261999999999944e+02 4.282245000000000346e+01 1.846387000000000000e+01
1.242346999999999935e+04 8.224021000000000640e+03 5.396326000000000022e+03 3.159219999999999800e+03 1.550321999999999889e+03 9.513083000000000311e+02 4.369261999999999944e+02 6.988491999999999962e+02 4.137801000000000329e+01 3.274840999999999891e+00
1.847290999999999940e+03 6.990830999999999449e+02 8.086011999999999489e+02 4.189418999999999755e+02 2.729931000000000267e+02 4.314018999999999693e+01 4.282245000000000346e+01 4.137801000000000329e+01 1.269214999999999947e+02 2.401549999999999851e+00
5.604032999999999447e+02 3.302599000000000160e+02 2.717805999999999926e+02 9.787096999999999980e+01 7.566442999999999586e+01 7.787884999999999991e+01 1.846387000000000000e+01 3.274840999999999891e+00 2.401549999999999851e+00 1.546973000000000020e+01
