2.027261000000000058e+05 9.271303999999999360e+04 5.115019999999999709e+04 2.760788000000000102e+04 1.414005999999999949e+04 6.468573999999999614e+03 2.169844000000000051e+03 7.722115000000000009e+02 2.249503999999999948e+00 4.038776000000000010e+01
9.271303999999999360e+04 8.895061000000000058e+04 3.271949000000000160e+04 1.633361000000000058e+04 8.786219999999999345e+03 4.320268000000000029e+03 1.248751999999999953e+03 2.646618000000000279e+02 1.808180000000000121e+01 5.742668000000000106e+00
5.115019999999999709e+04 3.271949000000000160e+04 3.571634999999999854e+04 9.130858000000000175e+03 5.275122000000000298e+03 2.357936000000000149e+03 8.052757000000000289e+02 2.395545999999999935e+02 1.967244000000000170e+01 1.118514000000000053e+01
2.760788000000000102e+04 1.633361000000000058e+04 9.130858000000000175e+03 1.217236000000000058e+04 2.864730000000000018e+03 1.192318999999999960e+03 5.894012999999999920e+02 1.188378000000000014e+02 -8.654937999999999798e-01 7.606208999999999776e+00
1.414005999999999949e+04 8.786219999999999345e+03 5.275122000000000298e+03 2.864730000000000018e+03 4.357838999999999942e+03 6.432217000000000553e+02 2.656909999999999741e+02 8.874039999999999395e+01 2.721236999999999906e+00 1.005453999999999937e+01
6.468573999999999614e+03 4.320268000000000029e+03 2.357936000000000149e+03 1.192318999999999960e+03 6.432217000000000553e+02 1.588499000000000024e+03 1.046350999999999942e+02 2.891607000000000127e+01 1.547363000000000000e+01 -3.152035000000000142e+00
2.169844000000000051e+03 1.248751999999999953e+03 8.052757000000000289e+02 5.894012999999999920e+02 2.656909999999999741e+02 1.046350999999999942e+02 4.121231999999999971e+02 2.664317000000000135e+01 -4.233901999999999610e+00 2.304085000000000161e+00
7.722115000000000009e+02 2.646618000000000279e+02 2.395545999999999935e+02 1.188378000000000014e+02 8.874039999999999395e+01 2.891607000000000127e+01 2.664317000000000135e+01 9.948499999999999943e+01 1.614028999999999936e+00 -9.941482999999999848e-01
2.249503999999999948e+00 1.808180000000000121e+01 1.967244000000000170e+01 -8.654937999999999798e-01 2.721236999999999906e+00 1.547363000000000000e+01 -4.233901999999999610e+00 1.614028999999999936e+00 2.700185000000000102e+01 -2.144241000000000064e-01
4.038776000000000010e+01 5.742668000000000106e+00 1.118514000000000053e+01 7.606208999999999776e+00 1.005453999999999937e+01 -3.152035000000000142e+00 2.304085000000000161e+00 -9.941482999999999848e-01 -2.144241000000000064e-01 4.941501999999999839e+00
