1.522866000000000000e+06 8.298215000000000000e+05 5.158925000000000000e+05 2.906132000000000116e+05 1.566403999999999942e+05 7.243933000000000175e+04 2.949915999999999985e+04 9.590052999999999884e+03 1.230451000000000022e+03 4.445285000000000082e+02
8.298215000000000000e+05 6.498885999999999767e+05 3.307927000000000116e+05 1.877262000000000116e+05 9.916905000000000291e+04 4.568961000000000058e+04 1.865861999999999898e+04 6.157300000000000182e+03 3.859205999999999790e+02 3.471974999999999909e+02
5.158925000000000000e+05 3.307927000000000116e+05 2.786460000000000000e+05 1.095431000000000058e+05 6.437201999999999680e+04 3.010438999999999942e+04 1.178826000000000022e+04 4.254617000000000189e+03 6.941299000000000206e+02 2.174825999999999908e+02
2.906132000000000116e+05 1.877262000000000116e+05 1.095431000000000058e+05 1.030506000000000058e+05 3.415077999999999884e+04 1.538209000000000015e+04 6.324335000000000036e+03 2.257500000000000000e+03 1.765685000000000002e+02 9.547332000000000107e+01
1.566403999999999942e+05 9.916905000000000291e+04 6.437201999999999680e+04 3.415077999999999884e+04 3.397273999999999796e+04 9.826154000000000451e+03 3.653273000000000138e+03 1.371153000000000020e+03 1.804748999999999910e+02 1.091068000000000069e+02
7.243933000000000175e+04 4.568961000000000058e+04 3.010438999999999942e+04 1.538209000000000015e+04 9.826154000000000451e+03 1.024754999999999927e+04 2.033634000000000015e+03 7.251064000000000078e+02 7.043637999999999977e+01 2.968994999999999962e+01
2.949915999999999985e+04 1.865861999999999898e+04 1.178826000000000022e+04 6.324335000000000036e+03 3.653273000000000138e+03 2.033634000000000015e+03 2.819474999999999909e+03 2.578041000000000054e+02 8.116927999999999699e+00 1.368026000000000053e+01
9.590052999999999884e+03 6.157300000000000182e+03 4.254617000000000189e+03 2.257500000000000000e+03 1.371153000000000020e+03 7.251064000000000078e+02 2.578041000000000054e+02 5.973914999999999509e+02 2.869774999999999920e+01 6.309917000000000442e+00
1.230451000000000022e+03 3.859205999999999790e+02 6.941299000000000206e+02 1.765685000000000002e+02 1.804748999999999910e+02 7.043637999999999977e+01 8.116927999999999699e+00 2.869774999999999920e+01 1.085297999999999945e+02 -1.017539999999999889e+00
4.445285000000000082e+02 3.471974999999999909e+02 2.174825999999999908e+02 9.547332000000000107e+01 1.091068000000000069e+02 2.968994999999999962e+01 1.368026000000000053e+01 6.309917000000000442e+00 -1.017539999999999889e+00 1.074264999999999937e+01
