3.464868000000000000e+06 1.883125000000000000e+06 1.222771000000000000e+06 7.369779000000000233e+05 4.286852999999999884e+05 2.231880000000000000e+05 1.028673999999999942e+05 4.012891000000000349e+04 1.145312999999999920e+04 1.114967000000000098e+03
1.883125000000000000e+06 1.353226000000000000e+06 7.418291999999999534e+05 4.492395000000000000e+05 2.534327000000000116e+05 1.366941000000000058e+05 6.019175000000000000e+04 2.401409999999999854e+04 6.104475999999999658e+03 6.867419999999999618e+02
1.222771000000000000e+06 7.418291999999999534e+05 5.987885000000000000e+05 2.879210999999999767e+05 1.660281000000000058e+05 8.719572000000000116e+04 4.134279000000000087e+04 1.581023999999999978e+04 4.616972999999999956e+03 4.619125000000000227e+02
7.369779000000000233e+05 4.492395000000000000e+05 2.879210999999999767e+05 2.404217000000000116e+05 1.045428999999999942e+05 5.582119000000000233e+04 2.505190000000000146e+04 1.063871999999999935e+04 2.869003000000000156e+03 3.498115000000000236e+02
4.286852999999999884e+05 2.534327000000000116e+05 1.660281000000000058e+05 1.045428999999999942e+05 8.780566999999999825e+04 3.167784999999999854e+04 1.399248999999999978e+04 5.372143000000000029e+03 1.327278000000000020e+03 2.185098999999999876e+02
2.231880000000000000e+05 1.366941000000000058e+05 8.719572000000000116e+04 5.582119000000000233e+04 3.167784999999999854e+04 2.815881000000000131e+04 8.021576000000000022e+03 3.167226000000000113e+03 7.222974000000000387e+02 9.959806000000000381e+01
1.028673999999999942e+05 6.019175000000000000e+04 4.134279000000000087e+04 2.505190000000000146e+04 1.399248999999999978e+04 8.021576000000000022e+03 7.877552999999999884e+03 1.464734999999999900e+03 4.169028999999999883e+02 4.252615000000000123e+01
4.012891000000000349e+04 2.401409999999999854e+04 1.581023999999999978e+04 1.063871999999999935e+04 5.372143000000000029e+03 3.167226000000000113e+03 1.464734999999999900e+03 1.777253999999999905e+03 1.518668999999999869e+02 3.307979999999999876e+01
1.145312999999999920e+04 6.104475999999999658e+03 4.616972999999999956e+03 2.869003000000000156e+03 1.327278000000000020e+03 7.222974000000000387e+02 4.169028999999999883e+02 1.518668999999999869e+02 2.479834999999999923e+02 5.972686999999999635e+00
1.114967000000000098e+03 6.867419999999999618e+02 4.619125000000000227e+02 3.498115000000000236e+02 2.185098999999999876e+02 9.959806000000000381e+01 4.252615000000000123e+01 3.307979999999999876e+01 5.972686999999999635e+00 1.733326999999999884e+01
