3.058039000000000233e+05 1.536435000000000000e+05 8.614530999999999767e+04 4.880959999999999854e+04 2.453840000000000146e+04 1.333498999999999978e+04 4.586796999999999571e+03 1.942243999999999915e+03 2.704941000000000031e+02 9.614777999999999736e+01
1.536435000000000000e+05 1.446976000000000058e+05 5.878009999999999854e+04 3.327416999999999825e+04 1.745922999999999956e+04 8.161824999999999818e+03 3.461882000000000062e+03 1.290980999999999995e+03 1.503619999999999948e+02 8.024921000000000504e+01
8.614530999999999767e+04 5.878009999999999854e+04 5.392984999999999854e+04 1.831827000000000044e+04 9.525275999999999840e+03 5.057185000000000400e+03 2.046768000000000029e+03 5.205262999999999920e+02 6.689252999999999361e+01 2.229231000000000051e+01
4.880959999999999854e+04 3.327416999999999825e+04 1.831827000000000044e+04 2.166233000000000175e+04 5.404774999999999636e+03 2.699420999999999822e+03 9.834193000000000211e+02 4.059477999999999724e+02 1.531377999999999950e+01 2.853790000000000049e+01
2.453840000000000146e+04 1.745922999999999956e+04 9.525275999999999840e+03 5.404774999999999636e+03 7.334645000000000437e+03 1.559693999999999960e+03 6.350774999999999864e+02 2.309327999999999861e+02 7.056503000000000192e+00 9.988265999999999423e+00
1.333498999999999978e+04 8.161824999999999818e+03 5.057185000000000400e+03 2.699420999999999822e+03 1.559693999999999960e+03 3.001119000000000142e+03 2.491529999999999916e+02 9.183980999999999995e+01 5.130584999999999951e+00 -5.972686999999999635e+00
4.586796999999999571e+03 3.461882000000000062e+03 2.046768000000000029e+03 9.834193000000000211e+02 6.350774999999999864e+02 2.491529999999999916e+02 8.837392999999999574e+02 3.582831999999999795e+01 -7.516541000000000139e+00 1.715392999999999946e+00
1.942243999999999915e+03 1.290980999999999995e+03 5.205262999999999920e+02 4.059477999999999724e+02 2.309327999999999861e+02 9.183980999999999995e+01 3.582831999999999795e+01 2.387340000000000089e+02 -1.847946000000000089e+00 4.600371999999999795e-01
2.704941000000000031e+02 1.503619999999999948e+02 6.689252999999999361e+01 1.531377999999999950e+01 7.056503000000000192e+00 5.130584999999999951e+00 -7.516541000000000139e+00 -1.847946000000000089e+00 3.539947999999999695e+01 -2.807007000000000252e-01
9.614777999999999736e+01 8.024921000000000504e+01 2.229231000000000051e+01 2.853790000000000049e+01 9.988265999999999423e+00 -5.972686999999999635e+00 1.715392999999999946e+00 4.600371999999999795e-01 -2.807007000000000252e-01 3.960999000000000159e+00
