1.981367000000000000e+06 1.087690000000000000e+06 6.455576999999999534e+05 3.755790999999999767e+05 2.013603999999999942e+05 9.204596000000000640e+04 3.891284999999999854e+04 1.240344000000000051e+04 2.998818999999999733e+02 3.344315000000000282e+02
1.087690000000000000e+06 8.377658000000000466e+05 4.047007999999999884e+05 2.418650000000000000e+05 1.309138999999999942e+05 6.030033000000000175e+04 2.567088999999999942e+04 7.564091999999999643e+03 3.316166999999999803e+02 1.948257999999999868e+02
6.455576999999999534e+05 4.047007999999999884e+05 3.135250999999999767e+05 1.465946000000000058e+05 8.044638000000000466e+04 3.642658000000000175e+04 1.458462999999999920e+04 4.924931999999999789e+03 1.578473999999999933e+02 1.324361000000000104e+02
3.755790999999999767e+05 2.418650000000000000e+05 1.465946000000000058e+05 1.208515000000000000e+05 4.817991999999999825e+04 2.268963999999999942e+04 9.076738999999999578e+03 2.825326000000000022e+03 2.153129999999999882e+02 7.140323999999999671e+01
2.013603999999999942e+05 1.309138999999999942e+05 8.044638000000000466e+04 4.817991999999999825e+04 4.138194999999999709e+04 1.086978000000000065e+04 4.880929000000000087e+03 1.523463999999999942e+03 4.856121999999999872e+01 3.250670000000000215e+01
9.204596000000000640e+04 6.030033000000000175e+04 3.642658000000000175e+04 2.268963999999999942e+04 1.086978000000000065e+04 1.150143000000000029e+04 2.334668000000000120e+03 9.266982000000000426e+02 7.171902000000000044e+01 1.467051000000000016e+01
3.891284999999999854e+04 2.567088999999999942e+04 1.458462999999999920e+04 9.076738999999999578e+03 4.880929000000000087e+03 2.334668000000000120e+03 2.842902999999999793e+03 2.529619999999999891e+02 2.047556000000000154e+01 5.758263000000000353e+00
1.240344000000000051e+04 7.564091999999999643e+03 4.924931999999999789e+03 2.825326000000000022e+03 1.523463999999999942e+03 9.266982000000000426e+02 2.529619999999999891e+02 5.391245999999999867e+02 -1.559447999999999945e-01 1.052627999999999897e+00
2.998818999999999733e+02 3.316166999999999803e+02 1.578473999999999933e+02 2.153129999999999882e+02 4.856121999999999872e+01 7.171902000000000044e+01 2.047556000000000154e+01 -1.559447999999999945e-01 5.177367999999999881e+01 3.430786000000000113e-01
3.344315000000000282e+02 1.948257999999999868e+02 1.324361000000000104e+02 7.140323999999999671e+01 3.250670000000000215e+01 1.467051000000000016e+01 5.758263000000000353e+00 1.052627999999999897e+00 3.430786000000000113e-01 7.914200000000000124e+00
