1.787123000000000000e+06 9.055535999999999767e+05 5.641576999999999534e+05 3.231307000000000116e+05 1.666928999999999942e+05 7.635094999999999709e+04 3.054879000000000087e+04 8.668754000000000815e+03 4.884114000000000146e+02 1.866581999999999937e+02
9.055535999999999767e+05 6.901634000000000233e+05 3.389524000000000233e+05 2.039027999999999884e+05 1.033221999999999971e+05 4.976130999999999767e+04 1.835190000000000146e+04 4.888184000000000196e+03 3.410201000000000136e+02 1.027365000000000066e+02
5.641576999999999534e+05 3.389524000000000233e+05 2.752187999999999884e+05 1.243826999999999971e+05 6.701157000000000698e+04 2.846033000000000175e+04 1.157255999999999949e+04 3.334902999999999793e+03 2.587728999999999928e+02 7.130382000000000176e+01
3.231307000000000116e+05 2.039027999999999884e+05 1.243826999999999971e+05 1.027858000000000029e+05 3.693234999999999854e+04 1.722250000000000000e+04 7.051595000000000255e+03 1.925153999999999996e+03 1.973130999999999915e+02 5.510699999999999932e+01
1.666928999999999942e+05 1.033221999999999971e+05 6.701157000000000698e+04 3.693234999999999854e+04 3.224515999999999985e+04 8.500854999999999563e+03 3.770054000000000087e+03 9.596454999999999700e+02 4.265675999999999846e+01 1.765099999999999980e+01
7.635094999999999709e+04 4.976130999999999767e+04 2.846033000000000175e+04 1.722250000000000000e+04 8.500854999999999563e+03 9.124329999999999927e+03 1.696978000000000065e+03 5.220330999999999904e+02 2.039563000000000059e+01 8.458057000000000158e+00
3.054879000000000087e+04 1.835190000000000146e+04 1.157255999999999949e+04 7.051595000000000255e+03 3.770054000000000087e+03 1.696978000000000065e+03 2.360472000000000207e+03 1.860187999999999988e+02 1.801358000000000104e+01 3.315777000000000196e+00
8.668754000000000815e+03 4.888184000000000196e+03 3.334902999999999793e+03 1.925153999999999996e+03 9.596454999999999700e+02 5.220330999999999904e+02 1.860187999999999988e+02 3.946963999999999828e+02 -1.941513000000000044e+00 1.957108000000000070e+00
4.884114000000000146e+02 3.410201000000000136e+02 2.587728999999999928e+02 1.973130999999999915e+02 4.265675999999999846e+01 2.039563000000000059e+01 1.801358000000000104e+01 -1.941513000000000044e+00 4.859046000000000021e+01 -2.748528000000000082e-01
1.866581999999999937e+02 1.027365000000000066e+02 7.130382000000000176e+01 5.510699999999999932e+01 1.765099999999999980e+01 8.458057000000000158e+00 3.315777000000000196e+00 1.957108000000000070e+00 -2.748528000000000082e-01 2.976596999999999937e+00
