2.207965000000000000e+06 1.189652000000000000e+06 7.643175000000000000e+05 4.531094000000000233e+05 2.493035000000000000e+05 1.181550000000000000e+05 6.512797000000000116e+04 1.976345000000000073e+04 2.629431999999999789e+03 7.708040999999999485e+02
1.189652000000000000e+06 8.873381999999999534e+05 4.694225999999999767e+05 2.703090000000000000e+05 1.583023999999999942e+05 7.382130999999999767e+04 4.150237000000000262e+04 1.228834000000000015e+04 1.861772999999999911e+03 4.607624000000000137e+02
7.643175000000000000e+05 4.694225999999999767e+05 3.862372000000000116e+05 1.816460000000000000e+05 1.056666999999999971e+05 4.948909999999999854e+04 2.690450999999999840e+04 7.609030999999999949e+03 1.322253999999999905e+03 2.478821000000000083e+02
4.531094000000000233e+05 2.703090000000000000e+05 1.816460000000000000e+05 1.475385000000000000e+05 6.164304000000000087e+04 2.990202000000000044e+04 1.637506999999999971e+04 4.659365999999999985e+03 4.949123000000000161e+02 2.170986000000000047e+02
2.493035000000000000e+05 1.583023999999999942e+05 1.056666999999999971e+05 6.164304000000000087e+04 5.949076000000000204e+04 1.691936999999999898e+04 9.232209999999999127e+03 2.748028999999999996e+03 4.079243999999999915e+02 1.166623000000000019e+02
1.181550000000000000e+05 7.382130999999999767e+04 4.948909999999999854e+04 2.990202000000000044e+04 1.691936999999999898e+04 1.652886999999999898e+04 4.249801000000000386e+03 1.352664999999999964e+03 1.755392999999999972e+02 5.242864999999999753e+01
6.512797000000000116e+04 4.150237000000000262e+04 2.690450999999999840e+04 1.637506999999999971e+04 9.232209999999999127e+03 4.249801000000000386e+03 5.436842999999999847e+03 7.030771999999999480e+02 1.103016999999999967e+02 3.300571999999999662e+01
1.976345000000000073e+04 1.228834000000000015e+04 7.609030999999999949e+03 4.659365999999999985e+03 2.748028999999999996e+03 1.352664999999999964e+03 7.030771999999999480e+02 9.819533999999999878e+02 4.745400999999999669e+01 9.169556000000000040e+00
2.629431999999999789e+03 1.861772999999999911e+03 1.322253999999999905e+03 4.949123000000000161e+02 4.079243999999999915e+02 1.755392999999999972e+02 1.103016999999999967e+02 4.745400999999999669e+01 1.272334000000000032e+02 9.278716999999999659e-01
7.708040999999999485e+02 4.607624000000000137e+02 2.478821000000000083e+02 2.170986000000000047e+02 1.166623000000000019e+02 5.242864999999999753e+01 3.300571999999999662e+01 9.169556000000000040e+00 9.278716999999999659e-01 1.369195999999999991e+01
