2.955741000000000000e+06 1.601941000000000000e+06 1.002089000000000000e+06 5.832321999999999534e+05 3.372727999999999884e+05 1.559986000000000058e+05 7.249161000000000058e+04 2.085250000000000000e+04 3.729987999999999829e+03 4.782672000000000025e+02
1.601941000000000000e+06 1.147850000000000000e+06 6.044279000000000233e+05 3.513925999999999767e+05 2.025631000000000058e+05 9.229135000000000582e+04 4.339487999999999738e+04 1.205237999999999920e+04 2.601177000000000135e+03 2.448802000000000021e+02
1.002089000000000000e+06 6.044279000000000233e+05 4.872924000000000233e+05 2.200987999999999884e+05 1.334990000000000000e+05 6.111365000000000146e+04 2.907409999999999854e+04 8.350907999999999447e+03 1.433444999999999936e+03 1.596875000000000000e+02
5.832321999999999534e+05 3.513925999999999767e+05 2.200987999999999884e+05 1.821275000000000000e+05 7.692577999999999884e+04 3.494609999999999854e+04 1.639620999999999913e+04 4.360783000000000357e+03 8.958600999999999885e+02 1.388221000000000060e+02
3.372727999999999884e+05 2.025631000000000058e+05 1.334990000000000000e+05 7.692577999999999884e+04 6.703189999999999418e+04 2.200075000000000000e+04 9.906278000000000247e+03 2.913873999999999796e+03 5.676294000000000324e+02 5.546956999999999738e+01
1.559986000000000058e+05 9.229135000000000582e+04 6.111365000000000146e+04 3.494609999999999854e+04 2.200075000000000000e+04 1.758658000000000175e+04 4.899793999999999869e+03 1.244866999999999962e+03 2.686598000000000184e+02 3.694333000000000311e+01
7.249161000000000058e+04 4.339487999999999738e+04 2.907409999999999854e+04 1.639620999999999913e+04 9.906278000000000247e+03 4.899793999999999869e+03 4.845485999999999876e+03 6.234439999999999600e+02 1.074226000000000028e+02 3.187511999999999901e+01
2.085250000000000000e+04 1.205237999999999920e+04 8.350907999999999447e+03 4.360783000000000357e+03 2.913873999999999796e+03 1.244866999999999962e+03 6.234439999999999600e+02 7.685720999999999776e+02 3.417336000000000240e+01 7.563323999999999714e+00
3.729987999999999829e+03 2.601177000000000135e+03 1.433444999999999936e+03 8.958600999999999885e+02 5.676294000000000324e+02 2.686598000000000184e+02 1.074226000000000028e+02 3.417336000000000240e+01 9.119458000000000197e+01 5.146178999999999615e-01
4.782672000000000025e+02 2.448802000000000021e+02 1.596875000000000000e+02 1.388221000000000060e+02 5.546956999999999738e+01 3.694333000000000311e+01 3.187511999999999901e+01 7.563323999999999714e+00 5.146178999999999615e-01 7.859619000000000355e+00
