2.463138000000000000e+06 1.370395000000000000e+06 8.690638000000000466e+05 5.233167999999999884e+05 2.940525999999999767e+05 1.440093999999999942e+05 7.408021000000000640e+04 2.568370000000000073e+04 5.104162000000000262e+03 6.924886000000000195e+02
1.370395000000000000e+06 1.018458000000000000e+06 5.512851999999999534e+05 3.325120999999999767e+05 1.899168999999999942e+05 8.940972999999999593e+04 4.727718000000000029e+04 1.545201000000000022e+04 3.456606999999999971e+03 3.688407000000000266e+02
8.690638000000000466e+05 5.512851999999999534e+05 4.459719000000000233e+05 2.101443999999999942e+05 1.269458000000000029e+05 5.980536000000000058e+04 3.117938000000000102e+04 9.907300999999999476e+03 2.809130000000000109e+03 2.018238000000000056e+02
5.233167999999999884e+05 3.325120999999999767e+05 2.101443999999999942e+05 1.799855000000000000e+05 7.333194999999999709e+04 3.639733999999999651e+04 1.903731999999999971e+04 5.654783000000000357e+03 1.635461999999999989e+03 1.159294000000000011e+02
2.940525999999999767e+05 1.899168999999999942e+05 1.269458000000000029e+05 7.333194999999999709e+04 6.671332000000000698e+04 2.149013000000000102e+04 1.110545000000000073e+04 3.650371999999999844e+03 7.335800000000000409e+02 1.165220000000000056e+02
1.440093999999999942e+05 8.940972999999999593e+04 5.980536000000000058e+04 3.639733999999999651e+04 2.149013000000000102e+04 1.984936999999999898e+04 5.113212000000000444e+03 1.633279999999999973e+03 4.852769000000000119e+02 4.528638000000000119e+01
7.408021000000000640e+04 4.727718000000000029e+04 3.117938000000000102e+04 1.903731999999999971e+04 1.110545000000000073e+04 5.113212000000000444e+03 5.814838999999999942e+03 9.476221000000000458e+02 2.048257000000000119e+02 4.428833000000000197e+01
2.568370000000000073e+04 1.545201000000000022e+04 9.907300999999999476e+03 5.654783000000000357e+03 3.650371999999999844e+03 1.633279999999999973e+03 9.476221000000000458e+02 1.121272999999999911e+03 5.043061000000000149e+01 1.425336000000000070e+01
5.104162000000000262e+03 3.456606999999999971e+03 2.809130000000000109e+03 1.635461999999999989e+03 7.335800000000000409e+02 4.852769000000000119e+02 2.048257000000000119e+02 5.043061000000000149e+01 1.892214999999999918e+02 2.276794000000000207e+00
6.924886000000000195e+02 3.688407000000000266e+02 2.018238000000000056e+02 1.159294000000000011e+02 1.165220000000000056e+02 4.528638000000000119e+01 4.428833000000000197e+01 1.425336000000000070e+01 2.276794000000000207e+00 1.546973000000000020e+01
