3.409147000000000000e+06 1.850038000000000000e+06 1.171501000000000000e+06 6.995683000000000466e+05 3.906767999999999884e+05 1.987420000000000000e+05 9.186000000000000000e+04 3.182277000000000044e+04 6.726266999999999825e+03 5.899822000000000344e+02
1.850038000000000000e+06 1.352736000000000000e+06 7.170305999999999767e+05 4.339620999999999767e+05 2.347735000000000000e+05 1.203661999999999971e+05 5.525606999999999971e+04 1.927908000000000175e+04 3.742456999999999880e+03 4.138931999999999789e+02
1.171501000000000000e+06 7.170305999999999767e+05 5.614384000000000233e+05 2.678380999999999767e+05 1.532697999999999884e+05 7.898532000000000698e+04 3.706105000000000291e+04 1.319248999999999978e+04 2.485679000000000087e+03 3.089091999999999985e+02
6.995683000000000466e+05 4.339620999999999767e+05 2.678380999999999767e+05 2.252046000000000058e+05 9.298008999999999651e+04 4.796966000000000349e+04 2.070383000000000175e+04 8.096537999999999556e+03 1.591810999999999922e+03 1.705743999999999971e+02
3.906767999999999884e+05 2.347735000000000000e+05 1.532697999999999884e+05 9.298008999999999651e+04 7.758086000000000058e+04 2.645993000000000029e+04 1.264607999999999993e+04 3.860773000000000138e+03 8.563319999999999936e+02 1.112393000000000001e+02
1.987420000000000000e+05 1.203661999999999971e+05 7.898532000000000698e+04 4.796966000000000349e+04 2.645993000000000029e+04 2.393475000000000000e+04 6.474109999999999673e+03 2.336545000000000073e+03 4.364701000000000022e+02 4.013824999999999932e+01
9.186000000000000000e+04 5.525606999999999971e+04 3.706105000000000291e+04 2.070383000000000175e+04 1.264607999999999993e+04 6.474109999999999673e+03 6.487271999999999935e+03 1.094724999999999909e+03 2.247593999999999994e+02 4.232148000000000110e+01
3.182277000000000044e+04 1.927908000000000175e+04 1.319248999999999978e+04 8.096537999999999556e+03 3.860773000000000138e+03 2.336545000000000073e+03 1.094724999999999909e+03 1.191137999999999920e+03 8.962148999999999432e+01 1.458863999999999983e+01
6.726266999999999825e+03 3.742456999999999880e+03 2.485679000000000087e+03 1.591810999999999922e+03 8.563319999999999936e+02 4.364701000000000022e+02 2.247593999999999994e+02 8.962148999999999432e+01 1.505100999999999942e+02 1.571144000000000096e+00
5.899822000000000344e+02 4.138931999999999789e+02 3.089091999999999985e+02 1.705743999999999971e+02 1.112393000000000001e+02 4.013824999999999932e+01 4.232148000000000110e+01 1.458863999999999983e+01 1.571144000000000096e+00 8.824528000000000816e+00
