2.863007000000000000e+06 1.507298000000000000e+06 9.495700999999999767e+05 5.667210000000000000e+05 3.325000000000000000e+05 1.723997999999999884e+05 8.110175999999999476e+04 2.767865000000000146e+04 9.537579999999999927e+03 8.035252000000000407e+02
1.507298000000000000e+06 1.165930000000000000e+06 5.789040999999999767e+05 3.499974000000000233e+05 2.050908999999999942e+05 1.083121000000000058e+05 5.185543000000000029e+04 1.639602999999999884e+04 5.911507999999999811e+03 3.764936999999999898e+02
9.495700999999999767e+05 5.789040999999999767e+05 4.841312999999999884e+05 2.228685000000000000e+05 1.314390000000000000e+05 6.599921000000000640e+04 3.318908000000000175e+04 1.119562000000000080e+04 4.144301999999999680e+03 2.674415000000000191e+02
5.667210000000000000e+05 3.499974000000000233e+05 2.228685000000000000e+05 1.862120000000000000e+05 7.766396000000000640e+04 4.161722000000000116e+04 1.980493000000000029e+04 6.595402000000000044e+03 2.473476000000000113e+03 1.594146000000000072e+02
3.325000000000000000e+05 2.050908999999999942e+05 1.314390000000000000e+05 7.766396000000000640e+04 7.442119000000000233e+04 2.512434000000000015e+04 1.106530999999999949e+04 4.030898999999999887e+03 1.545250999999999976e+03 9.771893000000000029e+01
1.723997999999999884e+05 1.083121000000000058e+05 6.599921000000000640e+04 4.161722000000000116e+04 2.512434000000000015e+04 2.696740999999999985e+04 6.337161000000000058e+03 2.227347999999999956e+03 6.997984999999999900e+02 2.382057000000000002e+01
8.110175999999999476e+04 5.185543000000000029e+04 3.318908000000000175e+04 1.980493000000000029e+04 1.106530999999999949e+04 6.337161000000000058e+03 7.630567000000000007e+03 1.116159000000000106e+03 3.958815000000000168e+02 3.898620999999999981e+01
2.767865000000000146e+04 1.639602999999999884e+04 1.119562000000000080e+04 6.595402000000000044e+03 4.030898999999999887e+03 2.227347999999999956e+03 1.116159000000000106e+03 1.629528000000000020e+03 1.393231000000000108e+02 1.221438000000000024e+01
9.537579999999999927e+03 5.911507999999999811e+03 4.144301999999999680e+03 2.473476000000000113e+03 1.545250999999999976e+03 6.997984999999999900e+02 3.958815000000000168e+02 1.393231000000000108e+02 3.394275999999999840e+02 6.354752000000000178e-01
8.035252000000000407e+02 3.764936999999999898e+02 2.674415000000000191e+02 1.594146000000000072e+02 9.771893000000000029e+01 2.382057000000000002e+01 3.898620999999999981e+01 1.221438000000000024e+01 6.354752000000000178e-01 2.700185000000000102e+01
