1.879565000000000000e+06 1.042037000000000000e+06 6.692760000000000000e+05 3.989284000000000233e+05 2.333807000000000116e+05 1.116856999999999971e+05 5.780851000000000204e+04 1.582552000000000044e+04 7.410462999999999738e+03 9.876493000000000393e+02
1.042037000000000000e+06 8.600999000000000233e+05 4.478204000000000233e+05 2.741015000000000000e+05 1.536017000000000116e+05 7.884055999999999767e+04 3.721966000000000349e+04 1.035255999999999949e+04 5.020368999999999687e+03 4.104954999999999927e+02
6.692760000000000000e+05 4.478204000000000233e+05 3.745687999999999884e+05 1.751497999999999884e+05 9.648277000000000407e+04 5.007862999999999738e+04 2.626818000000000029e+04 7.994333999999999833e+03 3.215393000000000029e+03 4.422848999999999933e+02
3.989284000000000233e+05 2.741015000000000000e+05 1.751497999999999884e+05 1.598965000000000000e+05 6.036958000000000175e+04 3.143045999999999913e+04 1.635085000000000036e+04 4.183341000000000349e+03 2.059052999999999884e+03 1.679798999999999864e+02
2.333807000000000116e+05 1.536017000000000116e+05 9.648277000000000407e+04 6.036958000000000175e+04 5.862016000000000349e+04 1.843727999999999884e+04 8.068101999999999862e+03 2.742242999999999938e+03 1.346193999999999960e+03 1.624165000000000134e+02
1.116856999999999971e+05 7.884055999999999767e+04 5.007862999999999738e+04 3.143045999999999913e+04 1.843727999999999884e+04 2.090020999999999913e+04 4.818868999999999687e+03 1.359229000000000042e+03 6.256915999999999940e+02 4.668793000000000148e+01
5.780851000000000204e+04 3.721966000000000349e+04 2.626818000000000029e+04 1.635085000000000036e+04 8.068101999999999862e+03 4.818868999999999687e+03 6.688704999999999927e+03 7.954609000000000378e+02 3.301566000000000258e+02 1.285180000000000078e+01
1.582552000000000044e+04 1.035255999999999949e+04 7.994333999999999833e+03 4.183341000000000349e+03 2.742242999999999938e+03 1.359229000000000042e+03 7.954609000000000378e+02 1.311603000000000065e+03 1.125395000000000039e+02 9.791385999999999257e+00
7.410462999999999738e+03 5.020368999999999687e+03 3.215393000000000029e+03 2.059052999999999884e+03 1.346193999999999960e+03 6.256915999999999940e+02 3.301566000000000258e+02 1.125395000000000039e+02 3.363709999999999809e+02 4.672496999999999900e+00
9.876493000000000393e+02 4.104954999999999927e+02 4.422848999999999933e+02 1.679798999999999864e+02 1.624165000000000134e+02 4.668793000000000148e+01 1.285180000000000078e+01 9.791385999999999257e+00 4.672496999999999900e+00 4.224349999999999739e+01
