3.174532000000000000e+06 1.654871000000000000e+06 9.904626999999999534e+05 6.085398000000000466e+05 3.410100999999999767e+05 1.891372999999999884e+05 8.674263000000000466e+04 2.799090999999999985e+04 8.133605999999999767e+03 4.464816999999999894e+02
1.654871000000000000e+06 1.221767000000000000e+06 5.988473000000000466e+05 3.717715999999999767e+05 2.024302000000000116e+05 1.141836999999999971e+05 5.234709999999999854e+04 1.584343000000000029e+04 4.483717999999999847e+03 3.220844999999999914e+02
9.904626999999999534e+05 5.988473000000000466e+05 4.845492000000000116e+05 2.283466000000000058e+05 1.257280000000000000e+05 6.784133999999999651e+04 3.174370000000000073e+04 1.011704999999999927e+04 2.618512000000000171e+03 2.553654999999999973e+02
6.085398000000000466e+05 3.717715999999999767e+05 2.283466000000000058e+05 1.931218999999999942e+05 7.553088999999999942e+04 4.285736000000000058e+04 2.065725000000000000e+04 6.665768000000000029e+03 1.756227000000000089e+03 1.057813000000000017e+02
3.410100999999999767e+05 2.024302000000000116e+05 1.257280000000000000e+05 7.553088999999999942e+04 7.173482000000000698e+04 2.575325999999999840e+04 1.046001000000000022e+04 3.857731999999999971e+03 1.066416999999999916e+03 9.857466999999999757e+01
1.891372999999999884e+05 1.141836999999999971e+05 6.784133999999999651e+04 4.285736000000000058e+04 2.575325999999999840e+04 2.652863999999999942e+04 6.768418999999999869e+03 2.003517000000000053e+03 5.957014000000000351e+02 5.030389999999999873e+01
8.674263000000000466e+04 5.234709999999999854e+04 3.174370000000000073e+04 2.065725000000000000e+04 1.046001000000000022e+04 6.768418999999999869e+03 7.184931999999999789e+03 1.072213999999999942e+03 3.030086000000000013e+02 2.465878000000000014e+01
2.799090999999999985e+04 1.584343000000000029e+04 1.011704999999999927e+04 6.665768000000000029e+03 3.857731999999999971e+03 2.003517000000000053e+03 1.072213999999999942e+03 1.462637999999999920e+03 1.067286000000000001e+02 1.216369999999999951e+00
8.133605999999999767e+03 4.483717999999999847e+03 2.618512000000000171e+03 1.756227000000000089e+03 1.066416999999999916e+03 5.957014000000000351e+02 3.030086000000000013e+02 1.067286000000000001e+02 2.362173999999999978e+02 1.056526000000000076e+00
4.464816999999999894e+02 3.220844999999999914e+02 2.553654999999999973e+02 1.057813000000000017e+02 9.857466999999999757e+01 5.030389999999999873e+01 2.465878000000000014e+01 1.216369999999999951e+00 1.056526000000000076e+00 1.273873999999999995e+01
