1.686377000000000000e+06 8.906059000000000233e+05 5.752945999999999767e+05 3.535725000000000000e+05 2.077717999999999884e+05 1.096183999999999942e+05 4.511366000000000349e+04 1.920679999999999927e+04 6.570025999999999840e+03 1.328537000000000035e+03
8.906059000000000233e+05 7.310713000000000466e+05 3.679030000000000000e+05 2.319411000000000058e+05 1.379912999999999884e+05 6.884364999999999418e+04 2.980979000000000087e+04 1.223155999999999949e+04 3.993434999999999945e+03 8.407296999999999798e+02
5.752945999999999767e+05 3.679030000000000000e+05 3.247572999999999884e+05 1.500091000000000058e+05 8.546352000000000407e+04 4.705866999999999825e+04 2.113218999999999869e+04 8.462128000000000611e+03 2.998226000000000113e+03 3.457140999999999735e+02
3.535725000000000000e+05 2.319411000000000058e+05 1.500091000000000058e+05 1.430558999999999942e+05 5.761566999999999825e+04 3.034902999999999884e+04 1.343072999999999956e+04 4.681400999999999840e+03 1.891329999999999927e+03 2.667748000000000275e+02
2.077717999999999884e+05 1.379912999999999884e+05 8.546352000000000407e+04 5.761566999999999825e+04 5.488055000000000291e+04 1.842563999999999942e+04 8.064789999999999964e+03 3.113757999999999811e+03 1.112967000000000098e+03 1.507031000000000063e+02
1.096183999999999942e+05 6.884364999999999418e+04 4.705866999999999825e+04 3.034902999999999884e+04 1.842563999999999942e+04 2.075683000000000175e+04 4.425162000000000262e+03 1.682558999999999969e+03 6.892956000000000358e+02 1.674204000000000008e+02
4.511366000000000349e+04 2.980979000000000087e+04 2.113218999999999869e+04 1.343072999999999956e+04 8.064789999999999964e+03 4.425162000000000262e+03 6.388869999999999891e+03 8.874429999999999836e+02 2.612348999999999819e+02 5.036433000000000249e+01
1.920679999999999927e+04 1.223155999999999949e+04 8.462128000000000611e+03 4.681400999999999840e+03 3.113757999999999811e+03 1.682558999999999969e+03 8.874429999999999836e+02 1.428673000000000002e+03 1.141359999999999957e+02 2.486540000000000106e+01
6.570025999999999840e+03 3.993434999999999945e+03 2.998226000000000113e+03 1.891329999999999927e+03 1.112967000000000098e+03 6.892956000000000358e+02 2.612348999999999819e+02 1.141359999999999957e+02 4.007080000000000268e+02 -4.066260999999999903e+00
1.328537000000000035e+03 8.407296999999999798e+02 3.457140999999999735e+02 2.667748000000000275e+02 1.507031000000000063e+02 1.674204000000000008e+02 5.036433000000000249e+01 2.486540000000000106e+01 -4.066260999999999903e+00 5.181851999999999947e+01
