1.217763000000000000e+06 6.385044000000000233e+05 4.405090999999999767e+05 2.544402000000000116e+05 1.379830000000000000e+05 7.015083999999999651e+04 2.802245000000000073e+04 1.170650000000000000e+04 3.189106999999999971e+03 6.074284999999999854e+02
6.385044000000000233e+05 5.213914000000000233e+05 2.848717000000000116e+05 1.617713999999999942e+05 8.761905000000000291e+04 4.644601000000000204e+04 1.894802999999999884e+04 6.802001000000000204e+03 1.854253999999999905e+03 4.699397000000000162e+02
4.405090999999999767e+05 2.848717000000000116e+05 2.573235000000000000e+05 1.082526999999999971e+05 6.074570999999999913e+04 3.290687999999999738e+04 1.307904999999999927e+04 5.119699999999999818e+03 1.613573000000000093e+03 2.180499000000000080e+02
2.544402000000000116e+05 1.617713999999999942e+05 1.082526999999999971e+05 1.061980000000000000e+05 3.529005000000000291e+04 1.994265999999999985e+04 8.296378000000000611e+03 2.843623000000000047e+03 1.021431000000000040e+03 6.738375999999999522e+01
1.379830000000000000e+05 8.761905000000000291e+04 6.074570999999999913e+04 3.529005000000000291e+04 3.876909999999999854e+04 1.056053000000000065e+04 4.103757999999999811e+03 1.790869999999999891e+03 4.902749000000000024e+02 8.711078000000000543e+01
7.015083999999999651e+04 4.644601000000000204e+04 3.290687999999999738e+04 1.994265999999999985e+04 1.056053000000000065e+04 1.239159000000000015e+04 2.697351999999999862e+03 9.141173999999999751e+02 2.169855000000000018e+02 4.041310000000000002e+01
2.802245000000000073e+04 1.894802999999999884e+04 1.307904999999999927e+04 8.296378000000000611e+03 4.103757999999999811e+03 2.697351999999999862e+03 4.254811999999999898e+03 3.650668000000000006e+02 9.377352000000000487e+01 1.911103999999999914e+01
1.170650000000000000e+04 6.802001000000000204e+03 5.119699999999999818e+03 2.843623000000000047e+03 1.790869999999999891e+03 9.141173999999999751e+02 3.650668000000000006e+02 9.356689000000000078e+02 3.262366000000000099e+01 1.958667000000000158e+01
3.189106999999999971e+03 1.854253999999999905e+03 1.613573000000000093e+03 1.021431000000000040e+03 4.902749000000000024e+02 2.169855000000000018e+02 9.377352000000000487e+01 3.262366000000000099e+01 2.040928000000000111e+02 -1.606232000000000104e+00
6.074284999999999854e+02 4.699397000000000162e+02 2.180499000000000080e+02 6.738375999999999522e+01 8.711078000000000543e+01 4.041310000000000002e+01 1.911103999999999914e+01 1.958667000000000158e+01 -1.606232000000000104e+00 2.841315000000000168e+01
