2.134222999999999956e+04 6.822399000000000342e+03 3.730762000000000171e+03 1.647587999999999965e+03 1.109516000000000076e+03 4.503686999999999898e+02 2.268061999999999898e+02 1.752820000000000107e+02 6.506018000000000256e+01 -2.619873000000000118e+00
6.822399000000000342e+03 1.066585000000000036e+04 2.598952999999999975e+03 1.206521999999999935e+03 7.331200000000000045e+02 2.647631000000000085e+02 1.449975000000000023e+02 6.276778999999999797e+01 5.114211000000000240e+01 -7.376190000000000246e+00
3.730762000000000171e+03 2.598952999999999975e+03 5.128243999999999687e+03 9.131251999999999498e+02 3.894039999999999964e+02 1.983228000000000009e+02 6.907576000000000249e+01 2.761392999999999986e+01 4.307976000000000028e-01 1.018709999999999916e+01
1.647587999999999965e+03 1.206521999999999935e+03 9.131251999999999498e+02 2.431255999999999858e+03 1.574438000000000102e+02 1.545646999999999878e+02 1.141437999999999988e+02 -1.946581000000000117e+01 1.093368000000000073e+01 -5.111092000000000191e+00
1.109516000000000076e+03 7.331200000000000045e+02 3.894039999999999964e+02 1.574438000000000102e+02 1.111182999999999993e+03 8.452988999999999464e+01 2.215195999999999898e+01 -7.134475999999999596e-01 5.518496999999999986e+00 -3.653007999999999811e+00
4.503686999999999898e+02 2.647631000000000085e+02 1.983228000000000009e+02 1.545646999999999878e+02 8.452988999999999464e+01 4.757876999999999725e+02 8.701720999999999151e+00 -3.898620999999999892e-01 5.996077999999999797e+00 2.884978999999999960e+00
2.268061999999999898e+02 1.449975000000000023e+02 6.907576000000000249e+01 1.141437999999999988e+02 2.215195999999999898e+01 8.701720999999999151e+00 1.643969999999999914e+02 -4.382049999999999557e+00 -2.487319999999999975e+00 -1.091614000000000057e-01
1.752820000000000107e+02 6.276778999999999797e+01 2.761392999999999986e+01 -1.946581000000000117e+01 -7.134475999999999596e-01 -3.898620999999999892e-01 -4.382049999999999557e+00 5.931360999999999706e+01 -5.847930999999999963e-02 1.317733999999999961e+00
6.506018000000000256e+01 5.114211000000000240e+01 4.307976000000000028e-01 1.093368000000000073e+01 5.518496999999999986e+00 5.996077999999999797e+00 -2.487319999999999975e+00 -5.847930999999999963e-02 2.552621999999999858e+01 -3.157883000000000218e-01
-2.619873000000000118e+00 -7.376190000000000246e+00 1.018709999999999916e+01 -5.111092000000000191e+00 -3.653007999999999811e+00 2.884978999999999960e+00 -1.091614000000000057e-01 1.317733999999999961e+00 -3.157883000000000218e-01 5.918105999999999867e+00
