2.506847999999999884e+05 1.149625000000000000e+05 7.452280000000000291e+04 3.706816000000000349e+04 1.859979999999999927e+04 9.740368000000000393e+03 3.618181000000000040e+03 9.606240000000000236e+02 4.274057999999999993e+02 2.812855000000000061e+01
1.149625000000000000e+05 1.205336999999999971e+05 4.633327999999999884e+04 2.610136999999999898e+04 1.127101000000000022e+04 6.307212000000000444e+03 2.707275999999999840e+03 8.462853000000000065e+02 3.826184000000000083e+02 4.964893000000000001e+01
7.452280000000000291e+04 4.633327999999999884e+04 5.292494000000000233e+04 1.632762000000000080e+04 8.161048999999999978e+03 3.450291000000000167e+03 1.532077999999999975e+03 4.310568000000000097e+02 1.325647999999999911e+02 2.452036999999999978e+01
3.706816000000000349e+04 2.610136999999999898e+04 1.632762000000000080e+04 1.779040000000000146e+04 3.551721000000000004e+03 1.911337999999999965e+03 1.040285000000000082e+03 1.869077000000000055e+02 1.396798000000000002e+02 1.847946000000000089e+00
1.859979999999999927e+04 1.127101000000000022e+04 8.161048999999999978e+03 3.551721000000000004e+03 6.710609999999999673e+03 1.100479000000000042e+03 3.956202999999999861e+02 8.055719999999999459e+01 4.123960999999999899e+01 9.746551999999999993e-02
9.740368000000000393e+03 6.307212000000000444e+03 3.450291000000000167e+03 1.911337999999999965e+03 1.100479000000000042e+03 2.462173999999999978e+03 1.603541999999999916e+02 3.989457999999999771e+01 4.322010999999999825e+01 -1.781670000000000087e+00
3.618181000000000040e+03 2.707275999999999840e+03 1.532077999999999975e+03 1.040285000000000082e+03 3.956202999999999861e+02 1.603541999999999916e+02 7.960807999999999538e+02 3.102717000000000169e+01 9.430763000000000673e+00 5.370350000000000179e+00
9.606240000000000236e+02 8.462853000000000065e+02 4.310568000000000097e+02 1.869077000000000055e+02 8.055719999999999459e+01 3.989457999999999771e+01 3.102717000000000169e+01 1.972683000000000106e+02 -2.428840999999999806e+00 2.497065999999999786e+00
4.274057999999999993e+02 3.826184000000000083e+02 1.325647999999999911e+02 1.396798000000000002e+02 4.123960999999999899e+01 4.322010999999999825e+01 9.430763000000000673e+00 -2.428840999999999806e+00 4.902125999999999806e+01 1.118903999999999899e+00
2.812855000000000061e+01 4.964893000000000001e+01 2.452036999999999978e+01 1.847946000000000089e+00 9.746551999999999993e-02 -1.781670000000000087e+00 5.370350000000000179e+00 2.497065999999999786e+00 1.118903999999999899e+00 1.082061999999999991e+01
