1.437093000000000000e+06 7.654091999999999534e+05 4.920907999999999884e+05 3.167460000000000000e+05 1.624085000000000000e+05 1.008246999999999971e+05 3.821729000000000087e+04 1.690543999999999869e+04 5.841220999999999549e+03 1.003899000000000001e+03
7.654091999999999534e+05 6.212268000000000466e+05 3.182372000000000116e+05 2.109927000000000116e+05 1.110103000000000029e+05 6.247641999999999825e+04 2.343349000000000160e+04 9.919291999999999462e+03 4.042159999999999854e+03 5.652921999999999798e+02
4.920907999999999884e+05 3.182372000000000116e+05 2.779145000000000000e+05 1.302130000000000000e+05 6.838250000000000000e+04 4.260837999999999738e+04 1.684300000000000000e+04 7.254542000000000371e+03 2.724592000000000098e+03 3.611116999999999848e+02
3.167460000000000000e+05 2.109927000000000116e+05 1.302130000000000000e+05 1.336842999999999884e+05 4.579620999999999913e+04 2.770677999999999884e+04 1.117896999999999935e+04 4.176431999999999789e+03 1.866159000000000106e+03 2.515175999999999874e+02
1.624085000000000000e+05 1.110103000000000029e+05 6.838250000000000000e+04 4.579620999999999913e+04 4.632515000000000146e+04 1.587372999999999956e+04 5.985021999999999935e+03 2.609713000000000193e+03 1.077971999999999980e+03 1.396914999999999907e+02
1.008246999999999971e+05 6.247641999999999825e+04 4.260837999999999738e+04 2.770677999999999884e+04 1.587372999999999956e+04 1.933622000000000116e+04 3.755050000000000182e+03 1.703435999999999922e+03 5.440623000000000502e+02 8.114394000000000062e+01
3.821729000000000087e+04 2.343349000000000160e+04 1.684300000000000000e+04 1.117896999999999935e+04 5.985021999999999935e+03 3.755050000000000182e+03 5.512930000000000291e+03 6.612215999999999667e+02 2.049505000000000052e+02 5.089258999999999844e+01
1.690543999999999869e+04 9.919291999999999462e+03 7.254542000000000371e+03 4.176431999999999789e+03 2.609713000000000193e+03 1.703435999999999922e+03 6.612215999999999667e+02 1.463690000000000055e+03 7.221415000000000362e+01 3.078741000000000128e+01
5.841220999999999549e+03 4.042159999999999854e+03 2.724592000000000098e+03 1.866159000000000106e+03 1.077971999999999980e+03 5.440623000000000502e+02 2.049505000000000052e+02 7.221415000000000362e+01 3.649712999999999852e+02 -3.645209999999999839e-01
1.003899000000000001e+03 5.652921999999999798e+02 3.611116999999999848e+02 2.515175999999999874e+02 1.396914999999999907e+02 8.114394000000000062e+01 5.089258999999999844e+01 3.078741000000000128e+01 -3.645209999999999839e-01 4.941696999999999917e+01
