2.385194000000000000e+06 1.300139000000000000e+06 8.178328000000000466e+05 5.086420000000000000e+05 2.920975999999999767e+05 1.651157999999999884e+05 8.211291000000000349e+04 2.969883000000000175e+04 1.141592000000000007e+04 1.301347999999999956e+03
1.300139000000000000e+06 1.062476000000000000e+06 5.388494000000000233e+05 3.470205999999999767e+05 1.971145000000000000e+05 1.107381999999999971e+05 5.617740000000000146e+04 2.185738999999999942e+04 6.679198999999999614e+03 8.596418999999999642e+02
8.178328000000000466e+05 5.388494000000000233e+05 4.491354000000000233e+05 2.139263999999999942e+05 1.241428000000000029e+05 6.876425000000000000e+04 3.537805999999999767e+04 1.414130999999999949e+04 5.245461000000000240e+03 5.708437999999999874e+02
5.086420000000000000e+05 3.470205999999999767e+05 2.139263999999999942e+05 1.869360000000000000e+05 7.883769999999999709e+04 4.501484999999999854e+04 2.271934000000000015e+04 8.457804000000000087e+03 3.111887000000000171e+03 4.049184999999999945e+02
2.920975999999999767e+05 1.971145000000000000e+05 1.241428000000000029e+05 7.883769999999999709e+04 7.609021000000000640e+04 2.589761000000000058e+04 1.298361000000000058e+04 5.172100999999999658e+03 2.133940999999999804e+03 2.030480000000000018e+02
1.651157999999999884e+05 1.107381999999999971e+05 6.876425000000000000e+04 4.501484999999999854e+04 2.589761000000000058e+04 2.997333000000000175e+04 7.673521999999999935e+03 2.742440000000000055e+03 1.386579999999999927e+03 6.947732000000000596e+01
8.211291000000000349e+04 5.617740000000000146e+04 3.537805999999999767e+04 2.271934000000000015e+04 1.298361000000000058e+04 7.673521999999999935e+03 9.241384000000000015e+03 1.590817000000000007e+03 5.209960999999999558e+02 1.156330999999999989e+02
2.969883000000000175e+04 2.185738999999999942e+04 1.414130999999999949e+04 8.457804000000000087e+03 5.172100999999999658e+03 2.742440000000000055e+03 1.590817000000000007e+03 2.550880999999999858e+03 2.317691000000000088e+02 4.266261000000000081e+01
1.141592000000000007e+04 6.679198999999999614e+03 5.245461000000000240e+03 3.111887000000000171e+03 2.133940999999999804e+03 1.386579999999999927e+03 5.209960999999999558e+02 2.317691000000000088e+02 5.320759000000000469e+02 7.430771000000000015e+00
1.301347999999999956e+03 8.596418999999999642e+02 5.708437999999999874e+02 4.049184999999999945e+02 2.030480000000000018e+02 6.947732000000000596e+01 1.156330999999999989e+02 4.266261000000000081e+01 7.430771000000000015e+00 6.736037000000000319e+01
