2.237127000000000000e+06 1.245550000000000000e+06 8.098225000000000000e+05 4.875915999999999767e+05 2.985230000000000000e+05 1.532055000000000000e+05 7.669200000000000000e+04 2.963849000000000160e+04 7.027451000000000022e+03 1.367691000000000031e+03
1.245550000000000000e+06 9.951943000000000466e+05 5.417849000000000233e+05 3.165532999999999884e+05 1.951481000000000058e+05 1.004145000000000000e+05 5.068279000000000087e+04 1.996063999999999942e+04 4.067757999999999811e+03 9.989981000000000222e+02
8.098225000000000000e+05 5.417849000000000233e+05 4.466297999999999884e+05 2.082922999999999884e+05 1.282940000000000000e+05 6.757480999999999767e+04 3.212286999999999898e+04 1.265622999999999956e+04 2.489827000000000226e+03 8.845521999999999707e+02
4.875915999999999767e+05 3.165532999999999884e+05 2.082922999999999884e+05 1.762937999999999884e+05 7.830357000000000698e+04 4.113506999999999971e+04 1.879522000000000116e+04 8.289502000000000407e+03 1.850788000000000011e+03 3.932986999999999966e+02
2.985230000000000000e+05 1.951481000000000058e+05 1.282940000000000000e+05 7.830357000000000698e+04 7.751858000000000175e+04 2.527961999999999898e+04 1.282496999999999935e+04 4.881265999999999622e+03 1.233558999999999969e+03 2.092526000000000010e+02
1.532055000000000000e+05 1.004145000000000000e+05 6.757480999999999767e+04 4.113506999999999971e+04 2.527961999999999898e+04 2.462933000000000175e+04 6.334787000000000262e+03 2.695780999999999949e+03 7.368354000000000497e+02 1.339507999999999868e+02
7.669200000000000000e+04 5.068279000000000087e+04 3.212286999999999898e+04 1.879522000000000116e+04 1.282496999999999935e+04 6.334787000000000262e+03 7.809335000000000036e+03 1.254034000000000106e+03 3.780647999999999911e+02 7.166055000000000064e+01
2.963849000000000160e+04 1.996063999999999942e+04 1.265622999999999956e+04 8.289502000000000407e+03 4.881265999999999622e+03 2.695780999999999949e+03 1.254034000000000106e+03 1.984192999999999984e+03 1.140463000000000022e+02 8.029208999999999818e+00
7.027451000000000022e+03 4.067757999999999811e+03 2.489827000000000226e+03 1.850788000000000011e+03 1.233558999999999969e+03 7.368354000000000497e+02 3.780647999999999911e+02 1.140463000000000022e+02 3.677724999999999795e+02 1.106038999999999994e+01
1.367691000000000031e+03 9.989981000000000222e+02 8.845521999999999707e+02 3.932986999999999966e+02 2.092526000000000010e+02 1.339507999999999868e+02 7.166055000000000064e+01 8.029208999999999818e+00 1.106038999999999994e+01 5.540525000000000233e+01
