1.218414000000000000e+06 6.597424000000000233e+05 4.168639000000000233e+05 2.208571000000000058e+05 1.190766999999999971e+05 5.787494000000000233e+04 2.171409999999999854e+04 6.891731999999999971e+03 1.695526000000000067e+03 3.870862000000000194e+02
6.597424000000000233e+05 5.223192999999999884e+05 2.657234000000000233e+05 1.453990000000000000e+05 8.266963000000000466e+04 3.797186000000000058e+04 1.452125000000000000e+04 5.110981999999999971e+03 8.695951000000000022e+02 2.533011999999999944e+02
4.168639000000000233e+05 2.657234000000000233e+05 2.342887999999999884e+05 9.226663999999999942e+04 5.109430999999999767e+04 2.434895999999999913e+04 8.627402000000000044e+03 2.574856000000000222e+03 5.821146999999999707e+02 1.802761000000000138e+02
2.208571000000000058e+05 1.453990000000000000e+05 9.226663999999999942e+04 7.962447000000000116e+04 2.924197999999999956e+04 1.487878000000000065e+04 5.705548999999999978e+03 1.885415999999999940e+03 2.622328999999999724e+02 6.923560000000000514e+01
1.190766999999999971e+05 8.266963000000000466e+04 5.109430999999999767e+04 2.924197999999999956e+04 3.028202999999999884e+04 7.854237000000000080e+03 2.938534999999999854e+03 1.010916000000000054e+03 2.577495000000000118e+02 3.456127000000000038e+01
5.787494000000000233e+04 3.797186000000000058e+04 2.434895999999999913e+04 1.487878000000000065e+04 7.854237000000000080e+03 9.231853999999999360e+03 1.443835000000000036e+03 6.445082999999999629e+02 1.183971999999999980e+02 3.293945000000000078e+01
2.171409999999999854e+04 1.452125000000000000e+04 8.627402000000000044e+03 5.705548999999999978e+03 2.938534999999999854e+03 1.443835000000000036e+03 2.131507999999999811e+03 1.831025999999999954e+02 1.770752999999999844e+01 1.795704999999999885e+01
6.891731999999999971e+03 5.110981999999999971e+03 2.574856000000000222e+03 1.885415999999999940e+03 1.010916000000000054e+03 6.445082999999999629e+02 1.831025999999999954e+02 4.811755999999999744e+02 1.923579000000000150e+01 -4.756316999999999906e-01
1.695526000000000067e+03 8.695951000000000022e+02 5.821146999999999707e+02 2.622328999999999724e+02 2.577495000000000118e+02 1.183971999999999980e+02 1.770752999999999844e+01 1.923579000000000150e+01 7.316151000000000693e+01 1.551650999999999891e+00
3.870862000000000194e+02 2.533011999999999944e+02 1.802761000000000138e+02 6.923560000000000514e+01 3.456127000000000038e+01 3.293945000000000078e+01 1.795704999999999885e+01 -4.756316999999999906e-01 1.551650999999999891e+00 9.785538000000000736e+00
