2.439676000000000000e+06 1.408045000000000000e+06 8.852469000000000233e+05 5.361575999999999767e+05 3.391995000000000000e+05 1.751197000000000116e+05 8.450539999999999418e+04 3.389884999999999854e+04 6.624293999999999869e+03 1.346009999999999991e+03
1.408045000000000000e+06 1.137135000000000000e+06 6.000080999999999767e+05 3.554185000000000000e+05 2.178873999999999942e+05 1.157851000000000058e+05 5.641544000000000233e+04 2.252813000000000102e+04 5.183969000000000051e+03 7.977220999999999549e+02
8.852469000000000233e+05 6.000080999999999767e+05 4.880972000000000116e+05 2.266457000000000116e+05 1.374256000000000058e+05 7.513574000000000524e+04 3.513620999999999913e+04 1.379721999999999935e+04 2.859891999999999825e+03 7.297925000000000182e+02
5.361575999999999767e+05 3.554185000000000000e+05 2.266457000000000116e+05 1.911113999999999942e+05 8.537099000000000524e+04 4.640612000000000262e+04 2.104440000000000146e+04 9.088370999999999185e+03 1.986141000000000076e+03 3.673494999999999777e+02
3.391995000000000000e+05 2.178873999999999942e+05 1.374256000000000058e+05 8.537099000000000524e+04 8.822691999999999825e+04 2.897477999999999884e+04 1.379593000000000029e+04 5.551042999999999665e+03 1.218423999999999978e+03 2.989365000000000236e+02
1.751197000000000116e+05 1.157851000000000058e+05 7.513574000000000524e+04 4.640612000000000262e+04 2.897477999999999884e+04 2.839511999999999898e+04 8.248136000000000422e+03 3.139574999999999818e+03 7.724142000000000507e+02 7.017712000000000216e+01
8.450539999999999418e+04 5.641544000000000233e+04 3.513620999999999913e+04 2.104440000000000146e+04 1.379593000000000029e+04 8.248136000000000422e+03 8.551132999999999811e+03 1.412173999999999978e+03 5.043022000000000276e+02 9.254156000000000404e+01
3.389884999999999854e+04 2.252813000000000102e+04 1.379721999999999935e+04 9.088370999999999185e+03 5.551042999999999665e+03 3.139574999999999818e+03 1.412173999999999978e+03 2.161271000000000186e+03 1.260657999999999959e+02 1.924359000000000108e+01
6.624293999999999869e+03 5.183969000000000051e+03 2.859891999999999825e+03 1.986141000000000076e+03 1.218423999999999978e+03 7.724142000000000507e+02 5.043022000000000276e+02 1.260657999999999959e+02 3.736983999999999924e+02 3.068214000000000219e+00
1.346009999999999991e+03 7.977220999999999549e+02 7.297925000000000182e+02 3.673494999999999777e+02 2.989365000000000236e+02 7.017712000000000216e+01 9.254156000000000404e+01 1.924359000000000108e+01 3.068214000000000219e+00 4.859046000000000021e+01
