1.999612000000000000e+06 1.116947000000000000e+06 7.098749000000000233e+05 4.146664000000000233e+05 2.415313999999999942e+05 1.172303000000000029e+05 6.214590000000000146e+04 1.957077000000000044e+04 3.705291999999999916e+03 1.338997000000000071e+03
1.116947000000000000e+06 8.972870000000000000e+05 4.692305000000000000e+05 2.713714000000000233e+05 1.630957000000000116e+05 7.842050999999999476e+04 4.016287000000000262e+04 1.280175000000000000e+04 2.555369999999999891e+03 8.734392000000000280e+02
7.098749000000000233e+05 4.692305000000000000e+05 3.887804000000000233e+05 1.747375000000000000e+05 1.106703999999999942e+05 4.941029000000000087e+04 2.653493999999999869e+04 7.550710000000000036e+03 1.583905999999999949e+03 5.089064000000000192e+02
4.146664000000000233e+05 2.713714000000000233e+05 1.747375000000000000e+05 1.481812999999999884e+05 6.476268000000000029e+04 2.870925000000000000e+04 1.575539999999999964e+04 5.096072000000000116e+03 1.137113000000000056e+03 2.445566000000000031e+02
2.415313999999999942e+05 1.630957000000000116e+05 1.106703999999999942e+05 6.476268000000000029e+04 6.337769000000000233e+04 1.769181999999999971e+04 1.013859000000000015e+04 2.932362999999999829e+03 7.158413000000000466e+02 1.589857000000000085e+02
1.172303000000000029e+05 7.842050999999999476e+04 4.941029000000000087e+04 2.870925000000000000e+04 1.769181999999999971e+04 1.765724000000000160e+04 4.807578000000000429e+03 1.251557000000000016e+03 4.019965000000000259e+02 8.245193000000000438e+01
6.214590000000000146e+04 4.016287000000000262e+04 2.653493999999999869e+04 1.575539999999999964e+04 1.013859000000000015e+04 4.807578000000000429e+03 6.029931999999999789e+03 8.627120999999999640e+02 1.948043000000000120e+02 3.251059999999999661e+01
1.957077000000000044e+04 1.280175000000000000e+04 7.550710000000000036e+03 5.096072000000000116e+03 2.932362999999999829e+03 1.251557000000000016e+03 8.627120999999999640e+02 1.248242999999999938e+03 1.560422999999999938e+01 5.742668000000000106e+00
3.705291999999999916e+03 2.555369999999999891e+03 1.583905999999999949e+03 1.137113000000000056e+03 7.158413000000000466e+02 4.019965000000000259e+02 1.948043000000000120e+02 1.560422999999999938e+01 2.300634000000000015e+02 5.095496999999999943e+00
1.338997000000000071e+03 8.734392000000000280e+02 5.089064000000000192e+02 2.445566000000000031e+02 1.589857000000000085e+02 8.245193000000000438e+01 3.251059999999999661e+01 5.742668000000000106e+00 5.095496999999999943e+00 3.018311999999999884e+01
