9.506903000000000466e+05 4.998435000000000000e+05 3.097420000000000000e+05 1.784402999999999884e+05 9.443494999999999709e+04 4.225923000000000320e+04 1.779433000000000175e+04 6.273631000000000313e+03 1.614015000000000100e+03 3.693163000000000125e+02
4.998435000000000000e+05 4.183682000000000116e+05 2.034513999999999942e+05 1.129620000000000000e+05 6.495175000000000000e+04 2.908375999999999840e+04 1.171245000000000073e+04 4.475046999999999571e+03 1.025236000000000104e+03 3.479128999999999792e+02
3.097420000000000000e+05 2.034513999999999942e+05 1.738517999999999884e+05 7.134163999999999942e+04 3.959026999999999680e+04 1.744161999999999898e+04 6.262743999999999687e+03 2.297378999999999905e+03 5.178615999999999531e+02 1.881317999999999984e+02
1.784402999999999884e+05 1.129620000000000000e+05 7.134163999999999942e+04 6.650658999999999651e+04 2.377079999999999927e+04 1.178834000000000015e+04 4.390220999999999549e+03 1.534719000000000051e+03 3.138895999999999731e+02 5.808944999999999936e+01
9.443494999999999709e+04 6.495175000000000000e+04 3.959026999999999680e+04 2.377079999999999927e+04 2.467781999999999971e+04 5.839845000000000255e+03 2.406976999999999862e+03 9.561250000000000000e+02 2.155430000000000064e+02 5.007388000000000261e+01
4.225923000000000320e+04 2.908375999999999840e+04 1.744161999999999898e+04 1.178834000000000015e+04 5.839845000000000255e+03 7.346926999999999680e+03 1.122740000000000009e+03 4.908636000000000195e+02 7.826480999999999710e+01 2.867824999999999847e+01
1.779433000000000175e+04 1.171245000000000073e+04 6.262743999999999687e+03 4.390220999999999549e+03 2.406976999999999862e+03 1.122740000000000009e+03 1.961661000000000058e+03 1.395706000000000131e+02 7.744219999999999970e+01 1.185181000000000040e+01
6.273631000000000313e+03 4.475046999999999571e+03 2.297378999999999905e+03 1.534719000000000051e+03 9.561250000000000000e+02 4.908636000000000195e+02 1.395706000000000131e+02 4.166514000000000237e+02 2.515194999999999936e+01 -3.532150000000000123e+00
1.614015000000000100e+03 1.025236000000000104e+03 5.178615999999999531e+02 3.138895999999999731e+02 2.155430000000000064e+02 7.826480999999999710e+01 7.744219999999999970e+01 2.515194999999999936e+01 7.865662000000000376e+01 1.481475999999999904e-01
3.693163000000000125e+02 3.479128999999999792e+02 1.881317999999999984e+02 5.808944999999999936e+01 5.007388000000000261e+01 2.867824999999999847e+01 1.185181000000000040e+01 -3.532150000000000123e+00 1.481475999999999904e-01 1.369195999999999991e+01
