1.761939000000000000e+06 9.546920999999999767e+05 6.092894000000000233e+05 3.578624000000000233e+05 1.948387999999999884e+05 9.982785000000000582e+04 4.335255999999999767e+04 1.283270000000000073e+04 2.445702000000000226e+03 9.834737999999999829e+02
9.546920999999999767e+05 7.619595999999999767e+05 3.921085000000000000e+05 2.340352000000000116e+05 1.286403999999999942e+05 6.359198000000000320e+04 2.770902000000000044e+04 8.444230999999999767e+03 1.404390000000000100e+03 6.041029999999999518e+02
6.092894000000000233e+05 3.921085000000000000e+05 3.369015999999999767e+05 1.525782000000000116e+05 8.522555999999999767e+04 3.970327999999999884e+04 1.902006999999999971e+04 5.052738999999999578e+03 9.726843999999999824e+02 4.571172000000000253e+02
3.578624000000000233e+05 2.340352000000000116e+05 1.525782000000000116e+05 1.291080000000000000e+05 5.126983000000000175e+04 2.391636999999999898e+04 1.170129999999999927e+04 3.328887999999999920e+03 6.690461999999999989e+02 1.346505999999999972e+02
1.948387999999999884e+05 1.286403999999999942e+05 8.522555999999999767e+04 5.126983000000000175e+04 4.742087000000000262e+04 1.357335000000000036e+04 6.444039999999999964e+03 1.971690000000000055e+03 3.663552999999999997e+02 1.342802000000000078e+02
9.982785000000000582e+04 6.359198000000000320e+04 3.970327999999999884e+04 2.391636999999999898e+04 1.357335000000000036e+04 1.519971999999999935e+04 3.508563999999999851e+03 8.550376999999999725e+02 2.370283000000000015e+02 6.314206000000000074e+01
4.335255999999999767e+04 2.770902000000000044e+04 1.902006999999999971e+04 1.170129999999999927e+04 6.444039999999999964e+03 3.508563999999999851e+03 4.257417000000000371e+03 4.803158999999999992e+02 1.560812999999999917e+01 3.721233000000000146e+01
1.283270000000000073e+04 8.444230999999999767e+03 5.052738999999999578e+03 3.328887999999999920e+03 1.971690000000000055e+03 8.550376999999999725e+02 4.803158999999999992e+02 8.251177000000000135e+02 2.753011000000000053e+01 6.132530000000000037e+00
2.445702000000000226e+03 1.404390000000000100e+03 9.726843999999999824e+02 6.690461999999999989e+02 3.663552999999999997e+02 2.370283000000000015e+02 1.560812999999999917e+01 2.753011000000000053e+01 1.431242000000000019e+02 2.249503999999999948e+00
9.834737999999999829e+02 6.041029999999999518e+02 4.571172000000000253e+02 1.346505999999999972e+02 1.342802000000000078e+02 6.314206000000000074e+01 3.721233000000000146e+01 6.132530000000000037e+00 2.249503999999999948e+00 1.733326999999999884e+01
