1.106248999999999942e+05 4.750691000000000349e+04 2.745547000000000116e+04 1.382919000000000051e+04 7.775951000000000022e+03 3.604554999999999836e+03 1.229929000000000087e+03 7.502972999999999502e+02 1.124946999999999946e+02 5.044814999999999827e+01
4.750691000000000349e+04 5.034577999999999884e+04 1.785654999999999927e+04 9.499340000000000146e+03 4.645273000000000138e+03 2.145815999999999804e+03 1.086599999999999909e+03 3.479284999999999854e+02 4.385558000000000334e+01 1.953988999999999976e+01
2.745547000000000116e+04 1.785654999999999927e+04 2.167975000000000000e+04 5.141055999999999585e+03 3.060905000000000200e+03 1.165359999999999900e+03 5.028050999999999817e+02 2.944082000000000221e+02 2.355157000000000167e+01 1.966463999999999857e+01
1.382919000000000051e+04 9.499340000000000146e+03 5.141055999999999585e+03 7.902091000000000349e+03 1.591685999999999922e+03 7.403169000000000324e+02 2.700729999999999791e+02 1.186272000000000020e+02 1.310326000000000057e+01 -6.705626999999999560e-01
7.775951000000000022e+03 4.645273000000000138e+03 3.060905000000000200e+03 1.591685999999999922e+03 3.064782000000000153e+03 3.280688999999999851e+02 9.886512000000000455e+01 6.260405000000000086e+01 -1.189273999999999987e+01 2.799209999999999976e+00
3.604554999999999836e+03 2.145815999999999804e+03 1.165359999999999900e+03 7.403169000000000324e+02 3.280688999999999851e+02 1.164440000000000055e+03 5.431557999999999709e+01 4.993352999999999753e+01 1.327870000000000061e+01 5.582824999999999704e+00
1.229929000000000087e+03 1.086599999999999909e+03 5.028050999999999817e+02 2.700729999999999791e+02 9.886512000000000455e+01 5.431557999999999709e+01 3.244821999999999775e+02 1.542294000000000054e+01 1.664711000000000052e+00 -3.898620999999999892e-01
7.502972999999999502e+02 3.479284999999999854e+02 2.944082000000000221e+02 1.186272000000000020e+02 6.260405000000000086e+01 4.993352999999999753e+01 1.542294000000000054e+01 1.090053999999999945e+02 2.877181999999999906e+00 2.152038999999999813e+00
1.124946999999999946e+02 4.385558000000000334e+01 2.355157000000000167e+01 1.310326000000000057e+01 -1.189273999999999987e+01 1.327870000000000061e+01 1.664711000000000052e+00 2.877181999999999906e+00 2.930008000000000123e+01 7.719268999999999714e-01
5.044814999999999827e+01 1.953988999999999976e+01 1.966463999999999857e+01 -6.705626999999999560e-01 2.799209999999999976e+00 5.582824999999999704e+00 -3.898620999999999892e-01 2.152038999999999813e+00 7.719268999999999714e-01 3.960999000000000159e+00
