2.668244000000000000e+06 1.562019000000000000e+06 9.506000000000000000e+05 5.840840999999999767e+05 3.619992999999999884e+05 1.723826000000000058e+05 9.129919000000000233e+04 3.025904999999999927e+04 7.299418999999999869e+03 7.739230000000000018e+02
1.562019000000000000e+06 1.243405000000000000e+06 6.366531999999999534e+05 3.779142999999999884e+05 2.339495000000000000e+05 1.138181999999999971e+05 5.978580999999999767e+04 2.009934999999999854e+04 4.506118999999999687e+03 2.966693999999999960e+02
9.506000000000000000e+05 6.366531999999999534e+05 5.061495000000000000e+05 2.366803999999999942e+05 1.411858999999999942e+05 7.146919000000000233e+04 3.637745999999999913e+04 1.226119000000000051e+04 3.219717000000000098e+03 3.960609000000000037e+02
5.840840999999999767e+05 3.779142999999999884e+05 2.366803999999999942e+05 1.949253999999999942e+05 8.855263000000000466e+04 4.405513999999999942e+04 2.196956999999999971e+04 7.657969000000000051e+03 1.818887999999999920e+03 2.759522000000000048e+02
3.619992999999999884e+05 2.339495000000000000e+05 1.411858999999999942e+05 8.855263000000000466e+04 8.772619999999999709e+04 2.880709000000000015e+04 1.461928000000000065e+04 4.753698999999999614e+03 1.261337999999999965e+03 1.055979999999999990e+02
1.723826000000000058e+05 1.138181999999999971e+05 7.146919000000000233e+04 4.405513999999999942e+04 2.880709000000000015e+04 2.648159999999999854e+04 7.450180000000000291e+03 2.601072000000000116e+03 6.836133999999999560e+02 7.773849000000000231e+00
9.129919000000000233e+04 5.978580999999999767e+04 3.637745999999999913e+04 2.196956999999999971e+04 1.461928000000000065e+04 7.450180000000000291e+03 7.980162999999999556e+03 1.344355000000000018e+03 4.464798000000000116e+02 5.356704999999999828e+00
3.025904999999999927e+04 2.009934999999999854e+04 1.226119000000000051e+04 7.657969000000000051e+03 4.753698999999999614e+03 2.601072000000000116e+03 1.344355000000000018e+03 1.628934999999999945e+03 1.355531000000000006e+02 6.939545000000000297e-01
7.299418999999999869e+03 4.506118999999999687e+03 3.219717000000000098e+03 1.818887999999999920e+03 1.261337999999999965e+03 6.836133999999999560e+02 4.464798000000000116e+02 1.355531000000000006e+02 2.934082000000000221e+02 -8.343047999999999575e-01
7.739230000000000018e+02 2.966693999999999960e+02 3.960609000000000037e+02 2.759522000000000048e+02 1.055979999999999990e+02 7.773849000000000231e+00 5.356704999999999828e+00 6.939545000000000297e-01 -8.343047999999999575e-01 2.841315000000000168e+01
