1.536730000000000000e+06 8.131330000000000000e+05 5.267550000000000000e+05 2.845265000000000000e+05 1.501328999999999942e+05 7.701227000000000407e+04 2.789141999999999825e+04 8.432397000000000844e+03 1.712667999999999893e+03 4.826336000000000013e+02
8.131330000000000000e+05 6.387429000000000233e+05 3.284820000000000000e+05 1.838021000000000058e+05 1.002561000000000058e+05 4.849940000000000146e+04 1.798120000000000073e+04 5.104698000000000320e+03 1.130693999999999960e+03 2.511334999999999980e+02
5.267550000000000000e+05 3.284820000000000000e+05 2.883985000000000000e+05 1.195783999999999942e+05 6.154158000000000175e+04 3.074834000000000015e+04 1.175345999999999913e+04 3.370637999999999920e+03 6.323328999999999951e+02 2.497923999999999864e+02
2.845265000000000000e+05 1.838021000000000058e+05 1.195783999999999942e+05 9.995389999999999418e+04 3.546970999999999913e+04 1.747493000000000029e+04 7.567097999999999956e+03 1.879198000000000093e+03 2.904940000000000282e+02 1.120307999999999993e+02
1.501328999999999942e+05 1.002561000000000058e+05 6.154158000000000175e+04 3.546970999999999913e+04 3.648108000000000175e+04 9.821248999999999796e+03 3.951976999999999862e+03 1.031013999999999896e+03 2.705799000000000092e+02 5.433118000000000336e+01
7.701227000000000407e+04 4.849940000000000146e+04 3.074834000000000015e+04 1.747493000000000029e+04 9.821248999999999796e+03 1.103287999999999920e+04 1.820897999999999911e+03 6.048476000000000568e+02 1.283582000000000107e+02 3.337219000000000335e+01
2.789141999999999825e+04 1.798120000000000073e+04 1.175345999999999913e+04 7.567097999999999956e+03 3.951976999999999862e+03 1.820897999999999911e+03 2.599706999999999880e+03 2.122487000000000137e+02 1.691610999999999976e+01 1.227285999999999966e+01
8.432397000000000844e+03 5.104698000000000320e+03 3.370637999999999920e+03 1.879198000000000093e+03 1.031013999999999896e+03 6.048476000000000568e+02 2.122487000000000137e+02 5.364189999999999827e+02 1.860422000000000153e+01 -4.366455000000000197e-01
1.712667999999999893e+03 1.130693999999999960e+03 6.323328999999999951e+02 2.904940000000000282e+02 2.705799000000000092e+02 1.283582000000000107e+02 1.691610999999999976e+01 1.860422000000000153e+01 6.935645999999999844e+01 9.668579000000000478e-01
4.826336000000000013e+02 2.511334999999999980e+02 2.497923999999999864e+02 1.120307999999999993e+02 5.433118000000000336e+01 3.337219000000000335e+01 1.227285999999999966e+01 -4.366455000000000197e-01 9.668579000000000478e-01 7.859619000000000355e+00
