5.906059000000000196e+03 1.239075000000000045e+03 4.104390000000000214e+02 2.592622000000000071e+02 1.667985999999999933e+02 5.824929000000000201e+01 9.532126999999999128e+00 3.139169000000000054e+01 1.963344999999999985e+01 -6.042862000000000400e+00
1.239075000000000045e+03 2.812496000000000095e+03 2.280536999999999921e+02 1.414730999999999881e+02 5.289647999999999683e+01 6.861571999999999605e+01 3.967235999999999763e+01 1.996094000000000079e+01 1.397265999999999941e+01 1.497069999999999901e+00
4.104390000000000214e+02 2.280536999999999921e+02 1.376173999999999978e+03 1.514106999999999914e+02 9.793335000000000434e+01 2.175819999999999865e+01 1.096682000000000023e+01 4.194916000000000089e+00 5.910308999999999813e+00 5.309921000000000113e+00
2.592622000000000071e+02 1.414730999999999881e+02 1.514106999999999914e+02 6.457812000000000126e+02 1.266272000000000020e+01 1.528064000000000000e+01 1.032160000000000011e+01 -3.750472999999999946e+00 1.092393000000000036e+01 1.820656000000000052e+00
1.667985999999999933e+02 5.289647999999999683e+01 9.793335000000000434e+01 1.266272000000000020e+01 3.073983999999999810e+02 1.185181000000000040e+00 1.871337999999999890e-01 1.746582000000000079e+00 -7.485351999999999562e-01 -1.247559000000000029e-01
5.824929000000000201e+01 6.861571999999999605e+01 2.175819999999999865e+01 1.528064000000000000e+01 1.185181000000000040e+00 1.282002999999999986e+02 -1.764126000000000083e+00 -3.189071999999999907e+00 2.877181999999999906e+00 4.795303000000000204e-01
9.532126999999999128e+00 3.967235999999999763e+01 1.096682000000000023e+01 1.032160000000000011e+01 1.871337999999999890e-01 -1.764126000000000083e+00 5.939742999999999995e+01 -7.017516999999999505e-02 3.750472999999999946e+00 -2.066269000000000022e-01
3.139169000000000054e+01 1.996094000000000079e+01 4.194916000000000089e+00 -3.750472999999999946e+00 1.746582000000000079e+00 -3.189071999999999907e+00 -7.017516999999999505e-02 1.918121000000000009e+01 5.302124000000000281e-01 -7.797241000000000588e-02
1.963344999999999985e+01 1.397265999999999941e+01 5.910308999999999813e+00 1.092393000000000036e+01 -7.485351999999999562e-01 2.877181999999999906e+00 3.750472999999999946e+00 5.302124000000000281e-01 1.169585999999999970e+01 -4.678344999999999726e-02
-6.042862000000000400e+00 1.497069999999999901e+00 5.309921000000000113e+00 1.820656000000000052e+00 -1.247559000000000029e-01 4.795303000000000204e-01 -2.066269000000000022e-01 -7.797241000000000588e-02 -4.678344999999999726e-02 1.988296999999999981e+00
