2.428328000000000000e+06 1.361245000000000000e+06 8.552405999999999767e+05 5.116404000000000233e+05 2.661479000000000233e+05 1.364217000000000116e+05 5.768480000000000291e+04 1.651345000000000073e+04 5.136140000000000327e+03 7.181609999999999445e+02
1.361245000000000000e+06 1.020683000000000000e+06 5.493840999999999767e+05 3.193715000000000000e+05 1.700115000000000000e+05 8.116527999999999884e+04 3.700937999999999738e+04 1.093040999999999985e+04 3.164313000000000102e+03 4.985926000000000045e+02
8.552405999999999767e+05 5.493840999999999767e+05 4.313760999999999767e+05 2.031933999999999942e+05 1.096681999999999971e+05 5.325213999999999942e+04 2.397758000000000175e+04 7.416399000000000342e+03 2.341358000000000175e+03 2.421530999999999949e+02
5.116404000000000233e+05 3.193715000000000000e+05 2.031933999999999942e+05 1.632666000000000058e+05 6.431544999999999709e+04 3.243236000000000058e+04 1.409507999999999993e+04 4.572757999999999811e+03 1.213090999999999894e+03 1.318318999999999903e+02
2.661479000000000233e+05 1.700115000000000000e+05 1.096681999999999971e+05 6.431544999999999709e+04 5.592570999999999913e+04 1.669947000000000116e+04 8.154524000000000342e+03 2.698927000000000135e+03 8.238428999999999860e+02 1.034402000000000044e+02
1.364217000000000116e+05 8.116527999999999884e+04 5.325213999999999942e+04 3.243236000000000058e+04 1.669947000000000116e+04 1.735465000000000146e+04 3.888177999999999884e+03 9.630353000000000065e+02 2.913303000000000225e+02 3.676594000000000051e+01
5.768480000000000291e+04 3.700937999999999738e+04 2.397758000000000175e+04 1.409507999999999993e+04 8.154524000000000342e+03 3.888177999999999884e+03 4.831230999999999767e+03 6.121517000000000053e+02 1.484613999999999976e+02 3.936242000000000019e+01
1.651345000000000073e+04 1.093040999999999985e+04 7.416399000000000342e+03 4.572757999999999811e+03 2.698927000000000135e+03 9.630353000000000065e+02 6.121517000000000053e+02 1.035207000000000107e+03 4.624739000000000289e+01 8.259228000000000236e+00
5.136140000000000327e+03 3.164313000000000102e+03 2.341358000000000175e+03 1.213090999999999894e+03 8.238428999999999860e+02 2.913303000000000225e+02 1.484613999999999976e+02 4.624739000000000289e+01 1.854475999999999942e+02 4.114994000000000263e+00
7.181609999999999445e+02 4.985926000000000045e+02 2.421530999999999949e+02 1.318318999999999903e+02 1.034402000000000044e+02 3.676594000000000051e+01 3.936242000000000019e+01 8.259228000000000236e+00 4.114994000000000263e+00 1.839953999999999823e+01
