2.733094000000000000e+06 1.486755000000000000e+06 9.868228000000000466e+05 5.644330999999999767e+05 3.107732999999999884e+05 1.573726000000000058e+05 6.915038000000000466e+04 1.733520999999999913e+04 5.967599000000000160e+03 4.562653000000000247e+02
1.486755000000000000e+06 1.133866000000000000e+06 6.378899000000000233e+05 3.449480000000000000e+05 1.934967999999999884e+05 9.664207000000000698e+04 4.318258999999999651e+04 1.253962999999999920e+04 3.701826000000000022e+03 3.566730999999999767e+02
9.868228000000000466e+05 6.378899000000000233e+05 5.155777999999999884e+05 2.338812999999999884e+05 1.328810000000000000e+05 6.661177999999999884e+04 3.039890000000000146e+04 8.198488999999999578e+03 2.688532000000000153e+03 1.763677000000000135e+02
5.644330999999999767e+05 3.449480000000000000e+05 2.338812999999999884e+05 1.818727000000000116e+05 7.190572999999999593e+04 3.818683000000000175e+04 1.699045000000000073e+04 4.652030999999999949e+03 1.440458000000000084e+03 1.159312999999999931e+02
3.107732999999999884e+05 1.934967999999999884e+05 1.328810000000000000e+05 7.190572999999999593e+04 6.534387000000000262e+04 2.089866999999999825e+04 9.478545000000000073e+03 2.890635999999999967e+03 8.411742000000000417e+02 6.985938000000000159e+01
1.573726000000000058e+05 9.664207000000000698e+04 6.661177999999999884e+04 3.818683000000000175e+04 2.089866999999999825e+04 2.090359000000000015e+04 5.083255000000000109e+03 1.268963999999999942e+03 3.434802000000000248e+02 6.509332000000000562e+01
6.915038000000000466e+04 4.318258999999999651e+04 3.039890000000000146e+04 1.699045000000000073e+04 9.478545000000000073e+03 5.083255000000000109e+03 5.735650999999999840e+03 6.951240999999999985e+02 1.358902999999999963e+02 1.501749000000000045e+01
1.733520999999999913e+04 1.253962999999999920e+04 8.198488999999999578e+03 4.652030999999999949e+03 2.890635999999999967e+03 1.268963999999999942e+03 6.951240999999999985e+02 1.066988000000000056e+03 4.203103000000000122e+01 7.943438999999999695e+00
5.967599000000000160e+03 3.701826000000000022e+03 2.688532000000000153e+03 1.440458000000000084e+03 8.411742000000000417e+02 3.434802000000000248e+02 1.358902999999999963e+02 4.203103000000000122e+01 1.877497999999999934e+02 7.769950999999999830e+00
4.562653000000000247e+02 3.566730999999999767e+02 1.763677000000000135e+02 1.159312999999999931e+02 6.985938000000000159e+01 6.509332000000000562e+01 1.501749000000000045e+01 7.943438999999999695e+00 7.769950999999999830e+00 1.453210999999999942e+01
