2.059892000000000000e+06 1.139567000000000000e+06 7.378738000000000466e+05 4.127192999999999884e+05 2.204466000000000058e+05 1.093403999999999942e+05 4.415019000000000233e+04 1.414887999999999920e+04 4.535163999999999760e+03 8.290045999999999822e+02
1.139567000000000000e+06 8.520215999999999767e+05 4.703084000000000233e+05 2.550861000000000058e+05 1.408033999999999942e+05 7.108161999999999534e+04 2.970640000000000146e+04 9.470075000000000728e+03 2.750297999999999774e+03 3.991777999999999906e+02
7.378738000000000466e+05 4.703084000000000233e+05 3.831869000000000233e+05 1.693435000000000000e+05 9.559700999999999476e+04 4.614573999999999796e+04 1.895159999999999854e+04 6.026881000000000313e+03 1.837606999999999971e+03 2.616480999999999995e+02
4.127192999999999884e+05 2.550861000000000058e+05 1.693435000000000000e+05 1.298100000000000000e+05 5.227613999999999942e+04 2.555966999999999825e+04 1.040563999999999942e+04 3.893193999999999960e+03 1.016260999999999967e+03 1.073524000000000029e+02
2.204466000000000058e+05 1.408033999999999942e+05 9.559700999999999476e+04 5.227613999999999942e+04 4.886176999999999680e+04 1.425110000000000036e+04 6.705720999999999549e+03 2.121967000000000098e+03 7.138296000000000276e+02 7.109718999999999767e+01
1.093403999999999942e+05 7.108161999999999534e+04 4.614573999999999796e+04 2.555966999999999825e+04 1.425110000000000036e+04 1.522527000000000044e+04 2.901291000000000167e+03 9.609806999999999562e+02 2.297456999999999994e+02 2.708176999999999879e+01
4.415019000000000233e+04 2.970640000000000146e+04 1.895159999999999854e+04 1.040563999999999942e+04 6.705720999999999549e+03 2.901291000000000167e+03 4.095485000000000127e+03 4.259476999999999975e+02 8.895092999999999961e+01 3.808173000000000030e+01
1.414887999999999920e+04 9.470075000000000728e+03 6.026881000000000313e+03 3.893193999999999960e+03 2.121967000000000098e+03 9.609806999999999562e+02 4.259476999999999975e+02 8.604080000000000155e+02 4.353199999999999648e+01 1.173290000000000077e+01
4.535163999999999760e+03 2.750297999999999774e+03 1.837606999999999971e+03 1.016260999999999967e+03 7.138296000000000276e+02 2.297456999999999994e+02 8.895092999999999961e+01 4.353199999999999648e+01 1.671416999999999859e+02 2.268997000000000153e+00
8.290045999999999822e+02 3.991777999999999906e+02 2.616480999999999995e+02 1.073524000000000029e+02 7.109718999999999767e+01 2.708176999999999879e+01 3.808173000000000030e+01 1.173290000000000077e+01 2.268997000000000153e+00 2.009934000000000154e+01
