1.401160000000000000e+06 7.636838000000000466e+05 4.843135000000000000e+05 2.598120000000000000e+05 1.404668999999999942e+05 6.872733999999999651e+04 2.658156999999999971e+04 1.024788999999999942e+04 1.012827999999999975e+03 6.016526999999999816e+02
7.636838000000000466e+05 6.130330000000000000e+05 3.002362999999999884e+05 1.647015000000000000e+05 8.869667999999999302e+04 4.521280000000000291e+04 1.632589999999999964e+04 6.438939999999999600e+03 6.630637000000000398e+02 3.299773000000000138e+02
4.843135000000000000e+05 3.002362999999999884e+05 2.575971000000000058e+05 1.062838000000000029e+05 5.810529000000000087e+04 2.916081999999999971e+04 1.102395999999999913e+04 3.900561999999999898e+03 5.779705000000000155e+02 2.251452999999999918e+02
2.598120000000000000e+05 1.647015000000000000e+05 1.062838000000000029e+05 8.771299000000000524e+04 3.097413999999999942e+04 1.614278000000000065e+04 5.929139000000000124e+03 2.430289000000000215e+03 2.843867999999999938e+02 1.268864999999999981e+02
1.404668999999999942e+05 8.869667999999999302e+04 5.810529000000000087e+04 3.097413999999999942e+04 3.119095999999999913e+04 8.489137000000000626e+03 4.035103999999999814e+03 1.261281999999999925e+03 1.374809999999999945e+02 6.811669999999999447e+01
6.872733999999999651e+04 4.521280000000000291e+04 2.916081999999999971e+04 1.614278000000000065e+04 8.489137000000000626e+03 9.765870999999999185e+03 1.583082000000000107e+03 5.030448999999999842e+02 1.143914000000000044e+02 3.102717000000000169e+01
2.658156999999999971e+04 1.632589999999999964e+04 1.102395999999999913e+04 5.929139000000000124e+03 4.035103999999999814e+03 1.583082000000000107e+03 2.726382999999999811e+03 2.079601999999999862e+02 2.965290999999999855e+01 3.095505000000000173e+00
1.024788999999999942e+04 6.438939999999999600e+03 3.900561999999999898e+03 2.430289000000000215e+03 1.261281999999999925e+03 5.030448999999999842e+02 2.079601999999999862e+02 6.197383999999999560e+02 1.694145999999999930e+01 8.836223999999999634e+00
1.012827999999999975e+03 6.630637000000000398e+02 5.779705000000000155e+02 2.843867999999999938e+02 1.374809999999999945e+02 1.143914000000000044e+02 2.965290999999999855e+01 1.694145999999999930e+01 1.032647000000000048e+02 -1.074070000000000080e+00
6.016526999999999816e+02 3.299773000000000138e+02 2.251452999999999918e+02 1.268864999999999981e+02 6.811669999999999447e+01 3.102717000000000169e+01 3.095505000000000173e+00 8.836223999999999634e+00 -1.074070000000000080e+00 1.652819999999999823e+01
