6.675430000000000291e+04 2.503413000000000102e+04 1.351867000000000007e+04 9.358228999999999360e+03 5.009622000000000298e+03 1.217230999999999995e+03 8.974859000000000151e+02 3.418700000000000045e+02 9.358249000000000706e+01 -4.561385999999999719e+00
2.503413000000000102e+04 3.033263999999999942e+04 8.935575999999999112e+03 6.240100999999999658e+03 2.831646000000000186e+03 1.302637999999999920e+03 5.949606999999999744e+02 1.401007999999999925e+02 7.959423999999999921e+01 8.109130999999999645e+00
1.351867000000000007e+04 8.935575999999999112e+03 1.311859000000000015e+04 3.573045000000000073e+03 1.335459000000000060e+03 7.339796999999999798e+02 2.370634000000000015e+02 8.956301000000000556e+01 2.552036999999999978e+01 3.230787000000000120e+01
9.358228999999999360e+03 6.240100999999999658e+03 3.573045000000000073e+03 6.149246000000000095e+03 1.096871000000000095e+03 5.002574000000000183e+02 2.725409000000000219e+02 7.136424999999999841e+01 4.688481000000000165e+01 7.777747999999999884e+00
5.009622000000000298e+03 2.831646000000000186e+03 1.335459000000000060e+03 1.096871000000000095e+03 2.546577000000000226e+03 1.777439999999999998e+02 4.006611999999999796e+01 6.128242000000000189e+01 4.350081000000000131e+01 -6.810889999999999667e+00
1.217230999999999995e+03 1.302637999999999920e+03 7.339796999999999798e+02 5.002574000000000183e+02 1.777439999999999998e+02 7.865837000000000216e+02 1.879524999999999935e+01 2.092389999999999972e+01 1.717732000000000170e+01 3.356711999999999918e+00
8.974859000000000151e+02 5.949606999999999744e+02 2.370634000000000015e+02 2.725409000000000219e+02 4.006611999999999796e+01 1.879524999999999935e+01 3.044589000000000283e+02 2.243265999999999849e+01 5.130584999999999951e+00 -2.573090000000000099e-01
3.418700000000000045e+02 1.401007999999999925e+02 8.956301000000000556e+01 7.136424999999999841e+01 6.128242000000000189e+01 2.092389999999999972e+01 2.243265999999999849e+01 8.669753000000000043e+01 7.953185999999999867e-01 3.898621000000000031e-02
9.358249000000000706e+01 7.959423999999999921e+01 2.552036999999999978e+01 4.688481000000000165e+01 4.350081000000000131e+01 1.717732000000000170e+01 5.130584999999999951e+00 7.953185999999999867e-01 1.918121000000000009e+01 -2.339171999999999918e-01
-4.561385999999999719e+00 8.109130999999999645e+00 3.230787000000000120e+01 7.777747999999999884e+00 -6.810889999999999667e+00 3.356711999999999918e+00 -2.573090000000000099e-01 3.898621000000000031e-02 -2.339171999999999918e-01 5.918105999999999867e+00
