2.784331000000000131e+03 2.829463000000000079e+02 2.028139999999999930e+02 1.311144999999999925e+02 2.873867999999999867e+01 5.383995000000000175e+01 4.159828000000000259e+01 1.560228000000000037e+01 1.353406000000000020e+01 5.744616999999999862e+00
2.829463000000000079e+02 1.345366999999999962e+03 7.185938000000000159e+01 1.107831999999999937e+02 4.541113000000000000e+01 2.994141000000000119e+01 -5.988280999999999743e+00 9.980468999999999369e+00 -4.990234000000000059e-01 7.485351999999999784e+00
2.028139999999999930e+02 7.185938000000000159e+01 7.592329999999999472e+02 2.661977999999999867e+01 -5.465866000000000113e+00 1.138396999999999970e+01 -2.900574000000000208e+00 5.146179000000000059e+00 5.824538999999999689e+00 2.237807999999999797e+00
1.311144999999999925e+02 1.107831999999999937e+02 2.661977999999999867e+01 4.195461999999999989e+02 -1.307207000000000008e+01 1.660811999999999955e+01 8.592560000000000642e+00 -9.824524000000000035e-01 -2.062370000000000037e+00 2.070167999999999786e+00
2.873867999999999867e+01 4.541113000000000000e+01 -5.465866000000000113e+00 -1.307207000000000008e+01 2.272408000000000072e+02 8.366440000000000765e+00 1.221828000000000003e+01 4.561385999999999719e+00 -6.725120999999999460e-01 -4.093552000000000302e-02
5.383995000000000175e+01 2.994141000000000119e+01 1.138396999999999970e+01 1.660811999999999955e+01 8.366440000000000765e+00 1.317110000000000127e+02 8.514587000000000572e+00 -3.773864999999999803e+00 1.816756999999999955e+00 7.875214000000000381e-01
4.159828000000000259e+01 -5.988280999999999743e+00 -2.900574000000000208e+00 8.592560000000000642e+00 1.221828000000000003e+01 8.514587000000000572e+00 6.284575999999999851e+01 1.278747999999999996e+00 1.801163000000000070e+00 -6.627655000000000074e-01
1.560228000000000037e+01 9.980468999999999369e+00 5.146179000000000059e+00 -9.824524000000000035e-01 4.561385999999999719e+00 -3.773864999999999803e+00 1.278747999999999996e+00 2.841315000000000168e+01 -4.912262000000000017e-01 -2.729034000000000182e-01
1.353406000000000020e+01 -4.990234000000000059e-01 5.824538999999999689e+00 -2.062370000000000037e+00 -6.725120999999999460e-01 1.816756999999999955e+00 1.801163000000000070e+00 -4.912262000000000017e-01 1.082061999999999991e+01 -8.771895999999999860e-02
5.744616999999999862e+00 7.485351999999999784e+00 2.237807999999999797e+00 2.070167999999999786e+00 -4.093552000000000302e-02 7.875214000000000381e-01 -6.627655000000000074e-01 -2.729034000000000182e-01 -8.771895999999999860e-02 4.941501999999999839e+00
