1.049217000000000000e+06 5.812685999999999767e+05 3.647455999999999767e+05 1.874172999999999884e+05 1.127850000000000000e+05 5.268387000000000262e+04 2.038136000000000058e+04 7.211231999999999971e+03 1.421077999999999975e+03 3.293867000000000189e+02
5.812685999999999767e+05 4.712462999999999884e+05 2.360487000000000116e+05 1.256758999999999942e+05 7.274511000000000058e+04 3.568326000000000204e+04 1.415970000000000073e+04 5.159289999999999964e+03 1.078855999999999995e+03 2.230986000000000047e+02
3.647455999999999767e+05 2.360487000000000116e+05 1.977753999999999942e+05 7.768536000000000058e+04 4.633751000000000204e+04 2.078104000000000087e+04 8.837268000000000029e+03 2.927201000000000022e+03 9.669320000000000164e+02 1.232977999999999952e+02
1.874172999999999884e+05 1.256758999999999942e+05 7.768536000000000058e+04 6.783250000000000000e+04 2.492070000000000073e+04 1.149934000000000015e+04 4.380832999999999629e+03 1.684839999999999918e+03 4.165267000000000053e+02 7.264300000000000068e+01
1.127850000000000000e+05 7.274511000000000058e+04 4.633751000000000204e+04 2.492070000000000073e+04 2.656550999999999840e+04 6.952831000000000131e+03 2.978670999999999822e+03 1.056121000000000095e+03 2.255274000000000001e+02 1.054186999999999941e+01
5.268387000000000262e+04 3.568326000000000204e+04 2.078104000000000087e+04 1.149934000000000015e+04 6.952831000000000131e+03 8.389449000000000524e+03 1.407557999999999993e+03 4.692925999999999931e+02 1.043231999999999999e+02 1.435472000000000037e+01
2.038136000000000058e+04 1.415970000000000073e+04 8.837268000000000029e+03 4.380832999999999629e+03 2.978670999999999822e+03 1.407557999999999993e+03 2.245106000000000222e+03 2.131453999999999951e+02 3.783221000000000345e+01 6.861572000000000227e-01
7.211231999999999971e+03 5.159289999999999964e+03 2.927201000000000022e+03 1.684839999999999918e+03 1.056121000000000095e+03 4.692925999999999931e+02 2.131453999999999951e+02 5.603330999999999449e+02 1.654185000000000016e+01 6.027267000000000152e+00
1.421077999999999975e+03 1.078855999999999995e+03 9.669320000000000164e+02 4.165267000000000053e+02 2.255274000000000001e+02 1.043231999999999999e+02 3.783221000000000345e+01 1.654185000000000016e+01 1.147111000000000018e+02 2.093558999999999948e+00
3.293867000000000189e+02 2.230986000000000047e+02 1.232977999999999952e+02 7.264300000000000068e+01 1.054186999999999941e+01 1.435472000000000037e+01 6.861572000000000227e-01 6.027267000000000152e+00 2.093558999999999948e+00 1.932936000000000121e+01
