1.627986000000000000e+06 9.216306999999999534e+05 5.889338000000000466e+05 3.317577000000000116e+05 1.768932000000000116e+05 9.620394999999999709e+04 4.147808000000000175e+04 1.228255999999999949e+04 3.102242000000000189e+03 1.318606999999999971e+03
9.216306999999999534e+05 7.324894000000000233e+05 3.832634000000000233e+05 2.180833999999999942e+05 1.177310000000000000e+05 6.181255999999999767e+04 2.602615999999999985e+04 8.360923000000000684e+03 1.901770999999999958e+03 6.189840000000000373e+02
5.889338000000000466e+05 3.832634000000000233e+05 3.067245999999999767e+05 1.396107999999999884e+05 7.774269999999999709e+04 4.097636000000000058e+04 1.722325000000000000e+04 5.489177999999999884e+03 1.341503999999999905e+03 5.654207999999999856e+02
3.317577000000000116e+05 2.180833999999999942e+05 1.396107999999999884e+05 1.121780000000000000e+05 4.561973999999999796e+04 2.392318000000000029e+04 9.369445999999999913e+03 3.310563999999999851e+03 8.224919999999999618e+02 2.993750999999999749e+02
1.768932000000000116e+05 1.177310000000000000e+05 7.774269999999999709e+04 4.561973999999999796e+04 4.182898000000000320e+04 1.344125000000000000e+04 5.674847999999999956e+03 1.852295000000000073e+03 5.041422999999999774e+02 1.622099000000000046e+02
9.620394999999999709e+04 6.181255999999999767e+04 4.097636000000000058e+04 2.392318000000000029e+04 1.344125000000000000e+04 1.390876000000000022e+04 3.369422000000000025e+03 7.058120999999999867e+02 2.175312999999999874e+02 9.663510999999999740e+01
4.147808000000000175e+04 2.602615999999999985e+04 1.722325000000000000e+04 9.369445999999999913e+03 5.674847999999999956e+03 3.369422000000000025e+03 3.839362000000000080e+03 3.790862999999999943e+02 6.646367999999999654e+01 5.305243000000000109e+01
1.228255999999999949e+04 8.360923000000000684e+03 5.489177999999999884e+03 3.310563999999999851e+03 1.852295000000000073e+03 7.058120999999999867e+02 3.790862999999999943e+02 9.420294999999999845e+02 3.540337000000000245e+01 1.690052000000000021e+01
3.102242000000000189e+03 1.901770999999999958e+03 1.341503999999999905e+03 8.224919999999999618e+02 5.041422999999999774e+02 2.175312999999999874e+02 6.646367999999999654e+01 3.540337000000000245e+01 1.857537000000000091e+02 6.557479999999999976e+00
1.318606999999999971e+03 6.189840000000000373e+02 5.654207999999999856e+02 2.993750999999999749e+02 1.622099000000000046e+02 9.663510999999999740e+01 5.305243000000000109e+01 1.690052000000000021e+01 6.557479999999999976e+00 3.018311999999999884e+01
