8.175471999999999534e+05 4.250742999999999884e+05 2.652392000000000116e+05 1.451875000000000000e+05 8.896407000000000698e+04 3.586501999999999680e+04 1.703438999999999942e+04 6.482578000000000429e+03 1.678007000000000062e+03 3.973220999999999776e+02
4.250742999999999884e+05 3.501602999999999884e+05 1.752141000000000058e+05 9.300949000000000524e+04 5.860587000000000262e+04 2.460125999999999840e+04 1.130671999999999935e+04 3.977621999999999844e+03 1.163941000000000031e+03 2.739950999999999794e+02
2.652392000000000116e+05 1.752141000000000058e+05 1.496407000000000116e+05 5.961427999999999884e+04 3.614415000000000146e+04 1.485531999999999971e+04 6.877177999999999884e+03 2.653577000000000226e+03 8.426595999999999549e+02 1.252900000000000063e+02
1.451875000000000000e+05 9.300949000000000524e+04 5.961427999999999884e+04 5.200173999999999796e+04 1.911815000000000146e+04 7.950347999999999956e+03 3.724056000000000040e+03 1.288384999999999991e+03 4.398580000000000041e+02 3.695891999999999911e+01
8.896407000000000698e+04 5.860587000000000262e+04 3.614415000000000146e+04 1.911815000000000146e+04 2.399522000000000116e+04 5.192100999999999658e+03 2.497070000000000164e+03 9.170919999999999845e+02 1.583503000000000043e+02 3.018702000000000041e+01
3.586501999999999680e+04 2.460125999999999840e+04 1.485531999999999971e+04 7.950347999999999956e+03 5.192100999999999658e+03 6.821836000000000240e+03 1.079998000000000047e+03 4.329008999999999787e+02 9.555714000000000397e+01 1.174849000000000032e+01
1.703438999999999942e+04 1.130671999999999935e+04 6.877177999999999884e+03 3.724056000000000040e+03 2.497070000000000164e+03 1.079998000000000047e+03 2.039476000000000113e+03 1.687187000000000126e+02 7.549873999999999796e+01 -5.360603000000000451e-01
6.482578000000000429e+03 3.977621999999999844e+03 2.653577000000000226e+03 1.288384999999999991e+03 9.170919999999999845e+02 4.329008999999999787e+02 1.687187000000000126e+02 5.851653999999999769e+02 3.137024999999999864e+01 4.575031000000000070e+00
1.678007000000000062e+03 1.163941000000000031e+03 8.426595999999999549e+02 4.398580000000000041e+02 1.583503000000000043e+02 9.555714000000000397e+01 7.549873999999999796e+01 3.137024999999999864e+01 1.255491999999999990e+02 2.247555000000000192e+00
3.973220999999999776e+02 2.739950999999999794e+02 1.252900000000000063e+02 3.695891999999999911e+01 3.018702000000000041e+01 1.174849000000000032e+01 -5.360603000000000451e-01 4.575031000000000070e+00 2.247555000000000192e+00 2.552621999999999858e+01
