3.028377000000000000e+06 1.652163000000000000e+06 1.055758000000000000e+06 6.181480000000000000e+05 3.375407999999999884e+05 1.656185000000000000e+05 7.466016000000000349e+04 1.794299000000000160e+04 4.903247999999999593e+03 5.634597999999999729e+02
1.652163000000000000e+06 1.247031000000000000e+06 6.717565000000000000e+05 3.837535999999999767e+05 2.123246000000000058e+05 1.040838999999999942e+05 4.754223000000000320e+04 1.208459000000000015e+04 3.707619000000000142e+03 2.737144000000000119e+02
1.055758000000000000e+06 6.717565000000000000e+05 5.408563000000000466e+05 2.490136000000000058e+05 1.394183999999999942e+05 7.044983000000000175e+04 3.179954999999999927e+04 7.875243000000000393e+03 2.384068999999999960e+03 2.671335000000000264e+02
6.181480000000000000e+05 3.837535999999999767e+05 2.490136000000000058e+05 1.967392999999999884e+05 8.014630999999999767e+04 4.100641000000000349e+04 1.860952999999999884e+04 5.103381999999999607e+03 1.435644000000000005e+03 1.262216999999999985e+02
3.375407999999999884e+05 2.123246000000000058e+05 1.394183999999999942e+05 8.014630999999999767e+04 6.883700999999999476e+04 2.296738000000000102e+04 9.679112999999999374e+03 2.725860999999999876e+03 7.620711999999999762e+02 7.722387999999999408e+01
1.656185000000000000e+05 1.040838999999999942e+05 7.044983000000000175e+04 4.100641000000000349e+04 2.296738000000000102e+04 2.200654999999999927e+04 5.577354999999999563e+03 1.423319999999999936e+03 3.032502999999999815e+02 9.637390000000000612e+01
7.466016000000000349e+04 4.754223000000000320e+04 3.179954999999999927e+04 1.860952999999999884e+04 9.679112999999999374e+03 5.577354999999999563e+03 6.057689999999999600e+03 5.474462999999999511e+02 1.014420999999999964e+02 7.578917999999999822e+00
1.794299000000000160e+04 1.208459000000000015e+04 7.875243000000000393e+03 5.103381999999999607e+03 2.725860999999999876e+03 1.423319999999999936e+03 5.474462999999999511e+02 1.103260999999999967e+03 5.874441999999999808e+01 7.391784999999999606e+00
4.903247999999999593e+03 3.707619000000000142e+03 2.384068999999999960e+03 1.435644000000000005e+03 7.620711999999999762e+02 3.032502999999999815e+02 1.014420999999999964e+02 5.874441999999999808e+01 1.665491000000000099e+02 5.239746000000000237e+00
5.634597999999999729e+02 2.737144000000000119e+02 2.671335000000000264e+02 1.262216999999999985e+02 7.722387999999999408e+01 9.637390000000000612e+01 7.578917999999999822e+00 7.391784999999999606e+00 5.239746000000000237e+00 1.546973000000000020e+01
