2.466165000000000000e+06 1.386185000000000000e+06 8.328713000000000466e+05 5.160237999999999884e+05 2.908097999999999884e+05 1.408278999999999942e+05 5.538981999999999971e+04 1.763729999999999927e+04 3.063052999999999884e+03 3.160611999999999853e+02
1.386185000000000000e+06 1.052574000000000000e+06 5.394348000000000466e+05 3.346432999999999884e+05 1.865923999999999942e+05 8.657303999999999360e+04 3.401648000000000320e+04 1.136479000000000087e+04 1.702036000000000058e+03 2.014300000000000068e+02
8.328713000000000466e+05 5.394348000000000466e+05 4.345450000000000000e+05 2.008680000000000000e+05 1.157808999999999942e+05 5.367181999999999971e+04 2.255943000000000029e+04 6.657689999999999600e+03 1.245258000000000038e+03 1.373132999999999981e+02
5.160237999999999884e+05 3.346432999999999884e+05 2.008680000000000000e+05 1.698040000000000000e+05 7.004125000000000000e+04 3.181606999999999971e+04 1.280672999999999956e+04 4.927887999999999920e+03 7.901957999999999629e+02 7.611276999999999759e+01
2.908097999999999884e+05 1.865923999999999942e+05 1.157808999999999942e+05 7.004125000000000000e+04 6.170100000000000000e+04 1.891256999999999971e+04 7.834573999999999614e+03 2.590867000000000189e+03 4.448949999999999818e+02 5.050272999999999968e+01
1.408278999999999942e+05 8.657303999999999360e+04 5.367181999999999971e+04 3.181606999999999971e+04 1.891256999999999971e+04 1.825649000000000160e+04 3.577936000000000149e+03 1.141391000000000076e+03 2.807943000000000211e+02 2.693167000000000044e+01
5.538981999999999971e+04 3.401648000000000320e+04 2.255943000000000029e+04 1.280672999999999956e+04 7.834573999999999614e+03 3.577936000000000149e+03 4.815451000000000022e+03 5.541654999999999518e+02 1.009899000000000058e+02 2.516948999999999970e+01
1.763729999999999927e+04 1.136479000000000087e+04 6.657689999999999600e+03 4.927887999999999920e+03 2.590867000000000189e+03 1.141391000000000076e+03 5.541654999999999518e+02 9.696024999999999636e+02 6.300171000000000276e+01 9.793335000000000790e+00
3.063052999999999884e+03 1.702036000000000058e+03 1.245258000000000038e+03 7.901957999999999629e+02 4.448949999999999818e+02 2.807943000000000211e+02 1.009899000000000058e+02 6.300171000000000276e+01 1.337070999999999970e+02 5.458068999999999837e-01
3.160611999999999853e+02 2.014300000000000068e+02 1.373132999999999981e+02 7.611276999999999759e+01 5.050272999999999968e+01 2.693167000000000044e+01 2.516948999999999970e+01 9.793335000000000790e+00 5.458068999999999837e-01 5.918105999999999867e+00
