1.286818999999999942e+05 4.980537999999999738e+04 3.168015000000000146e+04 1.602212999999999920e+04 7.782309000000000196e+03 3.847240999999999985e+03 1.732222999999999956e+03 2.392895000000000039e+02 1.104556999999999931e+02 -2.408567999999999998e+01
4.980537999999999738e+04 5.130918000000000029e+04 1.830481000000000131e+04 9.377843000000000757e+03 4.737365999999999985e+03 1.709472999999999956e+03 1.068181000000000040e+03 1.431222999999999956e+02 8.169169999999999732e+01 -6.701729000000000269e+00
3.168015000000000146e+04 1.830481000000000131e+04 2.404234000000000015e+04 5.769497999999999593e+03 3.266260000000000218e+03 1.121631000000000085e+03 6.968531000000000404e+02 7.895096999999999809e+01 5.521226999999999663e+01 3.824546999999999919e+00
1.602212999999999920e+04 9.377843000000000757e+03 5.769497999999999593e+03 8.594149999999999636e+03 1.512118999999999915e+03 7.465779999999999745e+02 3.979477999999999724e+02 6.838181000000000154e+01 8.327453999999999468e+00 -9.247528000000000858e+00
7.782309000000000196e+03 4.737365999999999985e+03 3.266260000000000218e+03 1.512118999999999915e+03 2.817541000000000167e+03 3.368681000000000267e+02 2.088997999999999990e+02 4.587116999999999933e+01 1.138397000000000103e+00 4.904465000000000074e+00
3.847240999999999985e+03 1.709472999999999956e+03 1.121631000000000085e+03 7.465779999999999745e+02 3.368681000000000267e+02 1.144025000000000091e+03 6.702313999999999794e+01 1.477576999999999918e+00 1.553989999999999938e+01 -5.419083000000000094e-01
1.732222999999999956e+03 1.068181000000000040e+03 6.968531000000000404e+02 3.979477999999999724e+02 2.088997999999999990e+02 6.702313999999999794e+01 3.342658000000000129e+02 6.354752000000000178e-01 7.797240999999999894e-03 -1.196876999999999969e+00
2.392895000000000039e+02 1.431222999999999956e+02 7.895096999999999809e+01 6.838181000000000154e+01 4.587116999999999933e+01 1.477576999999999918e+00 6.354752000000000178e-01 9.655324000000000240e+01 -1.668609999999999927e+00 -3.664703000000000266e-01
1.104556999999999931e+02 8.169169999999999732e+01 5.521226999999999663e+01 8.327453999999999468e+00 1.138397000000000103e+00 1.553989999999999938e+01 7.797240999999999894e-03 -1.668609999999999927e+00 1.918121000000000009e+01 -7.797241000000000588e-02
-2.408567999999999998e+01 -6.701729000000000269e+00 3.824546999999999919e+00 -9.247528000000000858e+00 4.904465000000000074e+00 -5.419083000000000094e-01 -1.196876999999999969e+00 -3.664703000000000266e-01 -7.797241000000000588e-02 1.988296999999999981e+00
