2.716477000000000000e+06 1.550673000000000000e+06 9.790829000000000233e+05 6.413038000000000466e+05 3.748225999999999767e+05 1.956300000000000000e+05 9.265763999999999942e+04 3.693408999999999651e+04 9.370360000000000582e+03 1.507314000000000078e+03
1.550673000000000000e+06 1.217109000000000000e+06 6.353556999999999534e+05 4.120382000000000116e+05 2.532415000000000000e+05 1.259325000000000000e+05 6.059500000000000000e+04 2.365659999999999854e+04 6.012036000000000058e+03 1.014510999999999967e+03
9.790829000000000233e+05 6.353556999999999534e+05 5.382763000000000466e+05 2.707552999999999884e+05 1.585213999999999942e+05 8.133538000000000466e+04 3.939593000000000029e+04 1.500104000000000087e+04 3.785677999999999884e+03 5.524891000000000076e+02
6.413038000000000466e+05 4.120382000000000116e+05 2.707552999999999884e+05 2.362092000000000116e+05 1.011620000000000000e+05 5.598068000000000029e+04 2.624886999999999898e+04 9.189067999999999302e+03 3.078182999999999993e+03 4.665518000000000143e+02
3.748225999999999767e+05 2.532415000000000000e+05 1.585213999999999942e+05 1.011620000000000000e+05 9.270788999999999942e+04 3.014670000000000073e+04 1.524182999999999993e+04 5.612207000000000335e+03 1.631387999999999920e+03 2.763088999999999942e+02
1.956300000000000000e+05 1.259325000000000000e+05 8.133538000000000466e+04 5.598068000000000029e+04 3.014670000000000073e+04 2.925275000000000000e+04 7.629440999999999804e+03 3.101239999999999782e+03 8.663319999999999936e+02 1.420851999999999862e+02
9.265763999999999942e+04 6.059500000000000000e+04 3.939593000000000029e+04 2.624886999999999898e+04 1.524182999999999993e+04 7.629440999999999804e+03 9.432414000000000669e+03 1.533839999999999918e+03 4.747721000000000231e+02 7.459815999999999292e+01
3.693408999999999651e+04 2.365659999999999854e+04 1.500104000000000087e+04 9.189067999999999302e+03 5.612207000000000335e+03 3.101239999999999782e+03 1.533839999999999918e+03 2.333744000000000142e+03 1.546173000000000002e+02 3.059053000000000111e+01
9.370360000000000582e+03 6.012036000000000058e+03 3.785677999999999884e+03 3.078182999999999993e+03 1.631387999999999920e+03 8.663319999999999936e+02 4.747721000000000231e+02 1.546173000000000002e+02 4.505226000000000113e+02 7.214396999999999949e+00
1.507314000000000078e+03 1.014510999999999967e+03 5.524891000000000076e+02 4.665518000000000143e+02 2.763088999999999942e+02 1.420851999999999862e+02 7.459815999999999292e+01 3.059053000000000111e+01 7.214396999999999949e+00 3.853202000000000282e+01
