2.650451000000000000e+06 1.476627000000000000e+06 9.294115000000000000e+05 5.933173000000000466e+05 3.412630999999999767e+05 1.740028999999999942e+05 8.009619999999999709e+04 3.057899000000000160e+04 6.428849000000000160e+03 9.711151999999999589e+02
1.476627000000000000e+06 1.130016000000000000e+06 6.067681999999999534e+05 3.785000999999999767e+05 2.283767000000000116e+05 1.078323000000000029e+05 4.912854000000000087e+04 1.981475999999999840e+04 4.108747000000000298e+03 5.107699999999999818e+02
9.294115000000000000e+05 6.067681999999999534e+05 4.979754000000000233e+05 2.455298999999999942e+05 1.405517000000000116e+05 7.026700999999999476e+04 3.187854000000000087e+04 1.299104999999999927e+04 2.004405999999999949e+03 3.728641000000000076e+02
5.933173000000000466e+05 3.785000999999999767e+05 2.455298999999999942e+05 2.149942000000000116e+05 8.956664999999999418e+04 4.657105999999999767e+04 2.011240999999999985e+04 7.769654999999999745e+03 2.214018999999999778e+03 2.953439000000000192e+02
3.412630999999999767e+05 2.283767000000000116e+05 1.405517000000000116e+05 8.956664999999999418e+04 8.078257000000000698e+04 2.457652999999999884e+04 1.260637999999999920e+04 4.613030999999999949e+03 8.211215999999999440e+02 1.611339000000000112e+02
1.740028999999999942e+05 1.078323000000000029e+05 7.026700999999999476e+04 4.657105999999999767e+04 2.457652999999999884e+04 2.414434000000000015e+04 6.058996000000000095e+03 2.356891999999999825e+03 5.637619999999999436e+02 7.970730000000000359e+01
8.009619999999999709e+04 4.912854000000000087e+04 3.187854000000000087e+04 2.011240999999999985e+04 1.260637999999999920e+04 6.058996000000000095e+03 7.590814999999999600e+03 1.159586000000000013e+03 2.941607000000000198e+02 6.044031999999999982e+01
3.057899000000000160e+04 1.981475999999999840e+04 1.299104999999999927e+04 7.769654999999999745e+03 4.613030999999999949e+03 2.356891999999999825e+03 1.159586000000000013e+03 1.834028000000000020e+03 1.254615000000000009e+02 1.437031999999999954e+01
6.428849000000000160e+03 4.108747000000000298e+03 2.004405999999999949e+03 2.214018999999999778e+03 8.211215999999999440e+02 5.637619999999999436e+02 2.941607000000000198e+02 1.254615000000000009e+02 3.357004999999999768e+02 -2.241706999999999894e+00
9.711151999999999589e+02 5.107699999999999818e+02 3.728641000000000076e+02 2.953439000000000192e+02 1.611339000000000112e+02 7.970730000000000359e+01 6.044031999999999982e+01 1.437031999999999954e+01 -2.241706999999999894e+00 2.101357000000000141e+01
