1.572451000000000000e+06 8.198604000000000233e+05 5.203045000000000000e+05 3.188302000000000116e+05 1.615541000000000058e+05 8.173707000000000698e+04 3.304775000000000000e+04 1.182385000000000036e+04 2.613041000000000167e+03 3.136381999999999834e+02
8.198604000000000233e+05 6.521371999999999534e+05 3.263632000000000116e+05 2.019352999999999884e+05 1.110201000000000058e+05 4.928384999999999854e+04 2.021431999999999971e+04 7.036067000000000007e+03 1.677876999999999953e+03 2.560262999999999920e+02
5.203045000000000000e+05 3.263632000000000116e+05 2.840852999999999884e+05 1.257160000000000000e+05 6.861517999999999302e+04 3.208783000000000175e+04 1.392776000000000022e+04 4.629868999999999687e+03 1.130213999999999942e+03 1.307557999999999936e+02
3.188302000000000116e+05 2.019352999999999884e+05 1.257160000000000000e+05 1.137896999999999971e+05 4.046812999999999738e+04 1.933338999999999942e+04 7.927475000000000364e+03 2.602150000000000091e+03 5.380914999999999964e+02 1.035901999999999958e+02
1.615541000000000058e+05 1.110201000000000058e+05 6.861517999999999302e+04 4.046812999999999738e+04 4.032380999999999767e+04 9.873451999999999316e+03 4.825673999999999978e+03 1.764125999999999976e+03 4.077567000000000235e+02 2.701744000000000057e+01
8.173707000000000698e+04 4.928384999999999854e+04 3.208783000000000175e+04 1.933338999999999942e+04 9.873451999999999316e+03 1.248312999999999920e+04 2.374219000000000051e+03 8.131938000000000102e+02 1.902897000000000105e+02 5.101930000000000121e+01
3.304775000000000000e+04 2.021431999999999971e+04 1.392776000000000022e+04 7.927475000000000364e+03 4.825673999999999978e+03 2.374219000000000051e+03 3.416952000000000226e+03 3.491175999999999817e+02 1.368551999999999964e+02 1.375628000000000029e+01
1.182385000000000036e+04 7.036067000000000007e+03 4.629868999999999687e+03 2.602150000000000091e+03 1.764125999999999976e+03 8.131938000000000102e+02 3.491175999999999817e+02 8.105309999999999491e+02 4.037801000000000329e+01 4.471718000000000082e+00
2.613041000000000167e+03 1.677876999999999953e+03 1.130213999999999942e+03 5.380914999999999964e+02 4.077567000000000235e+02 1.902897000000000105e+02 1.368551999999999964e+02 4.037801000000000329e+01 1.252373000000000047e+02 2.668606000000000034e+00
3.136381999999999834e+02 2.560262999999999920e+02 1.307557999999999936e+02 1.035901999999999958e+02 2.701744000000000057e+01 5.101930000000000121e+01 1.375628000000000029e+01 4.471718000000000082e+00 2.668606000000000034e+00 1.264517999999999986e+01
