6.899988999999999578e+03 1.500910000000000082e+03 8.608972999999999729e+02 2.659092999999999734e+02 1.226974000000000018e+02 7.776578999999999553e+01 4.726688000000000045e+01 -9.270920000000000272e+00 5.473663000000000167e+00 7.598411999999999722e+00
1.500910000000000082e+03 3.520264999999999873e+03 3.433027999999999906e+02 2.671062000000000012e+02 9.908733999999999753e+01 8.361177000000000703e+01 1.597654999999999959e+01 -3.859634000000000120e-01 8.428817999999999699e+00 -8.399577999999999989e+00
8.608972999999999729e+02 3.433027999999999906e+02 1.522784000000000106e+03 1.180073000000000008e+02 6.902118000000000109e+01 1.695315000000000083e+01 8.210494999999999877e+00 2.779716000000000076e+00 -1.083817000000000030e+00 -5.633506999999999820e-01
2.659092999999999734e+02 2.671062000000000012e+02 1.180073000000000008e+02 6.216507000000000289e+02 2.039758000000000138e+01 1.223776999999999937e+01 1.021438999999999986e+01 1.395705999999999891e+00 -1.637421000000000015e+00 5.185165000000000468e-01
1.226974000000000018e+02 9.908733999999999753e+01 6.902118000000000109e+01 2.039758000000000138e+01 3.148838000000000079e+02 6.830383000000000315e+00 -3.118895999999999891e+00 -3.118895999999999891e-01 8.732910000000000394e-01 4.054564999999999975e-01
7.776578999999999553e+01 8.361177000000000703e+01 1.695315000000000083e+01 1.223776999999999937e+01 6.830383000000000315e+00 1.140404999999999944e+02 -1.224167000000000005e+00 2.709541000000000199e+00 1.083817000000000030e+00 3.138389999999999791e-01
4.726688000000000045e+01 1.597654999999999959e+01 8.210494999999999877e+00 1.021438999999999986e+01 -3.118895999999999891e+00 -1.224167000000000005e+00 3.340337999999999852e+01 -7.017516999999999783e-01 7.173462000000000449e-01 -2.105255000000000043e-01
-9.270920000000000272e+00 -3.859634000000000120e-01 2.779716000000000076e+00 1.395705999999999891e+00 -3.118895999999999891e-01 2.709541000000000199e+00 -7.017516999999999783e-01 9.785538000000000736e+00 -7.797241000000000588e-02 -5.847930999999999963e-02
5.473663000000000167e+00 8.428817999999999699e+00 -1.083817000000000030e+00 -1.637421000000000015e+00 8.732910000000000394e-01 1.083817000000000030e+00 7.173462000000000449e-01 -7.797241000000000588e-02 3.960999000000000159e+00 -2.339172000000000126e-02
7.598411999999999722e+00 -8.399577999999999989e+00 -5.633506999999999820e-01 5.185165000000000468e-01 4.054564999999999975e-01 3.138389999999999791e-01 -2.105255000000000043e-01 -5.847930999999999963e-02 -2.339172000000000126e-02 2.976596999999999937e+00
