1.842239000000000000e+06 1.029254000000000000e+06 6.151948000000000466e+05 3.671702999999999884e+05 2.014686000000000058e+05 9.478397999999999593e+04 3.559223000000000320e+04 1.178626000000000022e+04 2.423545999999999822e+03 4.012850000000000250e+02
1.029254000000000000e+06 8.141171999999999534e+05 4.070467999999999884e+05 2.439093999999999942e+05 1.339572999999999884e+05 6.138851000000000204e+04 2.305925999999999840e+04 7.751054000000000087e+03 1.843759000000000015e+03 3.130982000000000198e+02
6.151948000000000466e+05 4.070467999999999884e+05 3.333115000000000000e+05 1.483036000000000058e+05 8.495483000000000175e+04 3.686895999999999913e+04 1.522876000000000022e+04 4.820104000000000269e+03 8.652014000000000351e+02 8.711468000000000700e+01
3.671702999999999884e+05 2.439093999999999942e+05 1.483036000000000058e+05 1.262853999999999942e+05 4.812309999999999854e+04 2.236688999999999942e+04 8.026988999999999578e+03 3.160126000000000204e+03 6.469565999999999804e+02 8.500942000000000576e+01
2.014686000000000058e+05 1.339572999999999884e+05 8.495483000000000175e+04 4.812309999999999854e+04 4.775066000000000349e+04 1.214993000000000029e+04 5.197951000000000022e+03 1.806989000000000033e+03 3.253437999999999874e+02 3.302521999999999736e+01
9.478397999999999593e+04 6.138851000000000204e+04 3.686895999999999913e+04 2.236688999999999942e+04 1.214993000000000029e+04 1.258785000000000036e+04 2.556186999999999898e+03 8.457569999999999482e+02 2.187164999999999964e+02 3.346965999999999752e+01
3.559223000000000320e+04 2.305925999999999840e+04 1.522876000000000022e+04 8.026988999999999578e+03 5.197951000000000022e+03 2.556186999999999898e+03 3.326503999999999905e+03 2.843906999999999812e+02 1.495939999999999941e+02 7.107185000000000308e+00
1.178626000000000022e+04 7.751054000000000087e+03 4.820104000000000269e+03 3.160126000000000204e+03 1.806989000000000033e+03 8.457569999999999482e+02 2.843906999999999812e+02 7.046815000000000282e+02 6.260014999999999930e+01 2.670554999999999790e+00
2.423545999999999822e+03 1.843759000000000015e+03 8.652014000000000351e+02 6.469565999999999804e+02 3.253437999999999874e+02 2.187164999999999964e+02 1.495939999999999941e+02 6.260014999999999930e+01 1.281165000000000020e+02 -2.884978999999999738e-01
4.012850000000000250e+02 3.130982000000000198e+02 8.711468000000000700e+01 8.500942000000000576e+01 3.302521999999999736e+01 3.346965999999999752e+01 7.107185000000000308e+00 2.670554999999999790e+00 -2.884978999999999738e-01 5.918105999999999867e+00
