2.241036000000000000e+06 1.243748000000000000e+06 7.442225999999999767e+05 4.468677999999999884e+05 2.280153999999999942e+05 1.124263999999999942e+05 3.972801999999999680e+04 1.178227000000000044e+04 1.629108999999999924e+03 1.821046000000000049e+02
1.243748000000000000e+06 9.313815000000000000e+05 4.671580999999999767e+05 2.831810999999999767e+05 1.503427000000000116e+05 7.138403999999999360e+04 2.498424000000000160e+04 7.313449999999999818e+03 1.028954999999999927e+03 9.941482999999999493e+01
7.442225999999999767e+05 4.671580999999999767e+05 3.783307000000000116e+05 1.716400000000000000e+05 9.148724000000000524e+04 4.244565000000000146e+04 1.648565000000000146e+04 4.195574999999999818e+03 6.695959000000000287e+02 3.176595999999999975e+01
4.468677999999999884e+05 2.831810999999999767e+05 1.716400000000000000e+05 1.472277999999999884e+05 5.248320999999999913e+04 2.566643999999999869e+04 9.482272000000000844e+03 2.722001000000000204e+03 4.392653999999999996e+02 6.194127999999999901e+01
2.280153999999999942e+05 1.503427000000000116e+05 9.148724000000000524e+04 5.248320999999999913e+04 4.824609999999999854e+04 1.370042000000000007e+04 5.465884000000000015e+03 1.231606999999999971e+03 2.938779999999999859e+02 1.837809999999999988e+01
1.124263999999999942e+05 7.138403999999999360e+04 4.244565000000000146e+04 2.566643999999999869e+04 1.370042000000000007e+04 1.357288999999999942e+04 2.470527000000000044e+03 8.112113000000000511e+02 8.653377999999999304e+01 1.999991999999999948e+01
3.972801999999999680e+04 2.498424000000000160e+04 1.648565000000000146e+04 9.482272000000000844e+03 5.465884000000000015e+03 2.470527000000000044e+03 3.481014000000000124e+03 2.049875000000000114e+02 5.269375999999999749e+01 4.701736000000000359e+00
1.178227000000000044e+04 7.313449999999999818e+03 4.195574999999999818e+03 2.722001000000000204e+03 1.231606999999999971e+03 8.112113000000000511e+02 2.049875000000000114e+02 5.718320999999999685e+02 3.622597999999999985e+01 3.953200999999999965e+00
1.629108999999999924e+03 1.028954999999999927e+03 6.695959000000000287e+02 4.392653999999999996e+02 2.938779999999999859e+02 8.653377999999999304e+01 5.269375999999999749e+01 3.622597999999999985e+01 7.772289999999999566e+01 -5.614014000000000504e-01
1.821046000000000049e+02 9.941482999999999493e+01 3.176595999999999975e+01 6.194127999999999901e+01 1.837809999999999988e+01 1.999991999999999948e+01 4.701736000000000359e+00 3.953200999999999965e+00 -5.614014000000000504e-01 3.960999000000000159e+00
