9.304231999999999534e+05 5.025997000000000116e+05 3.198020999999999767e+05 1.779333999999999942e+05 9.932769999999999709e+04 5.276529000000000087e+04 2.288197000000000116e+04 8.767256999999999607e+03 2.497693999999999960e+03 6.049256000000000313e+02
5.025997000000000116e+05 4.296515999999999767e+05 2.137176000000000058e+05 1.195076000000000058e+05 6.780258000000000175e+04 3.261404000000000087e+04 1.459631999999999971e+04 5.620509000000000015e+03 1.539615999999999985e+03 3.574723000000000184e+02
3.198020999999999767e+05 2.137176000000000058e+05 1.917927999999999884e+05 7.619714999999999418e+04 4.435951000000000204e+04 2.055302000000000044e+04 9.950861000000000786e+03 3.619264999999999873e+03 1.176807999999999993e+03 1.957652999999999963e+02
1.779333999999999942e+05 1.195076000000000058e+05 7.619714999999999418e+04 6.852072999999999593e+04 2.329745999999999913e+04 1.275143000000000029e+04 5.383911000000000058e+03 2.197539000000000215e+03 6.212666000000000395e+02 1.916015999999999906e+02
9.932769999999999709e+04 6.780258000000000175e+04 4.435951000000000204e+04 2.329745999999999913e+04 2.831779999999999927e+04 7.096643000000000029e+03 3.379425999999999931e+03 9.839338999999999942e+02 3.729497999999999820e+02 8.573846000000000345e+01
5.276529000000000087e+04 3.261404000000000087e+04 2.055302000000000044e+04 1.275143000000000029e+04 7.096643000000000029e+03 9.602925999999999476e+03 1.820710000000000036e+03 5.239901999999999589e+02 1.973716000000000008e+02 4.725128000000000128e+01
2.288197000000000116e+04 1.459631999999999971e+04 9.950861000000000786e+03 5.383911000000000058e+03 3.379425999999999931e+03 1.820710000000000036e+03 2.809250000000000000e+03 3.138428999999999860e+02 1.186838000000000051e+02 1.552430999999999983e+01
8.767256999999999607e+03 5.620509000000000015e+03 3.619264999999999873e+03 2.197539000000000215e+03 9.839338999999999942e+02 5.239901999999999589e+02 3.138428999999999860e+02 8.004882000000000062e+02 6.003486000000000189e+01 3.196868999999999961e+00
2.497693999999999960e+03 1.539615999999999985e+03 1.176807999999999993e+03 6.212666000000000395e+02 3.729497999999999820e+02 1.973716000000000008e+02 1.186838000000000051e+02 6.003486000000000189e+01 1.493463999999999885e+02 4.842087000000000252e+00
6.049256000000000313e+02 3.574723000000000184e+02 1.957652999999999963e+02 1.916015999999999906e+02 8.573846000000000345e+01 4.725128000000000128e+01 1.552430999999999983e+01 3.196868999999999961e+00 4.842087000000000252e+00 2.841315000000000168e+01
