1.176687000000000000e+06 6.207868000000000466e+05 4.178889000000000233e+05 2.488191000000000058e+05 1.325978999999999942e+05 6.936699000000000524e+04 3.132400000000000000e+04 1.185295999999999913e+04 3.696454000000000178e+03 4.561619999999999777e+02
6.207868000000000466e+05 5.129504000000000233e+05 2.627107000000000116e+05 1.617718999999999942e+05 8.826916999999999825e+04 4.356358000000000175e+04 1.994772000000000116e+04 7.451309000000000196e+03 2.379063000000000102e+03 2.711062000000000012e+02
4.178889000000000233e+05 2.627107000000000116e+05 2.409618999999999942e+05 1.073303999999999942e+05 5.930416999999999825e+04 2.783300000000000000e+04 1.266231999999999971e+04 4.428645999999999731e+03 1.699049999999999955e+03 1.408337999999999965e+02
2.488191000000000058e+05 1.617718999999999942e+05 1.073303999999999942e+05 9.819607000000000698e+04 3.340900000000000000e+04 1.781159999999999854e+04 7.910240999999999985e+03 3.392003000000000156e+03 9.224135999999999740e+02 2.120343000000000018e+02
1.325978999999999942e+05 8.826916999999999825e+04 5.930416999999999825e+04 3.340900000000000000e+04 3.602937999999999738e+04 9.538559999999999491e+03 5.126262999999999920e+03 1.484578999999999951e+03 6.961689000000000078e+02 3.557491000000000270e+01
6.936699000000000524e+04 4.356358000000000175e+04 2.783300000000000000e+04 1.781159999999999854e+04 9.538559999999999491e+03 1.256287999999999920e+04 2.582048999999999978e+03 9.105306000000000495e+02 2.957961000000000240e+02 5.899392999999999887e+01
3.132400000000000000e+04 1.994772000000000116e+04 1.266231999999999971e+04 7.910240999999999985e+03 5.126262999999999920e+03 2.582048999999999978e+03 3.794775000000000091e+03 3.989535999999999945e+02 1.976444999999999936e+02 3.002327999999999975e+01
1.185295999999999913e+04 7.451309000000000196e+03 4.428645999999999731e+03 3.392003000000000156e+03 1.484578999999999951e+03 9.105306000000000495e+02 3.989535999999999945e+02 1.026865000000000009e+03 9.905615000000000236e+01 1.338006999999999991e+01
3.696454000000000178e+03 2.379063000000000102e+03 1.699049999999999955e+03 9.224135999999999740e+02 6.961689000000000078e+02 2.957961000000000240e+02 1.976444999999999936e+02 9.905615000000000236e+01 2.170751999999999953e+02 9.169556000000000040e+00
4.561619999999999777e+02 2.711062000000000012e+02 1.408337999999999965e+02 2.120343000000000018e+02 3.557491000000000270e+01 5.899392999999999887e+01 3.002327999999999975e+01 1.338006999999999991e+01 9.169556000000000040e+00 3.168018999999999963e+01
