2.795899000000000233e+05 1.591327000000000116e+05 1.339172000000000116e+05 1.014958000000000029e+05 8.468158000000000175e+04 5.276133000000000175e+04 4.444605999999999767e+04 3.195029999999999927e+04 2.567454999999999927e+04 1.746465000000000146e+04 1.089452000000000044e+04 8.421454999999999927e+03 5.331694999999999709e+03 2.119753999999999905e+03 2.196101000000000113e+03 8.091645999999999503e+02 2.583811000000000035e+01 1.496796999999999969e+02 3.333204000000000065e+02 6.387109999999999843e+01
1.591327000000000116e+05 1.991756000000000058e+05 1.118665000000000000e+05 8.700491999999999825e+04 6.374656999999999971e+04 4.458787999999999738e+04 3.642012999999999738e+04 2.670720999999999913e+04 2.299988999999999942e+04 1.289905999999999949e+04 9.793805000000000291e+03 7.392305000000000291e+03 4.353936999999999898e+03 2.616079999999999927e+03 2.032888999999999896e+03 6.325960000000000036e+02 3.740550999999999817e+02 1.109586000000000041e+02 2.407047000000000025e+02 5.106803000000000026e+01
1.339172000000000116e+05 1.118665000000000000e+05 1.444561000000000058e+05 7.096675000000000000e+04 5.473718000000000029e+04 3.548077999999999884e+04 3.068184000000000015e+04 2.215363000000000102e+04 1.819695999999999913e+04 1.257982999999999993e+04 8.711323000000000320e+03 5.874399000000000342e+03 4.083219999999999800e+03 1.265999000000000024e+03 1.753584000000000060e+03 7.682661000000000513e+02 8.719265000000000043e+01 8.261177000000000703e+01 1.015747000000000071e+02 5.243645000000000067e+01
1.014958000000000029e+05 8.700491999999999825e+04 7.096675000000000000e+04 9.539132000000000698e+04 4.246283999999999651e+04 3.095293000000000029e+04 2.409454000000000087e+04 1.689786999999999898e+04 1.498604999999999927e+04 9.878729999999999563e+03 6.873860999999999876e+03 4.400824999999999818e+03 2.701838000000000193e+03 1.610722999999999956e+03 1.493826999999999998e+03 8.278174999999999955e+02 2.015431000000000097e+02 9.394115999999999644e+01 1.658004999999999995e+02 2.881859999999999999e+01
8.468158000000000175e+04 6.374656999999999971e+04 5.473718000000000029e+04 4.246283999999999651e+04 6.596736999999999534e+04 2.375022999999999956e+04 1.833850999999999840e+04 1.396592000000000007e+04 1.071629000000000087e+04 7.031896999999999935e+03 5.090516999999999825e+03 3.167534000000000106e+03 2.292050000000000182e+03 8.910023999999999660e+02 1.026826000000000022e+03 3.663279999999999745e+02 2.024144000000000005e+02 5.901342000000000354e+01 9.993334000000000117e+01 1.456134999999999913e+01
5.276133000000000175e+04 4.458787999999999738e+04 3.548077999999999884e+04 3.095293000000000029e+04 2.375022999999999956e+04 3.425783000000000175e+04 1.425811000000000058e+04 9.637593000000000757e+03 7.581444999999999709e+03 5.664212000000000444e+03 3.386356999999999971e+03 1.933295000000000073e+03 1.179535000000000082e+03 9.011427999999999656e+02 7.076775999999999840e+02 3.708523999999999887e+02 1.466661000000000001e+02 4.799981999999999971e+01 4.700177000000000049e+01 8.140319999999999112e+00
4.444605999999999767e+04 3.642012999999999738e+04 3.068184000000000015e+04 2.409454000000000087e+04 1.833850999999999840e+04 1.425811000000000058e+04 2.510715999999999985e+04 7.452717999999999847e+03 6.648921999999999571e+03 4.239930999999999585e+03 2.455275000000000091e+03 1.914478000000000065e+03 1.101394999999999982e+03 7.713460000000000036e+02 6.222120999999999640e+02 2.972054999999999723e+02 5.999781999999999726e+01 1.349313000000000073e+01 7.237788999999999362e+01 6.062355000000000160e+00
3.195029999999999927e+04 2.670720999999999913e+04 2.215363000000000102e+04 1.689786999999999898e+04 1.396592000000000007e+04 9.637593000000000757e+03 7.452717999999999847e+03 1.390830999999999949e+04 4.824134000000000015e+03 2.951101999999999862e+03 2.018622000000000071e+03 1.588155999999999949e+03 1.010495000000000005e+03 3.526184999999999832e+02 4.695421000000000049e+02 1.842156999999999982e+02 1.905451000000000050e+01 4.048716999999999899e+01 4.547740999999999900e+01 5.641303999999999874e+00
2.567454999999999927e+04 2.299988999999999942e+04 1.819695999999999913e+04 1.498604999999999927e+04 1.071629000000000087e+04 7.581444999999999709e+03 6.648921999999999571e+03 4.824134000000000015e+03 9.870737999999999374e+03 2.255574000000000069e+03 1.568746000000000095e+03 1.389449000000000069e+03 7.681607999999999947e+02 3.809030000000000200e+02 4.433666999999999803e+02 1.879251999999999896e+02 2.115781000000000134e+01 5.091599000000000430e+00 3.603105000000000047e+01 1.056526000000000032e+01
1.746465000000000146e+04 1.289905999999999949e+04 1.257982999999999993e+04 9.878729999999999563e+03 7.031896999999999935e+03 5.664212000000000444e+03 4.239930999999999585e+03 2.951101999999999862e+03 2.255574000000000069e+03 5.659141999999999825e+03 9.949493999999999687e+02 8.387512000000000398e+02 5.710972000000000435e+02 1.791533000000000015e+02 2.631490999999999758e+02 1.657556999999999903e+02 1.528453999999999979e+01 2.557104999999999961e+01 1.459253999999999962e+01 1.263542999999999950e+01
1.089452000000000044e+04 9.793805000000000291e+03 8.711323000000000320e+03 6.873860999999999876e+03 5.090516999999999825e+03 3.386356999999999971e+03 2.455275000000000091e+03 2.018622000000000071e+03 1.568746000000000095e+03 9.949493999999999687e+02 3.203275999999999840e+03 5.565611999999999853e+02 4.777642999999999915e+02 1.735549000000000035e+02 9.688071999999999662e+01 8.591974999999999341e+01 3.752422000000000146e+00 3.723183000000000131e+00 1.170756000000000085e+01 5.664696000000000176e+00
8.421454999999999927e+03 7.392305000000000291e+03 5.874399000000000342e+03 4.400824999999999818e+03 3.167534000000000106e+03 1.933295000000000073e+03 1.914478000000000065e+03 1.588155999999999949e+03 1.389449000000000069e+03 8.387512000000000398e+02 5.565611999999999853e+02 2.136692000000000007e+03 3.016635999999999740e+02 1.085648999999999944e+02 1.568414999999999964e+02 1.465686000000000000e+01 8.309910000000000352e+00 1.407011999999999929e+01 1.506817000000000029e+01 3.863532999999999884e+00
5.331694999999999709e+03 4.353936999999999898e+03 4.083219999999999800e+03 2.701838000000000193e+03 2.292050000000000182e+03 1.179535000000000082e+03 1.101394999999999982e+03 1.010495000000000005e+03 7.681607999999999947e+02 5.710972000000000435e+02 4.777642999999999915e+02 3.016635999999999740e+02 1.173195999999999913e+03 6.232334999999999781e+01 1.084907999999999930e+02 2.757494000000000156e+01 7.333305000000000184e+00 6.791396999999999906e+00 1.178162999999999982e+01 4.249495999999999718e+00
2.119753999999999905e+03 2.616079999999999927e+03 1.265999000000000024e+03 1.610722999999999956e+03 8.910023999999999660e+02 9.011427999999999656e+02 7.713460000000000036e+02 3.526184999999999832e+02 3.809030000000000200e+02 1.791533000000000015e+02 1.735549000000000035e+02 1.085648999999999944e+02 6.232334999999999781e+01 5.560290999999999713e+02 1.289663999999999966e+01 4.393745000000000012e+00 2.428840999999999806e+00 1.629623000000000044e+00 -3.664703000000000266e-01 1.801163000000000070e+00
2.196101000000000113e+03 2.032888999999999896e+03 1.753584000000000060e+03 1.493826999999999998e+03 1.026826000000000022e+03 7.076775999999999840e+02 6.222120999999999640e+02 4.695421000000000049e+02 4.433666999999999803e+02 2.631490999999999758e+02 9.688071999999999662e+01 1.568414999999999964e+02 1.084907999999999930e+02 1.289663999999999966e+01 3.640063999999999851e+02 2.734491999999999834e+01 7.695877000000000301e+00 -2.417145000000000099e+00 5.769957999999999476e-01 7.953185999999999867e-01
8.091645999999999503e+02 6.325960000000000036e+02 7.682661000000000513e+02 8.278174999999999955e+02 3.663279999999999745e+02 3.708523999999999887e+02 2.972054999999999723e+02 1.842156999999999982e+02 1.879251999999999896e+02 1.657556999999999903e+02 8.591974999999999341e+01 1.465686000000000000e+01 2.757494000000000156e+01 4.393745000000000012e+00 2.734491999999999834e+01 1.242549000000000063e+02 3.631565000000000154e+00 -5.263138000000000538e-01 4.717331000000000163e-01 4.951247999999999760e-01
2.583811000000000035e+01 3.740550999999999817e+02 8.719265000000000043e+01 2.015431000000000097e+02 2.024144000000000005e+02 1.466661000000000001e+02 5.999781999999999726e+01 1.905451000000000050e+01 2.115781000000000134e+01 1.528453999999999979e+01 3.752422000000000146e+00 8.309910000000000352e+00 7.333305000000000184e+00 2.428840999999999806e+00 7.695877000000000301e+00 3.631565000000000154e+00 5.654364000000000345e+01 1.438590999999999953e+00 4.405440999999999940e-01 -2.222214000000000134e-01
1.496796999999999969e+02 1.109586000000000041e+02 8.261177000000000703e+01 9.394115999999999644e+01 5.901342000000000354e+01 4.799981999999999971e+01 1.349313000000000073e+01 4.048716999999999899e+01 5.091599000000000430e+00 2.557104999999999961e+01 3.723183000000000131e+00 1.407011999999999929e+01 6.791396999999999906e+00 1.629623000000000044e+00 -2.417145000000000099e+00 -5.263138000000000538e-01 1.438590999999999953e+00 1.359059000000000061e+01 1.614028999999999936e+00 -5.458069000000000115e-02
3.333204000000000065e+02 2.407047000000000025e+02 1.015747000000000071e+02 1.658004999999999995e+02 9.993334000000000117e+01 4.700177000000000049e+01 7.237788999999999362e+01 4.547740999999999900e+01 3.603105000000000047e+01 1.459253999999999962e+01 1.170756000000000085e+01 1.506817000000000029e+01 1.178162999999999982e+01 -3.664703000000000266e-01 5.769957999999999476e-01 4.717331000000000163e-01 4.405440999999999940e-01 1.614028999999999936e+00 1.359059000000000061e+01 9.434662000000000326e-01
6.387109999999999843e+01 5.106803000000000026e+01 5.243645000000000067e+01 2.881859999999999999e+01 1.456134999999999913e+01 8.140319999999999112e+00 6.062355000000000160e+00 5.641303999999999874e+00 1.056526000000000032e+01 1.263542999999999950e+01 5.664696000000000176e+00 3.863532999999999884e+00 4.249495999999999718e+00 1.801163000000000070e+00 7.953185999999999867e-01 4.951247999999999760e-01 -2.222214000000000134e-01 -5.458069000000000115e-02 9.434662000000000326e-01 1.988296999999999981e+00
