1.773682999999999993e+03 1.946698000000000093e+02 1.326485999999999876e+02 8.482618999999999687e+01 5.581850000000000023e+01 1.276213000000000051e+02 1.126954999999999956e+02 3.766067999999999927e+01 5.153976000000000113e+01 -1.516563000000000105e+00 2.041902999999999935e+01 2.205839999999999890e+01 2.294338000000000211e+00 1.274849000000000032e+01 3.103301999999999783e+00 8.814780999999999977e+00 -5.434676999999999758e+00 1.274848999999999899e+00 1.136447999999999903e+00 2.768020999999999954e-01
1.946698000000000093e+02 1.142817999999999984e+03 9.114584999999999582e+01 6.831942999999999699e+01 6.606212999999999624e+01 5.536820999999999771e+01 1.026701999999999941e+02 2.336053000000000068e+01 2.479523000000000010e+01 1.410520999999999958e+01 8.362541000000000224e+00 -2.884978999999999960e+00 1.463931999999999967e+01 2.136444000000000010e+00 1.653014999999999901e+00 7.407378999999999492e-01 1.824554000000000009e+00 -3.079909999999999926e+00 -2.038978999999999875e+00 -8.576965000000000283e-02
1.326485999999999876e+02 9.114584999999999582e+01 9.192304000000000315e+02 3.918113999999999919e+01 2.932736999999999838e+01 3.817918999999999841e+01 7.662153999999999598e+01 2.571529999999999916e+01 -1.012082000000000015e+01 1.212081000000000053e+01 -1.312081000000000053e+01 1.645218000000000069e+00 4.130588999999999622e+00 2.542680000000000007e+01 8.374237000000000819e+00 2.538002000000000091e+00 6.939545000000000297e-01 1.844047999999999909e+00 -1.573093000000000075e+00 -1.150093000000000032e+00
8.482618999999999687e+01 6.831942999999999699e+01 3.918113999999999919e+01 5.384151000000000522e+02 1.056526000000000032e+01 1.231964000000000059e+00 1.775431999999999988e+01 2.189464999999999861e+01 1.353600999999999921e+01 1.668609999999999927e+00 -2.884978999999999738e-01 8.888854999999999507e+00 1.279527000000000037e+01 1.590637000000000079e+00 -5.614014000000000504e-01 -4.210510000000000086e-01 -2.276794000000000207e+00 1.855742999999999920e+00 -1.068222000000000005e+00 -1.403503000000000112e-01
5.581850000000000023e+01 6.606212999999999624e+01 2.932736999999999838e+01 1.056526000000000032e+01 5.069279000000000224e+02 7.652992000000000239e+00 5.787501999999999924e+00 -7.064301000000000386e+00 8.935638000000000858e+00 6.951240999999999559e+00 6.064303999999999917e+00 -9.598404000000000380e+00 1.206428000000000011e+01 5.980483999999999689e+00 2.791411999999999782e+00 -4.015579000000000232e-01 -6.003876000000000213e-01 2.194923000000000179e+00 -8.986319999999999864e-01 -7.992171999999999610e-01
1.276213000000000051e+02 5.536820999999999771e+01 3.817918999999999841e+01 1.231964000000000059e+00 7.652992000000000239e+00 3.162482999999999720e+02 8.003868000000000649e+00 6.955138999999999960e+00 1.076018999999999970e+01 1.755159000000000091e+01 7.290421000000000262e-01 2.947356999999999783e+00 -6.452217000000000091e+00 1.793365000000000098e+00 2.713439999999999852e+00 1.037033000000000094e+00 3.586731000000000225e-01 6.783599999999999630e-01 -6.588669000000000331e-01 -3.196868999999999961e-01
1.126954999999999956e+02 1.026701999999999941e+02 7.662153999999999598e+01 1.775431999999999988e+01 5.787501999999999924e+00 8.003868000000000649e+00 2.754433999999999969e+02 3.176595999999999975e+01 3.290436000000000138e+00 1.469780000000000086e+00 2.138393000000000210e+00 2.736832000000000154e+00 2.313830999999999971e+00 5.871323000000000292e+00 1.949310000000000098e+00 -1.033133999999999997e+00 -2.019484999999999975e+00 -1.009743000000000057e+00 -5.048713999999999702e-01 -1.169586000000000063e-02
3.766067999999999927e+01 2.336053000000000068e+01 2.571529999999999916e+01 2.189464999999999861e+01 -7.064301000000000386e+00 6.955138999999999960e+00 3.176595999999999975e+01 2.034767999999999972e+02 9.107177999999999329e+00 8.421020999999999646e-01 5.161774000000000306e+00 -5.177368000000000414e+00 -1.091614000000000057e-01 4.179320999999999842e+00 -2.120849999999999902e+00 -3.430786000000000113e-01 2.432739000000000207e+00 1.216369999999999951e+00 -3.898620999999999892e-01 -7.797241000000000311e-01
5.153976000000000113e+01 2.479523000000000010e+01 -1.012082000000000015e+01 1.353600999999999921e+01 8.935638000000000858e+00 1.076018999999999970e+01 3.290436000000000138e+00 9.107177999999999329e+00 1.316174000000000035e+02 9.886901999999999191e+00 -4.288483000000000267e+00 3.680298000000000069e+00 1.730987999999999971e+00 3.118895999999999891e-01 3.118895999999999891e+00 5.925903000000000143e-01 1.060424999999999951e+00 -4.678344999999999865e-01 -2.339171999999999918e-01 5.302124000000000281e-01
-1.516563000000000105e+00 1.410520999999999958e+01 1.212081000000000053e+01 1.668609999999999927e+00 6.951240999999999559e+00 1.755159000000000091e+01 1.469780000000000086e+00 8.421020999999999646e-01 9.886901999999999191e+00 9.599183999999999628e+01 -7.212448000000000192e-01 -3.727081000000000088e+00 5.497054999999999580e-01 -5.146178999999999615e-01 5.925903000000000143e-01 1.941513000000000044e+00 -7.017516999999999783e-01 6.471710000000000518e-01 -1.754379000000000077e-01 -3.508759000000000183e-01
2.041902999999999935e+01 8.362541000000000224e+00 -1.312081000000000053e+01 -2.884978999999999738e-01 6.064303999999999917e+00 7.290421000000000262e-01 2.138393000000000210e+00 5.161774000000000306e+00 -4.288483000000000267e+00 -7.212448000000000192e-01 6.161184999999999690e+01 -1.239760999999999891e+00 1.304089000000000054e+00 2.612076000000000064e+00 -9.512633999999999812e-01 -7.134475999999999596e-01 5.224151999999999685e-01 -2.378158999999999967e-01 -1.189078999999999969e-01 -2.378158999999999967e-01
2.205839999999999890e+01 -2.884978999999999960e+00 1.645218000000000069e+00 8.888854999999999507e+00 -9.598404000000000380e+00 2.947356999999999783e+00 2.736832000000000154e+00 -5.177368000000000414e+00 3.680298000000000069e+00 -3.727081000000000088e+00 -1.239760999999999891e+00 4.213629000000000246e+01 3.352814000000000072e-01 2.807007000000000252e-01 3.118895999999999891e-01 -5.146178999999999615e-01 -3.430786000000000113e-01 -1.715393000000000057e-01 -8.576965000000000283e-02 -1.715393000000000057e-01
2.294338000000000211e+00 1.463931999999999967e+01 4.130588999999999622e+00 1.279527000000000037e+01 1.206428000000000011e+01 -6.452217000000000091e+00 2.313830999999999971e+00 -1.091614000000000057e-01 1.730987999999999971e+00 5.497054999999999580e-01 1.304089000000000054e+00 3.352814000000000072e-01 2.906616999999999962e+01 7.875214000000000381e-01 -4.834289999999999976e-01 -3.625716999999999968e-01 -2.417144999999999988e-01 -1.208571999999999980e-01 -6.042862000000000233e-02 -1.208571999999999980e-01
1.274849000000000032e+01 2.136444000000000010e+00 2.542680000000000007e+01 1.590637000000000079e+00 5.980483999999999689e+00 1.793365000000000098e+00 5.871323000000000292e+00 4.179320999999999842e+00 3.118895999999999891e-01 -5.146178999999999615e-01 2.612076000000000064e+00 2.807007000000000252e-01 7.875214000000000381e-01 1.918121000000000009e+01 -3.118895999999999891e-01 -2.339171999999999918e-01 -1.559447999999999945e-01 -7.797241000000000588e-02 -3.898621000000000031e-02 -7.797241000000000588e-02
3.103301999999999783e+00 1.653014999999999901e+00 8.374237000000000819e+00 -5.614014000000000504e-01 2.791411999999999782e+00 2.713439999999999852e+00 1.949310000000000098e+00 -2.120849999999999902e+00 3.118895999999999891e+00 5.925903000000000143e-01 -9.512633999999999812e-01 3.118895999999999891e-01 -4.834289999999999976e-01 -3.118895999999999891e-01 7.859619000000000355e+00 -9.356688999999999978e-02 -6.237792999999999810e-02 -3.118896000000000168e-02 -1.559448000000000084e-02 -3.118896000000000168e-02
8.814780999999999977e+00 7.407378999999999492e-01 2.538002000000000091e+00 -4.210510000000000086e-01 -4.015579000000000232e-01 1.037033000000000094e+00 -1.033133999999999997e+00 -3.430786000000000113e-01 5.925903000000000143e-01 1.941513000000000044e+00 -7.134475999999999596e-01 -5.146178999999999615e-01 -3.625716999999999968e-01 -2.339171999999999918e-01 -9.356688999999999978e-02 5.918105999999999867e+00 -4.678344999999999726e-02 -2.339172000000000126e-02 -1.169586000000000063e-02 -2.339172000000000126e-02
-5.434676999999999758e+00 1.824554000000000009e+00 6.939545000000000297e-01 -2.276794000000000207e+00 -6.003876000000000213e-01 3.586731000000000225e-01 -2.019484999999999975e+00 2.432739000000000207e+00 1.060424999999999951e+00 -7.017516999999999783e-01 5.224151999999999685e-01 -3.430786000000000113e-01 -2.417144999999999988e-01 -1.559447999999999945e-01 -6.237792999999999810e-02 -4.678344999999999726e-02 3.960999000000000159e+00 -1.559448000000000084e-02 -7.797240999999999894e-03 -1.559448000000000084e-02
1.274848999999999899e+00 -3.079909999999999926e+00 1.844047999999999909e+00 1.855742999999999920e+00 2.194923000000000179e+00 6.783599999999999630e-01 -1.009743000000000057e+00 1.216369999999999951e+00 -4.678344999999999865e-01 6.471710000000000518e-01 -2.378158999999999967e-01 -1.715393000000000057e-01 -1.208571999999999980e-01 -7.797241000000000588e-02 -3.118896000000000168e-02 -2.339172000000000126e-02 -1.559448000000000084e-02 1.988296999999999981e+00 -3.898621000000000118e-03 -7.797240999999999894e-03
1.136447999999999903e+00 -2.038978999999999875e+00 -1.573093000000000075e+00 -1.068222000000000005e+00 -8.986319999999999864e-01 -6.588669000000000331e-01 -5.048713999999999702e-01 -3.898620999999999892e-01 -2.339171999999999918e-01 -1.754379000000000077e-01 -1.189078999999999969e-01 -8.576965000000000283e-02 -6.042862000000000233e-02 -3.898621000000000031e-02 -1.559448000000000084e-02 -1.169586000000000063e-02 -7.797240999999999894e-03 -3.898621000000000118e-03 9.960976000000000274e-01 -3.898621000000000118e-03
2.768020999999999954e-01 -8.576965000000000283e-02 -1.150093000000000032e+00 -1.403503000000000112e-01 -7.992171999999999610e-01 -3.196868999999999961e-01 -1.169586000000000063e-02 -7.797241000000000311e-01 5.302124000000000281e-01 -3.508759000000000183e-01 -2.378158999999999967e-01 -1.715393000000000057e-01 -1.208571999999999980e-01 -7.797241000000000588e-02 -3.118896000000000168e-02 -2.339172000000000126e-02 -1.559448000000000084e-02 -7.797240999999999894e-03 -3.898621000000000118e-03 1.988296999999999981e+00
