9.027575999999999767e+05 4.791120999999999767e+05 2.938539000000000233e+05 1.738963999999999942e+05 8.736958000000000175e+04 3.764248999999999796e+04 1.569956999999999971e+04 4.871208999999999833e+03 1.717973999999999933e+03 9.779300000000000637e+01
4.791120999999999767e+05 3.911810000000000000e+05 1.849523999999999942e+05 1.072683000000000029e+05 5.945094999999999709e+04 2.597490000000000146e+04 1.072248999999999978e+04 3.497327999999999975e+03 1.090973999999999933e+03 2.009505000000000052e+02
2.938539000000000233e+05 1.849523999999999942e+05 1.687958999999999942e+05 6.618755000000000291e+04 3.373837999999999738e+04 1.625497999999999956e+04 7.527332000000000335e+03 1.826083000000000084e+03 7.543051000000000386e+02 1.310560000000000116e+02
1.738963999999999942e+05 1.072683000000000029e+05 6.618755000000000291e+04 6.233176000000000204e+04 2.050074000000000160e+04 9.907108000000000175e+03 4.098073999999999614e+03 1.063153999999999996e+03 4.724972000000000207e+02 7.332526000000000010e+01
8.736958000000000175e+04 5.945094999999999709e+04 3.373837999999999738e+04 2.050074000000000160e+04 2.130677000000000044e+04 5.130140000000000327e+03 2.007758000000000038e+03 6.489488000000000056e+02 2.221589999999999918e+02 1.041710999999999920e+01
3.764248999999999796e+04 2.597490000000000146e+04 1.625497999999999956e+04 9.907108000000000175e+03 5.130140000000000327e+03 6.692463999999999942e+03 1.010568999999999960e+03 3.606614000000000146e+02 1.371924999999999955e+02 9.216338999999999615e+00
1.569956999999999971e+04 1.072248999999999978e+04 7.527332000000000335e+03 4.098073999999999614e+03 2.007758000000000038e+03 1.010568999999999960e+03 1.731487000000000080e+03 1.049821000000000026e+02 3.087707999999999942e+01 1.035473999999999961e+01
4.871208999999999833e+03 3.497327999999999975e+03 1.826083000000000084e+03 1.063153999999999996e+03 6.489488000000000056e+02 3.606614000000000146e+02 1.049821000000000026e+02 4.211446000000000254e+02 1.531377999999999950e+01 9.356689000000000256e-01
1.717973999999999933e+03 1.090973999999999933e+03 7.543051000000000386e+02 4.724972000000000207e+02 2.221589999999999918e+02 1.371924999999999955e+02 3.087707999999999942e+01 1.531377999999999950e+01 8.605034999999999457e+01 6.861572000000000227e-01
9.779300000000000637e+01 2.009505000000000052e+02 1.310560000000000116e+02 7.332526000000000010e+01 1.041710999999999920e+01 9.216338999999999615e+00 1.035473999999999961e+01 9.356689000000000256e-01 6.861572000000000227e-01 7.859619000000000355e+00
