1.463849000000000000e+06 7.810058000000000466e+05 4.985499000000000233e+05 2.819502999999999884e+05 1.525358999999999942e+05 5.979352999999999884e+04 2.734174000000000160e+04 6.610042999999999665e+03 1.307950000000000045e+03 2.876401999999999859e+01
7.810058000000000466e+05 6.526165000000000000e+05 3.207925000000000000e+05 1.803441000000000058e+05 9.795464999999999418e+04 4.004144000000000233e+04 1.779743000000000029e+04 3.665434000000000196e+03 9.171562999999999874e+02 3.183614000000000033e+01
4.985499000000000233e+05 3.207925000000000000e+05 2.576375000000000000e+05 1.112586999999999971e+05 6.089581999999999971e+04 2.385411999999999898e+04 1.157227000000000044e+04 3.002179999999999836e+03 6.291983999999999924e+02 3.502521000000000129e+01
2.819502999999999884e+05 1.803441000000000058e+05 1.112586999999999971e+05 9.240936000000000058e+04 3.411344999999999709e+04 1.497855999999999949e+04 6.177666000000000167e+03 1.691255000000000109e+03 4.121641000000000190e+02 1.351262000000000008e+01
1.525358999999999942e+05 9.795464999999999418e+04 6.089581999999999971e+04 3.411344999999999709e+04 3.405025000000000000e+04 8.862123999999999796e+03 3.475474000000000160e+03 7.543031999999999471e+02 1.515764000000000067e+02 3.329422000000000104e+00
5.979352999999999884e+04 4.004144000000000233e+04 2.385411999999999898e+04 1.497855999999999949e+04 8.862123999999999796e+03 1.003628000000000065e+04 1.556588999999999942e+03 5.137270999999999503e+02 7.792368000000000450e+01 6.385940999999999867e+00
2.734174000000000160e+04 1.779743000000000029e+04 1.157227000000000044e+04 6.177666000000000167e+03 3.475474000000000160e+03 1.556588999999999942e+03 2.050516999999999825e+03 2.066677999999999997e+02 2.904666999999999888e+01 -3.040923999999999849e-01
6.610042999999999665e+03 3.665434000000000196e+03 3.002179999999999836e+03 1.691255000000000109e+03 7.543031999999999471e+02 5.137270999999999503e+02 2.066677999999999997e+02 5.404872000000000298e+02 8.871311000000000391e+00 6.471710000000000518e-01
1.307950000000000045e+03 9.171562999999999874e+02 6.291983999999999924e+02 4.121641000000000190e+02 1.515764000000000067e+02 7.792368000000000450e+01 2.904666999999999888e+01 8.871311000000000391e+00 6.161184999999999690e+01 2.518508999999999887e+00
2.876401999999999859e+01 3.183614000000000033e+01 3.502521000000000129e+01 1.351262000000000008e+01 3.329422000000000104e+00 6.385940999999999867e+00 -3.040923999999999849e-01 6.471710000000000518e-01 2.518508999999999887e+00 3.960999000000000159e+00
