1.872557000000000000e+06 9.682525999999999767e+05 6.344546999999999534e+05 3.591555000000000000e+05 1.852113999999999942e+05 7.261064999999999418e+04 3.075268999999999869e+04 9.850664000000000669e+03 1.216174999999999955e+03 2.300341999999999985e+02
9.682525999999999767e+05 7.333604000000000233e+05 3.870992999999999884e+05 2.174403999999999942e+05 1.155771000000000058e+05 4.754616999999999825e+04 1.919143999999999869e+04 6.124296000000000276e+03 4.939707999999999970e+02 8.870141999999999882e+01
6.344546999999999534e+05 3.870992999999999884e+05 3.206297000000000116e+05 1.426103999999999942e+05 7.416925999999999476e+04 3.206091999999999825e+04 1.311802000000000044e+04 4.365264000000000124e+03 6.070425000000000182e+02 1.056915999999999940e+02
3.591555000000000000e+05 2.174403999999999942e+05 1.426103999999999942e+05 1.155516000000000058e+05 4.349712000000000262e+04 1.830636999999999898e+04 6.405278000000000247e+03 2.530132999999999811e+03 3.131254999999999882e+02 4.944230999999999909e+01
1.852113999999999942e+05 1.155771000000000058e+05 7.416925999999999476e+04 4.349712000000000262e+04 3.704518000000000029e+04 1.002580999999999949e+04 3.980835000000000036e+03 1.226237000000000080e+03 1.267908999999999935e+02 3.513436999999999699e+01
7.261064999999999418e+04 4.754616999999999825e+04 3.206091999999999825e+04 1.830636999999999898e+04 1.002580999999999949e+04 1.099985000000000036e+04 1.701108999999999924e+03 5.718515999999999622e+02 5.417132999999999754e+01 -2.573090000000000099e-01
3.075268999999999869e+04 1.919143999999999869e+04 1.311802000000000044e+04 6.405278000000000247e+03 3.980835000000000036e+03 1.701108999999999924e+03 2.463179999999999836e+03 2.351023999999999887e+02 3.281078999999999724e+01 9.730957000000000079e+00
9.850664000000000669e+03 6.124296000000000276e+03 4.365264000000000124e+03 2.530132999999999811e+03 1.226237000000000080e+03 5.718515999999999622e+02 2.351023999999999887e+02 5.431227000000000089e+02 7.894707000000000363e+00 2.627670000000000172e+00
1.216174999999999955e+03 4.939707999999999970e+02 6.070425000000000182e+02 3.131254999999999882e+02 1.267908999999999935e+02 5.417132999999999754e+01 3.281078999999999724e+01 7.894707000000000363e+00 4.702515999999999963e+01 1.606232000000000104e+00
2.300341999999999985e+02 8.870141999999999882e+01 1.056915999999999940e+02 4.944230999999999909e+01 3.513436999999999699e+01 -2.573090000000000099e-01 9.730957000000000079e+00 2.627670000000000172e+00 1.606232000000000104e+00 3.960999000000000159e+00
