1.138579000000000000e+06 6.117350999999999767e+05 3.894842000000000116e+05 2.211708999999999942e+05 1.173203000000000029e+05 4.913819000000000233e+04 2.187411000000000058e+04 5.519962999999999738e+03 1.741623000000000047e+03 1.328494000000000028e+02
6.117350999999999767e+05 5.081042000000000116e+05 2.448827999999999884e+05 1.423636000000000058e+05 7.859528999999999360e+04 3.195979000000000087e+04 1.436104999999999927e+04 3.949884000000000015e+03 1.266373000000000047e+03 1.921045000000000016e+02
3.894842000000000116e+05 2.448827999999999884e+05 2.119127999999999884e+05 8.933922000000000116e+04 4.968748000000000320e+04 2.086666999999999825e+04 9.885680000000000291e+03 2.663947000000000116e+03 7.170421000000000049e+02 9.836610000000000298e+01
2.211708999999999942e+05 1.423636000000000058e+05 8.933922000000000116e+04 7.478357000000000698e+04 2.887727000000000044e+04 1.190578000000000065e+04 5.511533000000000357e+03 1.397042999999999893e+03 4.565362999999999829e+02 9.881054000000000315e+01
1.173203000000000029e+05 7.859528999999999360e+04 4.968748000000000320e+04 2.887727000000000044e+04 2.923029999999999927e+04 7.182100999999999658e+03 3.070398000000000138e+03 9.167684000000000424e+02 2.855661999999999807e+02 2.089660999999999902e+01
4.913819000000000233e+04 3.195979000000000087e+04 2.086666999999999825e+04 1.190578000000000065e+04 7.182100999999999658e+03 7.978104000000000269e+03 1.262292999999999893e+03 4.205325000000000273e+02 9.290412999999999499e+01 1.377383000000000024e+01
2.187411000000000058e+04 1.436104999999999927e+04 9.885680000000000291e+03 5.511533000000000357e+03 3.070398000000000138e+03 1.262292999999999893e+03 2.094586999999999989e+03 1.829661999999999864e+02 2.098237999999999914e+01 9.064292999999999267e+00
5.519962999999999738e+03 3.949884000000000015e+03 2.663947000000000116e+03 1.397042999999999893e+03 9.167684000000000424e+02 4.205325000000000273e+02 1.829661999999999864e+02 5.343839000000000397e+02 1.957107999999999848e+01 3.126694000000000084e+00
1.741623000000000047e+03 1.266373000000000047e+03 7.170421000000000049e+02 4.565362999999999829e+02 2.855661999999999807e+02 9.290412999999999499e+01 2.098237999999999914e+01 1.957107999999999848e+01 8.056109999999999616e+01 5.146178999999999615e-01
1.328494000000000028e+02 1.921045000000000016e+02 9.836610000000000298e+01 9.881054000000000315e+01 2.089660999999999902e+01 1.377383000000000024e+01 9.064292999999999267e+00 3.126694000000000084e+00 5.146178999999999615e-01 1.178162999999999982e+01
