6.645556999999999534e+05 3.433445000000000000e+05 2.067757000000000116e+05 1.248291000000000058e+05 6.609672000000000116e+04 2.903559999999999854e+04 1.314100000000000000e+04 3.832967999999999847e+03 1.449857999999999947e+03 2.239368000000000052e+02
3.433445000000000000e+05 3.039865000000000000e+05 1.324635000000000000e+05 8.326400000000000000e+04 4.610808999999999651e+04 2.011209000000000015e+04 8.605362999999999374e+03 3.086288000000000011e+03 1.056693999999999960e+03 1.283113999999999919e+02
2.067757000000000116e+05 1.324635000000000000e+05 1.230753000000000029e+05 4.807116000000000349e+04 2.547459999999999854e+04 1.322660000000000036e+04 6.046596999999999753e+03 1.907384999999999991e+03 4.986354999999999791e+02 1.540423000000000116e+02
1.248291000000000058e+05 8.326400000000000000e+04 4.807116000000000349e+04 4.960118000000000029e+04 1.686918999999999869e+04 7.604859999999999673e+03 3.192423999999999978e+03 1.032526000000000067e+03 4.064741000000000213e+02 8.077942000000000178e+01
6.609672000000000116e+04 4.610808999999999651e+04 2.547459999999999854e+04 1.686918999999999869e+04 1.827070000000000073e+04 3.998132999999999811e+03 1.874277000000000044e+03 6.120599999999999454e+02 3.401293000000000006e+02 1.812078999999999951e+01
2.903559999999999854e+04 2.011209000000000015e+04 1.322660000000000036e+04 7.604859999999999673e+03 3.998132999999999811e+03 5.837818000000000211e+03 9.029048999999999978e+02 2.261043999999999983e+02 1.607050000000000125e+02 8.920044000000000750e+00
1.314100000000000000e+04 8.605362999999999374e+03 6.046596999999999753e+03 3.192423999999999978e+03 1.874277000000000044e+03 9.029048999999999978e+02 1.741809999999999945e+03 1.267207999999999970e+02 4.847545000000000215e+01 9.356688999999999368e+00
3.832967999999999847e+03 3.086288000000000011e+03 1.907384999999999991e+03 1.032526000000000067e+03 6.120599999999999454e+02 2.261043999999999983e+02 1.267207999999999970e+02 4.757876999999999725e+02 1.385570000000000057e+01 3.368408000000000069e+00
1.449857999999999947e+03 1.056693999999999960e+03 4.986354999999999791e+02 4.064741000000000213e+02 3.401293000000000006e+02 1.607050000000000125e+02 4.847545000000000215e+01 1.385570000000000057e+01 1.084265000000000043e+02 3.649109000000000158e+00
2.239368000000000052e+02 1.283113999999999919e+02 1.540423000000000116e+02 8.077942000000000178e+01 1.812078999999999951e+01 8.920044000000000750e+00 9.356688999999999368e+00 3.368408000000000069e+00 3.649109000000000158e+00 1.746582000000000079e+01
