2.841769000000000000e+06 1.492470000000000000e+06 9.293484000000000233e+05 5.900580000000000000e+05 3.028367999999999884e+05 1.425586000000000058e+05 5.640794000000000233e+04 1.707161000000000058e+04 1.291273999999999887e+03 2.834764999999999873e+02
1.492470000000000000e+06 1.096017000000000000e+06 5.634945000000000000e+05 3.460877000000000116e+05 1.823737999999999884e+05 9.160683999999999651e+04 3.437031999999999971e+04 1.042838999999999942e+04 1.178944999999999936e+03 7.992171999999999343e+01
9.293484000000000233e+05 5.634945000000000000e+05 4.583459000000000233e+05 2.210071000000000058e+05 1.205005000000000000e+05 5.372036000000000058e+04 2.267165000000000146e+04 6.290456000000000131e+03 7.638957000000000335e+02 6.150464000000000198e+01
5.900580000000000000e+05 3.460877000000000116e+05 2.210071000000000058e+05 1.859181000000000058e+05 7.413311000000000058e+04 3.416455000000000291e+04 1.333868000000000029e+04 4.598752000000000407e+03 3.865735999999999990e+02 1.000074000000000041e+02
3.028367999999999884e+05 1.823737999999999884e+05 1.205005000000000000e+05 7.413311000000000058e+04 6.186151999999999680e+04 1.941459000000000015e+04 8.002073000000000320e+03 2.580463999999999942e+03 1.482703999999999951e+02 3.435464000000000340e+01
1.425586000000000058e+05 9.160683999999999651e+04 5.372036000000000058e+04 3.416455000000000291e+04 1.941459000000000015e+04 1.912633000000000175e+04 3.689702999999999975e+03 1.116458000000000084e+03 1.695140000000000100e+02 1.080697999999999936e+01
5.640794000000000233e+04 3.437031999999999971e+04 2.267165000000000146e+04 1.333868000000000029e+04 8.002073000000000320e+03 3.689702999999999975e+03 4.339895999999999731e+03 4.986940000000000168e+02 1.593561000000000050e+01 7.656890999999999892e+00
1.707161000000000058e+04 1.042838999999999942e+04 6.290456000000000131e+03 4.598752000000000407e+03 2.580463999999999942e+03 1.116458000000000084e+03 4.986940000000000168e+02 8.607667000000000144e+02 3.990238000000000174e+00 4.912262000000000128e+00
1.291273999999999887e+03 1.178944999999999936e+03 7.638957000000000335e+02 3.865735999999999990e+02 1.482703999999999951e+02 1.695140000000000100e+02 1.593561000000000050e+01 3.990238000000000174e+00 7.926479999999999393e+01 7.953185999999999867e-01
2.834764999999999873e+02 7.992171999999999343e+01 6.150464000000000198e+01 1.000074000000000041e+02 3.435464000000000340e+01 1.080697999999999936e+01 7.656890999999999892e+00 4.912262000000000128e+00 7.953185999999999867e-01 7.859619000000000355e+00
