2.237634000000000000e+06 1.169953000000000000e+06 7.528301999999999534e+05 4.398195000000000000e+05 2.186492999999999884e+05 9.379007000000000698e+04 3.744748000000000320e+04 1.242267000000000007e+04 8.450376999999999725e+02 4.912651999999999930e+01
1.169953000000000000e+06 8.719375999999999767e+05 4.661285999999999767e+05 2.692602999999999884e+05 1.422972999999999884e+05 5.621258000000000175e+04 2.290054000000000087e+04 7.374597999999999956e+03 6.676562999999999874e+02 6.652995999999999910e+00
7.528301999999999534e+05 4.661285999999999767e+05 3.775397000000000116e+05 1.769502999999999884e+05 9.068350999999999476e+04 3.860937999999999738e+04 1.625173999999999978e+04 4.800400999999999840e+03 7.228451999999999771e+02 2.828254000000000090e+01
4.398195000000000000e+05 2.692602999999999884e+05 1.769502999999999884e+05 1.392660000000000000e+05 5.356988999999999942e+04 2.325675999999999840e+04 9.023442999999999302e+03 2.998972999999999956e+03 2.539035000000000082e+02 1.457498999999999967e+01
2.186492999999999884e+05 1.422972999999999884e+05 9.068350999999999476e+04 5.356988999999999942e+04 4.808938999999999942e+04 1.199230999999999949e+04 4.988862000000000080e+03 1.750542999999999893e+03 1.276564000000000050e+02 6.144225999999999743e+00
9.379007000000000698e+04 5.621258000000000175e+04 3.860937999999999738e+04 2.325675999999999840e+04 1.199230999999999949e+04 1.271556999999999971e+04 2.171025000000000091e+03 5.945259999999999536e+02 7.404845000000000255e+01 2.734881999999999813e+00
3.744748000000000320e+04 2.290054000000000087e+04 1.625173999999999978e+04 9.023442999999999302e+03 4.988862000000000080e+03 2.171025000000000091e+03 2.904784000000000106e+03 3.229071999999999889e+02 3.105640999999999963e+01 -2.939560000000000173e+00
1.242267000000000007e+04 7.374597999999999956e+03 4.800400999999999840e+03 2.998972999999999956e+03 1.750542999999999893e+03 5.945259999999999536e+02 3.229071999999999889e+02 5.878944000000000187e+02 3.003887000000000196e+00 2.083813000000000137e+00
8.450376999999999725e+02 6.676562999999999874e+02 7.228451999999999771e+02 2.539035000000000082e+02 1.276564000000000050e+02 7.404845000000000255e+01 3.105640999999999963e+01 3.003887000000000196e+00 6.053582999999999714e+01 -1.111107000000000067e-01
4.912651999999999930e+01 6.652995999999999910e+00 2.828254000000000090e+01 1.457498999999999967e+01 6.144225999999999743e+00 2.734881999999999813e+00 -2.939560000000000173e+00 2.083813000000000137e+00 -1.111107000000000067e-01 9.960976000000000274e-01
