5.250716999999999825e+04 1.695549000000000160e+04 1.055942000000000007e+04 5.463115999999999985e+03 2.978137000000000171e+03 1.150892000000000053e+03 2.828507999999999925e+02 2.321122000000000014e+02 6.226877000000000351e+01 -3.313828000000000173e+01
1.695549000000000160e+04 2.369504999999999927e+04 6.332944999999999709e+03 4.243752000000000407e+03 1.801939000000000078e+03 5.036589000000000169e+02 9.097625999999999635e+01 1.477771999999999935e+02 5.428439000000000192e+01 -2.116170999999999935e+01
1.055942000000000007e+04 6.332944999999999709e+03 1.098162999999999920e+04 2.325976999999999862e+03 1.359890000000000100e+03 4.425362999999999829e+02 1.668394999999999868e+02 2.973478000000000065e+01 4.745400999999999669e+01 -4.475615999999999595e+00
5.463115999999999985e+03 4.243752000000000407e+03 2.325976999999999862e+03 4.488650999999999840e+03 7.814589999999999463e+02 2.532193000000000040e+02 1.144108999999999980e+02 9.267410999999999888e+01 3.572695999999999827e+01 -9.715362999999999971e+00
2.978137000000000171e+03 1.801939000000000078e+03 1.359890000000000100e+03 7.814589999999999463e+02 2.143983999999999924e+03 2.894725999999999999e+02 5.881848999999999705e+01 1.086156000000000077e+01 6.768004999999999605e+00 -4.054564999999999975e-01
1.150892000000000053e+03 5.036589000000000169e+02 4.425362999999999829e+02 2.532193000000000040e+02 2.894725999999999999e+02 7.072332000000000107e+02 1.801552999999999827e+01 1.611690000000000111e+01 -1.653014999999999901e+00 7.797241000000000311e-01
2.828507999999999925e+02 9.097625999999999635e+01 1.668394999999999868e+02 1.144108999999999980e+02 5.881848999999999705e+01 1.801552999999999827e+01 2.372992999999999881e+02 3.840141000000000027e+00 5.146178999999999615e-01 -8.265076000000000089e-01
2.321122000000000014e+02 1.477771999999999935e+02 2.973478000000000065e+01 9.267410999999999888e+01 1.086156000000000077e+01 1.611690000000000111e+01 3.840141000000000027e+00 9.337196000000000140e+01 -1.029236000000000040e+00 -3.430786000000000113e-01
6.226877000000000351e+01 5.428439000000000192e+01 4.745400999999999669e+01 3.572695999999999827e+01 6.768004999999999605e+00 -1.653014999999999901e+00 5.146178999999999615e-01 -1.029236000000000040e+00 2.482641999999999882e+01 -3.742675999999999781e-01
-3.313828000000000173e+01 -2.116170999999999935e+01 -4.475615999999999595e+00 -9.715362999999999971e+00 -4.054564999999999975e-01 7.797241000000000311e-01 -8.265076000000000089e-01 -3.430786000000000113e-01 -3.742675999999999781e-01 7.859619000000000355e+00
