2.181520000000000000e+06 1.181961000000000000e+06 7.562934000000000233e+05 4.444832000000000116e+05 2.590867000000000116e+05 1.200611999999999971e+05 5.850925000000000000e+04 1.819393000000000029e+04 5.821137999999999920e+03 6.190113000000000056e+02
1.181961000000000000e+06 9.652610000000000000e+05 4.948294000000000233e+05 2.904537000000000116e+05 1.725701000000000058e+05 7.860355000000000291e+04 3.683862000000000262e+04 1.113082999999999993e+04 3.389438999999999851e+03 3.891875999999999749e+02
7.562934000000000233e+05 4.948294000000000233e+05 4.182207999999999884e+05 1.911848999999999942e+05 1.103676999999999971e+05 4.819837999999999738e+04 2.385397999999999956e+04 8.045270000000000437e+03 2.086340999999999894e+03 2.930475999999999885e+02
4.444832000000000116e+05 2.904537000000000116e+05 1.911848999999999942e+05 1.612767000000000116e+05 6.540304000000000087e+04 3.055490999999999985e+04 1.307281999999999971e+04 4.385372999999999593e+03 1.165326999999999998e+03 1.644944999999999879e+02
2.590867000000000116e+05 1.725701000000000058e+05 1.103676999999999971e+05 6.540304000000000087e+04 6.158912999999999738e+04 1.921625000000000000e+04 8.472641999999999825e+03 2.674000000000000000e+03 9.204039000000000215e+02 1.143348000000000013e+02
1.200611999999999971e+05 7.860355000000000291e+04 4.819837999999999738e+04 3.055490999999999985e+04 1.921625000000000000e+04 1.710063999999999942e+04 4.045719000000000051e+03 1.469087999999999965e+03 3.521603999999999814e+02 4.636628999999999934e+01
5.850925000000000000e+04 3.683862000000000262e+04 2.385397999999999956e+04 1.307281999999999971e+04 8.472641999999999825e+03 4.045719000000000051e+03 4.523140999999999622e+03 7.463558000000000447e+02 1.819524999999999864e+02 3.088486999999999938e+01
1.819393000000000029e+04 1.113082999999999993e+04 8.045270000000000437e+03 4.385372999999999593e+03 2.674000000000000000e+03 1.469087999999999965e+03 7.463558000000000447e+02 1.031666999999999916e+03 5.414598999999999762e+01 1.768024000000000129e+01
5.821137999999999920e+03 3.389438999999999851e+03 2.086340999999999894e+03 1.165326999999999998e+03 9.204039000000000215e+02 3.521603999999999814e+02 1.819524999999999864e+02 5.414598999999999762e+01 1.934319999999999879e+02 3.153983999999999899e+00
6.190113000000000056e+02 3.891875999999999749e+02 2.930475999999999885e+02 1.644944999999999879e+02 1.143348000000000013e+02 4.636628999999999934e+01 3.088486999999999938e+01 1.768024000000000129e+01 3.153983999999999899e+00 1.558669000000000082e+01
