1.512193000000000000e+06 8.175393000000000466e+05 5.268364000000000233e+05 3.290180999999999767e+05 1.761378999999999942e+05 8.435453999999999360e+04 4.016462000000000262e+04 1.415012000000000080e+04 3.501775999999999840e+03 7.434319000000000415e+02
8.175393000000000466e+05 6.363661999999999534e+05 3.380450999999999767e+05 2.125817000000000116e+05 1.149518000000000029e+05 5.393661000000000058e+04 2.497347000000000116e+04 9.805530000000000655e+03 1.826987000000000080e+03 5.236626999999999725e+02
5.268364000000000233e+05 3.380450999999999767e+05 2.954465000000000000e+05 1.415943999999999942e+05 7.733569999999999709e+04 3.465255000000000291e+04 1.697354000000000087e+04 6.615094000000000051e+03 1.331317000000000007e+03 3.520765999999999849e+02
3.290180999999999767e+05 2.125817000000000116e+05 1.415943999999999942e+05 1.207101000000000058e+05 4.722920999999999913e+04 2.271583000000000175e+04 9.437183999999999287e+03 3.566157999999999902e+03 8.665307999999999993e+02 1.873130999999999915e+02
1.761378999999999942e+05 1.149518000000000029e+05 7.733569999999999709e+04 4.722920999999999913e+04 4.239131999999999971e+04 1.289654000000000087e+04 5.910002999999999702e+03 2.038539999999999964e+03 5.760641000000000531e+02 1.163465000000000060e+02
8.435453999999999360e+04 5.393661000000000058e+04 3.465255000000000291e+04 2.271583000000000175e+04 1.289654000000000087e+04 1.339992000000000007e+04 3.145737000000000080e+03 1.250078999999999951e+03 2.262564000000000135e+02 2.704473000000000127e+01
4.016462000000000262e+04 2.497347000000000116e+04 1.697354000000000087e+04 9.437183999999999287e+03 5.910002999999999702e+03 3.145737000000000080e+03 3.858025999999999840e+03 4.469436999999999784e+02 1.403386000000000138e+02 2.878351999999999933e+01
1.415012000000000080e+04 9.805530000000000655e+03 6.615094000000000051e+03 3.566157999999999902e+03 2.038539999999999964e+03 1.250078999999999951e+03 4.469436999999999784e+02 9.269652999999999565e+02 4.660020999999999702e+01 2.203111000000000175e+01
3.501775999999999840e+03 1.826987000000000080e+03 1.331317000000000007e+03 8.665307999999999993e+02 5.760641000000000531e+02 2.262564000000000135e+02 1.403386000000000138e+02 4.660020999999999702e+01 1.777692999999999870e+02 4.343062999999999896e+00
7.434319000000000415e+02 5.236626999999999725e+02 3.520765999999999849e+02 1.873130999999999915e+02 1.163465000000000060e+02 2.704473000000000127e+01 2.878351999999999933e+01 2.203111000000000175e+01 4.343062999999999896e+00 2.101357000000000141e+01
