2.978940000000000000e+06 1.704021000000000000e+06 1.064406000000000000e+06 6.276639000000000233e+05 3.757064000000000233e+05 1.827881000000000058e+05 9.478238999999999942e+04 3.514652999999999884e+04 9.053813000000000102e+03 1.125484999999999900e+03
1.704021000000000000e+06 1.316162000000000000e+06 7.034949000000000233e+05 4.163145000000000000e+05 2.413271000000000058e+05 1.192833999999999942e+05 5.775363999999999942e+04 2.057220999999999913e+04 5.117787000000000262e+03 7.307925000000000182e+02
1.064406000000000000e+06 7.034949000000000233e+05 5.473839000000000233e+05 2.619241000000000058e+05 1.558586000000000058e+05 7.825314999999999418e+04 3.876652999999999884e+04 1.326790999999999985e+04 3.494842000000000098e+03 3.911680999999999813e+02
6.276639000000000233e+05 4.163145000000000000e+05 2.619241000000000058e+05 2.140853999999999942e+05 9.574888000000000466e+04 4.480101999999999680e+04 2.328697999999999956e+04 8.549153000000000247e+03 1.879498000000000047e+03 3.520532000000000039e+02
3.757064000000000233e+05 2.413271000000000058e+05 1.558586000000000058e+05 9.574888000000000466e+04 8.655316000000000349e+04 2.827241999999999825e+04 1.444901000000000022e+04 5.415305000000000291e+03 1.302097999999999956e+03 2.093754000000000133e+02
1.827881000000000058e+05 1.192833999999999942e+05 7.825314999999999418e+04 4.480101999999999680e+04 2.827241999999999825e+04 2.571797999999999956e+04 7.499775999999999840e+03 2.681869000000000142e+03 7.174202999999999975e+02 1.020580999999999960e+02
9.478238999999999942e+04 5.775363999999999942e+04 3.876652999999999884e+04 2.328697999999999956e+04 1.444901000000000022e+04 7.499775999999999840e+03 7.599596999999999753e+03 1.253874000000000024e+03 3.647939000000000078e+02 4.583218000000000103e+01
3.514652999999999884e+04 2.057220999999999913e+04 1.326790999999999985e+04 8.549153000000000247e+03 5.415305000000000291e+03 2.681869000000000142e+03 1.253874000000000024e+03 1.698106999999999971e+03 1.206193999999999988e+02 3.188291999999999859e+01
9.053813000000000102e+03 5.117787000000000262e+03 3.494842000000000098e+03 1.879498000000000047e+03 1.302097999999999956e+03 7.174202999999999975e+02 3.647939000000000078e+02 1.206193999999999988e+02 2.202856999999999914e+02 6.070152000000000214e+00
1.125484999999999900e+03 7.307925000000000182e+02 3.911680999999999813e+02 3.520532000000000039e+02 2.093754000000000133e+02 1.020580999999999960e+02 4.583218000000000103e+01 3.188291999999999859e+01 6.070152000000000214e+00 2.862367000000000061e+01
