2.426054000000000000e+06 1.382394000000000000e+06 8.672449000000000233e+05 5.106709000000000233e+05 3.129750999999999767e+05 1.518475000000000000e+05 7.339219000000000233e+04 2.746665999999999985e+04 7.347777000000000044e+03 8.349909999999999854e+02
1.382394000000000000e+06 1.111666000000000000e+06 5.780056999999999534e+05 3.431367000000000116e+05 2.127277000000000116e+05 1.034096999999999971e+05 4.740029000000000087e+04 1.640629000000000087e+04 4.476188000000000102e+03 6.456506000000000540e+02
8.672449000000000233e+05 5.780056999999999534e+05 4.618355000000000000e+05 2.094672000000000116e+05 1.310936000000000058e+05 6.396769999999999709e+04 3.166338000000000102e+04 1.029689999999999964e+04 2.620280000000000200e+03 3.375971999999999866e+02
5.106709000000000233e+05 3.431367000000000116e+05 2.094672000000000116e+05 1.865897999999999884e+05 8.280633999999999651e+04 3.775933000000000175e+04 1.862045999999999913e+04 6.538527000000000044e+03 1.443669000000000096e+03 2.336442999999999870e+02
3.129750999999999767e+05 2.127277000000000116e+05 1.310936000000000058e+05 8.280633999999999651e+04 7.591755999999999767e+04 2.606208000000000175e+04 1.166718000000000029e+04 4.190929000000000087e+03 1.081218000000000075e+03 1.778628999999999962e+02
1.518475000000000000e+05 1.034096999999999971e+05 6.396769999999999709e+04 3.775933000000000175e+04 2.606208000000000175e+04 2.347427999999999884e+04 5.964811999999999898e+03 2.270298999999999978e+03 5.507269000000000005e+02 7.457281000000000404e+01
7.339219000000000233e+04 4.740029000000000087e+04 3.166338000000000102e+04 1.862045999999999913e+04 1.166718000000000029e+04 5.964811999999999898e+03 6.522664999999999964e+03 9.830411000000000286e+02 3.291021000000000072e+02 2.468607000000000085e+01
2.746665999999999985e+04 1.640629000000000087e+04 1.029689999999999964e+04 6.538527000000000044e+03 4.190929000000000087e+03 2.270298999999999978e+03 9.830411000000000286e+02 1.523126999999999953e+03 1.032959000000000032e+02 1.833130999999999844e+01
7.347777000000000044e+03 4.476188000000000102e+03 2.620280000000000200e+03 1.443669000000000096e+03 1.081218000000000075e+03 5.507269000000000005e+02 3.291021000000000072e+02 1.032959000000000032e+02 2.692368000000000166e+02 5.419082999999999650e+00
8.349909999999999854e+02 6.456506000000000540e+02 3.375971999999999866e+02 2.336442999999999870e+02 1.778628999999999962e+02 7.457281000000000404e+01 2.468607000000000085e+01 1.833130999999999844e+01 5.419082999999999650e+00 2.317340000000000089e+01
