1.055602000000000000e+06 5.722184000000000233e+05 3.426182000000000116e+05 1.965345000000000000e+05 8.440511999999999534e+04 4.139226999999999680e+04 1.638073999999999978e+04 4.524952000000000226e+03 9.930216000000000349e+02 1.154186999999999941e+01
5.722184000000000233e+05 4.524982000000000116e+05 2.252532999999999884e+05 1.225656000000000058e+05 5.721916999999999825e+04 2.679715000000000146e+04 1.050272999999999956e+04 3.012028999999999996e+03 5.680562999999999647e+02 9.506785999999999959e+00
3.426182000000000116e+05 2.252532999999999884e+05 1.895836000000000058e+05 7.808383000000000175e+04 3.541344000000000233e+04 1.672584000000000015e+04 6.334643000000000029e+03 1.621160000000000082e+03 4.403804000000000087e+02 -7.762153999999999776e+00
1.965345000000000000e+05 1.225656000000000058e+05 7.808383000000000175e+04 6.398775000000000000e+04 2.005520000000000073e+04 9.216004000000000815e+03 3.149384000000000015e+03 9.937038000000000011e+02 3.057921999999999798e+02 -6.869369999999999976e+00
8.440511999999999534e+04 5.721916999999999825e+04 3.541344000000000233e+04 2.005520000000000073e+04 1.955133000000000175e+04 4.842154999999999745e+03 1.590719000000000051e+03 4.367176000000000045e+02 1.023582999999999998e+02 7.627651000000000181e+00
4.139226999999999680e+04 2.679715000000000146e+04 1.672584000000000015e+04 9.216004000000000815e+03 4.842154999999999745e+03 5.790057999999999993e+03 8.936924999999999955e+02 2.392837000000000103e+02 3.407005000000000194e+01 -5.074055000000000426e+00
1.638073999999999978e+04 1.050272999999999956e+04 6.334643000000000029e+03 3.149384000000000015e+03 1.590719000000000051e+03 8.936924999999999955e+02 1.383471999999999980e+03 1.382567999999999984e+02 2.187125999999999948e+01 1.820656000000000052e+00
4.524952000000000226e+03 3.012028999999999996e+03 1.621160000000000082e+03 9.937038000000000011e+02 4.367176000000000045e+02 2.392837000000000103e+02 1.382567999999999984e+02 2.674590000000000032e+02 7.255333000000000254e+00 5.048713999999999702e-01
9.930216000000000349e+02 5.680562999999999647e+02 4.403804000000000087e+02 3.057921999999999798e+02 1.023582999999999998e+02 3.407005000000000194e+01 2.187125999999999948e+01 7.255333000000000254e+00 4.777369999999999806e+01 -8.966826999999999437e-02
1.154186999999999941e+01 9.506785999999999959e+00 -7.762153999999999776e+00 -6.869369999999999976e+00 7.627651000000000181e+00 -5.074055000000000426e+00 1.820656000000000052e+00 5.048713999999999702e-01 -8.966826999999999437e-02 9.960976000000000274e-01
