2.667811000000000000e+06 1.533880000000000000e+06 9.779979000000000233e+05 5.931406999999999534e+05 3.699667999999999884e+05 1.780275000000000000e+05 9.265488999999999942e+04 4.051030000000000291e+04 1.108920999999999913e+04 1.688457000000000107e+03
1.533880000000000000e+06 1.211941000000000000e+06 6.501659000000000233e+05 3.979090999999999767e+05 2.373116000000000058e+05 1.173553999999999942e+05 6.020334999999999854e+04 2.565695000000000073e+04 6.695100999999999658e+03 9.809923999999999751e+02
9.779979000000000233e+05 6.501659000000000233e+05 5.312110999999999767e+05 2.512213999999999942e+05 1.609820000000000000e+05 7.901461000000000058e+04 4.104877999999999884e+04 1.674750000000000000e+04 4.291274000000000342e+03 5.545184000000000424e+02
5.931406999999999534e+05 3.979090999999999767e+05 2.512213999999999942e+05 2.173746000000000058e+05 9.687952999999999884e+04 4.639891000000000349e+04 2.334365999999999985e+04 1.022280999999999949e+04 2.457206999999999880e+03 4.748811999999999784e+02
3.699667999999999884e+05 2.373116000000000058e+05 1.609820000000000000e+05 9.687952999999999884e+04 9.148544000000000233e+04 3.108500000000000000e+04 1.531937999999999920e+04 6.985610999999999876e+03 1.692750000000000000e+03 3.016519000000000119e+02
1.780275000000000000e+05 1.173553999999999942e+05 7.901461000000000058e+04 4.639891000000000349e+04 3.108500000000000000e+04 2.768816999999999825e+04 7.780597999999999956e+03 3.446108000000000175e+03 9.836531999999999698e+02 1.273659999999999997e+02
9.265488999999999942e+04 6.020334999999999854e+04 4.104877999999999884e+04 2.334365999999999985e+04 1.531937999999999920e+04 7.780597999999999956e+03 8.871380999999999403e+03 1.662262999999999920e+03 4.758500000000000227e+02 9.621406000000000347e+01
4.051030000000000291e+04 2.565695000000000073e+04 1.674750000000000000e+04 1.022280999999999949e+04 6.985610999999999876e+03 3.446108000000000175e+03 1.662262999999999920e+03 2.242579999999999927e+03 1.890674999999999955e+02 3.562559999999999860e+01
1.108920999999999913e+04 6.695100999999999658e+03 4.291274000000000342e+03 2.457206999999999880e+03 1.692750000000000000e+03 9.836531999999999698e+02 4.758500000000000227e+02 1.890674999999999955e+02 3.811292000000000257e+02 -4.226104999999999556e+00
1.688457000000000107e+03 9.809923999999999751e+02 5.545184000000000424e+02 4.748811999999999784e+02 3.016519000000000119e+02 1.273659999999999997e+02 9.621406000000000347e+01 3.562559999999999860e+01 -4.226104999999999556e+00 6.097247999999999735e+01
