1.259145000000000000e+06 7.056505000000000000e+05 4.289060999999999767e+05 2.544311000000000058e+05 1.214556999999999971e+05 5.961879000000000087e+04 2.582824000000000160e+04 7.288421000000000276e+03 1.749357999999999947e+03 1.932935999999999979e+02
7.056505000000000000e+05 5.747390999999999767e+05 2.866977000000000116e+05 1.655902999999999884e+05 8.087444999999999709e+04 4.155630000000000291e+04 1.705679999999999927e+04 5.315362000000000080e+03 1.026008000000000038e+03 1.544711000000000070e+02
4.289060999999999767e+05 2.866977000000000116e+05 2.414158999999999942e+05 1.029088000000000029e+05 5.221275000000000000e+04 2.416629999999999927e+04 1.054417000000000007e+04 2.966402000000000044e+03 5.799587999999999965e+02 7.100167999999999324e+01
2.544311000000000058e+05 1.655902999999999884e+05 1.029088000000000029e+05 8.705252000000000407e+04 3.107143000000000029e+04 1.498113999999999942e+04 5.663323000000000320e+03 1.651377999999999929e+03 4.372692999999999870e+02 5.008948000000000178e+01
1.214556999999999971e+05 8.087444999999999709e+04 5.221275000000000000e+04 3.107143000000000029e+04 2.824518000000000029e+04 8.182559000000000196e+03 2.944818999999999960e+03 8.492111999999999625e+02 1.099254999999999995e+02 3.090046999999999855e+01
5.961879000000000087e+04 4.155630000000000291e+04 2.416629999999999927e+04 1.498113999999999942e+04 8.182559000000000196e+03 9.210847999999999956e+03 1.801532999999999902e+03 5.225652999999999793e+02 1.094577000000000027e+02 1.223386999999999958e+01
2.582824000000000160e+04 1.705679999999999927e+04 1.054417000000000007e+04 5.663323000000000320e+03 2.944818999999999960e+03 1.801532999999999902e+03 2.228380999999999858e+03 2.047127000000000123e+02 3.677179000000000286e+01 4.257293999999999912e+00
7.288421000000000276e+03 5.315362000000000080e+03 2.966402000000000044e+03 1.651377999999999929e+03 8.492111999999999625e+02 5.225652999999999793e+02 2.047127000000000123e+02 4.443004000000000246e+02 2.371921000000000035e+01 2.892776000000000014e+00
1.749357999999999947e+03 1.026008000000000038e+03 5.799587999999999965e+02 4.372692999999999870e+02 1.099254999999999995e+02 1.094577000000000027e+02 3.677179000000000286e+01 2.371921000000000035e+01 8.470923000000000513e+01 -6.861572000000000227e-01
1.932935999999999979e+02 1.544711000000000070e+02 7.100167999999999324e+01 5.008948000000000178e+01 3.090046999999999855e+01 1.223386999999999958e+01 4.257293999999999912e+00 2.892776000000000014e+00 -6.861572000000000227e-01 3.960999000000000159e+00
