5.684577000000000226e+03 9.897174999999999727e+02 6.305063999999999851e+02 4.228054000000000201e+02 1.060737000000000023e+02 1.095181000000000040e+02 3.772109999999999985e+01 2.284202000000000155e+01 1.744828000000000046e+01 -7.290421000000000262e-01
9.897174999999999727e+02 2.726146999999999935e+03 3.284879999999999995e+02 8.116147999999999740e+01 9.185150000000000148e+01 1.082237999999999971e+02 2.992191000000000045e+00 4.171523999999999788e-01 1.415784000000000020e+01 -4.502907000000000437e+00
6.305063999999999851e+02 3.284879999999999995e+02 1.458893000000000029e+03 1.624087000000000103e+02 8.049872000000000583e+01 5.903096000000000032e+01 -4.093552000000000302e-02 8.760201000000000349e+00 1.087519999999999953e+01 2.249503999999999948e+00
4.228054000000000201e+02 8.116147999999999740e+01 1.624087000000000103e+02 7.781959000000000515e+02 7.173462000000000671e+01 2.146581000000000117e+01 6.245589999999999975e+00 8.265076000000000089e-01 -1.489273000000000069e+00 1.543854000000000060e+00
1.060737000000000023e+02 9.185150000000000148e+01 8.049872000000000583e+01 7.173462000000000671e+01 3.627900000000000205e+02 1.974260999999999910e+01 1.874456999999999951e+01 -1.185181000000000040e+00 5.769957999999999920e+00 6.861572000000000227e-01
1.095181000000000040e+02 1.082237999999999971e+02 5.903096000000000032e+01 2.146581000000000117e+01 1.974260999999999910e+01 1.609487000000000023e+02 -3.666653000000000162e+00 4.191017000000000436e+00 1.364516999999999987e-02 -5.419083000000000094e-01
3.772109999999999985e+01 2.992191000000000045e+00 -4.093552000000000302e-02 6.245589999999999975e+00 1.874456999999999951e+01 -3.666653000000000162e+00 4.330393000000000114e+01 1.820656000000000052e+00 7.602309999999999623e-02 -1.676407000000000036e-01
2.284202000000000155e+01 4.171523999999999788e-01 8.760201000000000349e+00 8.265076000000000089e-01 -1.185181000000000040e+00 4.191017000000000436e+00 1.820656000000000052e+00 1.359059000000000061e+01 -3.001938000000000106e-01 -5.458069000000000115e-02
1.744828000000000046e+01 1.415784000000000020e+01 1.087519999999999953e+01 -1.489273000000000069e+00 5.769957999999999920e+00 1.364516999999999987e-02 7.602309999999999623e-02 -3.001938000000000106e-01 1.074264999999999937e+01 -4.288482999999999878e-02
-7.290421000000000262e-01 -4.502907000000000437e+00 2.249503999999999948e+00 1.543854000000000060e+00 6.861572000000000227e-01 -5.419083000000000094e-01 -1.676407000000000036e-01 -5.458069000000000115e-02 -4.288482999999999878e-02 1.988296999999999981e+00
