1.757758000000000000e+06 9.794154000000000233e+05 6.280768000000000466e+05 3.966605000000000000e+05 2.376561000000000058e+05 1.115768999999999942e+05 5.386058999999999651e+04 2.003136999999999898e+04 5.397895999999999731e+03 1.118364000000000033e+03
9.794154000000000233e+05 7.815108000000000466e+05 4.043024000000000233e+05 2.556450000000000000e+05 1.539832999999999884e+05 7.233896000000000640e+04 3.356169000000000233e+04 1.311513999999999942e+04 2.747193999999999960e+03 7.622037000000000262e+02
6.280768000000000466e+05 4.043024000000000233e+05 3.494930999999999767e+05 1.723051000000000058e+05 1.018253000000000029e+05 4.679443000000000029e+04 2.204483000000000175e+04 8.885188000000000102e+03 1.915519000000000005e+03 4.778636999999999944e+02
3.966605000000000000e+05 2.556450000000000000e+05 1.723051000000000058e+05 1.475713999999999942e+05 6.553869000000000233e+04 3.051499000000000160e+04 1.358506999999999971e+04 5.409604999999999563e+03 1.420840999999999894e+03 2.505681999999999903e+02
2.376561000000000058e+05 1.539832999999999884e+05 1.018253000000000029e+05 6.553869000000000233e+04 6.220240000000000146e+04 1.780966999999999825e+04 8.461841000000000349e+03 3.594195000000000164e+03 9.474486000000000558e+02 1.975099999999999909e+02
1.115768999999999942e+05 7.233896000000000640e+04 4.679443000000000029e+04 3.051499000000000160e+04 1.780966999999999825e+04 1.796756000000000131e+04 4.550367000000000189e+03 1.790315000000000055e+03 4.415362999999999829e+02 7.391200000000000614e+01
5.386058999999999651e+04 3.356169000000000233e+04 2.204483000000000175e+04 1.358506999999999971e+04 8.461841000000000349e+03 4.550367000000000189e+03 5.266488999999999578e+03 8.034569999999999936e+02 1.847030000000000030e+02 3.527667000000000286e+01
2.003136999999999898e+04 1.311513999999999942e+04 8.885188000000000102e+03 5.409604999999999563e+03 3.594195000000000164e+03 1.790315000000000055e+03 8.034569999999999936e+02 1.311571999999999889e+03 1.064967000000000041e+02 2.917923000000000044e+01
5.397895999999999731e+03 2.747193999999999960e+03 1.915519000000000005e+03 1.420840999999999894e+03 9.474486000000000558e+02 4.415362999999999829e+02 1.847030000000000030e+02 1.064967000000000041e+02 2.454707999999999970e+02 4.910313000000000372e+00
1.118364000000000033e+03 7.622037000000000262e+02 4.778636999999999944e+02 2.505681999999999903e+02 1.975099999999999909e+02 7.391200000000000614e+01 3.527667000000000286e+01 2.917923000000000044e+01 4.910313000000000372e+00 4.530002000000000351e+01
