1.107506999999999971e+05 4.993047000000000116e+04 3.000583000000000175e+04 1.677497999999999956e+04 7.045439000000000306e+03 3.920070999999999913e+03 1.496500999999999976e+03 5.449335999999999558e+02 1.536680000000000064e+02 1.733639000000000010e+02
4.993047000000000116e+04 5.389540000000000146e+04 1.687095000000000073e+04 9.770658999999999651e+03 4.349903000000000247e+03 2.668416999999999916e+03 9.109030000000000200e+02 2.956714000000000055e+02 8.863124000000000535e+01 9.346162999999999954e+01
3.000583000000000175e+04 1.687095000000000073e+04 2.268018000000000029e+04 6.662335000000000036e+03 3.165253000000000156e+03 1.699655999999999949e+03 6.255551000000000386e+02 2.467670999999999992e+02 4.010121000000000180e+01 5.559823000000000093e+01
1.677497999999999956e+04 9.770658999999999651e+03 6.662335000000000036e+03 9.551494000000000597e+03 1.793874000000000024e+03 1.032275000000000091e+03 2.920203000000000202e+02 1.579408999999999992e+02 5.532142999999999944e+01 3.251838999999999658e+01
7.045439000000000306e+03 4.349903000000000247e+03 3.165253000000000156e+03 1.793874000000000024e+03 3.207237000000000080e+03 4.424719999999999800e+02 8.917900000000000205e+01 5.564110999999999763e+01 4.093551999999999857e+00 1.194147000000000070e+01
3.920070999999999913e+03 2.668416999999999916e+03 1.699655999999999949e+03 1.032275000000000091e+03 4.424719999999999800e+02 1.413512999999999920e+03 1.227109999999999985e+02 5.314600000000000080e+01 6.354752000000000400e+00 9.968773000000000550e+00
1.496500999999999976e+03 9.109030000000000200e+02 6.255551000000000386e+02 2.920203000000000202e+02 8.917900000000000205e+01 1.227109999999999985e+02 4.356455000000000268e+02 6.237792999999999921e+00 7.040909000000000084e+00 6.506797999999999860e+00
5.449335999999999558e+02 2.956714000000000055e+02 2.467670999999999992e+02 1.579408999999999992e+02 5.564110999999999763e+01 5.314600000000000080e+01 6.237792999999999921e+00 1.377305000000000064e+02 0.000000000000000000e+00 2.495117000000000029e+00
1.536680000000000064e+02 8.863124000000000535e+01 4.010121000000000180e+01 5.532142999999999944e+01 4.093551999999999857e+00 6.354752000000000400e+00 7.040909000000000084e+00 0.000000000000000000e+00 3.040924000000000049e+01 4.522399999999999753e-01
1.733639000000000010e+02 9.346162999999999954e+01 5.559823000000000093e+01 3.251838999999999658e+01 1.194147000000000070e+01 9.968773000000000550e+00 6.506797999999999860e+00 2.495117000000000029e+00 4.522399999999999753e-01 9.785538000000000736e+00
