-3.881559306181765756e-02 8.982025338381497415e-01 -1.116519332320335123e-01 -3.332486390763006456e-01 6.830694804752288074e-02 2.434508385481961579e-01 -6.534981530154070073e-02
7.200691245824685227e-01 -1.692336115741711333e-01 -5.797667515175448649e-01 -2.713535495801277508e-01 2.023343279737573885e-01 3.784298230810476810e-02 -2.696171202088094160e-02
5.270566221977447674e-02 -2.536798194868717382e-01 5.818178573485381921e-01 -6.744242733124266032e-01 3.196215558586744665e-01 1.782932086735714017e-01 -7.457972622504971394e-02
-6.887512976883698457e-01 -2.556241715265452075e-01 -5.578993382605479390e-01 -3.453697198481391895e-01 1.622447699983219915e-01 5.191205508818194647e-02 -2.697760161927585318e-02
-9.042014671150495550e-03 1.532608064758410327e-01 2.540470391256847288e-02 -2.224644948038329295e-01 8.320675500700579208e-02 -9.373240579295246677e-01 -2.019746595183248006e-01
5.249472835081887140e-02 -8.766169707000615041e-02 -2.961536590118745566e-02 -4.159493929820928249e-01 -9.031389977925663448e-01 2.609364228668897053e-03 1.380154740613347532e-03
3.378267586428353479e-04 6.100473016042792795e-02 1.087198237651330543e-02 -1.366744412558023036e-01 5.770842917595035704e-02 -1.619662613708904575e-01 9.736102265575145021e-01
