1.187908000000000000e+06 6.520193000000000466e+05 4.120602000000000116e+05 2.426927999999999884e+05 1.407658999999999942e+05 7.450719000000000233e+04 2.820050999999999840e+04 1.187979999999999927e+04 3.060480000000000018e+03 4.617837999999999852e+02
6.520193000000000466e+05 5.333253000000000466e+05 2.592672000000000116e+05 1.648737999999999884e+05 9.059572000000000116e+04 4.843520999999999913e+04 1.921900999999999840e+04 8.536122999999999593e+03 1.747861000000000104e+03 3.361546999999999912e+02
4.120602000000000116e+05 2.592672000000000116e+05 2.348497000000000116e+05 1.007888000000000029e+05 6.084002999999999884e+04 2.837322999999999956e+04 1.135881999999999971e+04 5.308123999999999796e+03 1.516648999999999887e+03 1.329117999999999995e+02
2.426927999999999884e+05 1.648737999999999884e+05 1.007888000000000029e+05 9.751550999999999476e+04 3.707659999999999854e+04 1.944170000000000073e+04 7.221885000000000218e+03 3.496981000000000222e+03 7.153423000000000229e+02 1.012237999999999971e+02
1.407658999999999942e+05 9.059572000000000116e+04 6.084002999999999884e+04 3.707659999999999854e+04 3.611406999999999971e+04 1.175050000000000000e+04 4.517475999999999658e+03 1.976967000000000098e+03 5.472884000000000242e+02 8.842072000000000287e+01
7.450719000000000233e+04 4.843520999999999913e+04 2.837322999999999956e+04 1.944170000000000073e+04 1.175050000000000000e+04 1.287280999999999949e+04 2.354641999999999825e+03 1.058429000000000087e+03 2.774569999999999936e+02 3.792578000000000316e+01
2.820050999999999840e+04 1.921900999999999840e+04 1.135881999999999971e+04 7.221885000000000218e+03 4.517475999999999658e+03 2.354641999999999825e+03 3.412818999999999960e+03 4.012343000000000188e+02 1.124752000000000010e+02 3.089266999999999896e+01
1.187979999999999927e+04 8.536122999999999593e+03 5.308123999999999796e+03 3.496981000000000222e+03 1.976967000000000098e+03 1.058429000000000087e+03 4.012343000000000188e+02 9.699066000000000258e+02 4.895107999999999748e+01 2.463928000000000118e+00
3.060480000000000018e+03 1.747861000000000104e+03 1.516648999999999887e+03 7.153423000000000229e+02 5.472884000000000242e+02 2.774569999999999936e+02 1.124752000000000010e+02 4.895107999999999748e+01 1.621513999999999953e+02 1.684204000000000034e+00
4.617837999999999852e+02 3.361546999999999912e+02 1.329117999999999995e+02 1.012237999999999971e+02 8.842072000000000287e+01 3.792578000000000316e+01 3.089266999999999896e+01 2.463928000000000118e+00 1.684204000000000034e+00 2.482641999999999882e+01
