1.350736000000000000e+06 7.709203000000000466e+05 4.861582999999999884e+05 3.144850999999999767e+05 1.716872999999999884e+05 9.072363999999999942e+04 4.183908999999999651e+04 1.762161000000000058e+04 4.823926999999999680e+03 7.612525000000000546e+02
7.709203000000000466e+05 6.503351999999999534e+05 3.314297000000000116e+05 2.076072000000000116e+05 1.175220000000000000e+05 6.409680999999999767e+04 2.781131000000000131e+04 1.098255999999999949e+04 3.173273999999999887e+03 3.754995000000000118e+02
4.861582999999999884e+05 3.314297000000000116e+05 2.959264000000000233e+05 1.359745000000000000e+05 8.063760000000000582e+04 3.947905000000000291e+04 1.900777000000000044e+04 7.905341999999999643e+03 1.985739000000000033e+03 9.943041999999999803e+01
3.144850999999999767e+05 2.076072000000000116e+05 1.359745000000000000e+05 1.287340000000000000e+05 5.045147000000000116e+04 2.622700999999999840e+04 1.152182999999999993e+04 5.408814000000000306e+03 1.364002999999999929e+03 2.130049999999999955e+02
1.716872999999999884e+05 1.175220000000000000e+05 8.063760000000000582e+04 5.045147000000000116e+04 4.782533999999999651e+04 1.523988999999999942e+04 7.287997999999999593e+03 3.099306000000000040e+03 8.098449000000000524e+02 1.225648000000000053e+02
9.072363999999999942e+04 6.409680999999999767e+04 3.947905000000000291e+04 2.622700999999999840e+04 1.523988999999999942e+04 1.623485000000000036e+04 3.944581000000000131e+03 1.637226000000000113e+03 4.673199000000000183e+02 7.483791999999999689e+01
4.183908999999999651e+04 2.781131000000000131e+04 1.900777000000000044e+04 1.152182999999999993e+04 7.287997999999999593e+03 3.944581000000000131e+03 5.227783000000000357e+03 6.617246000000000095e+02 1.912273000000000138e+02 6.559819000000000244e+01
1.762161000000000058e+04 1.098255999999999949e+04 7.905341999999999643e+03 5.408814000000000306e+03 3.099306000000000040e+03 1.637226000000000113e+03 6.617246000000000095e+02 1.333133000000000038e+03 1.216213999999999942e+02 3.602324999999999999e+00
4.823926999999999680e+03 3.173273999999999887e+03 1.985739000000000033e+03 1.364002999999999929e+03 8.098449000000000524e+02 4.673199000000000183e+02 1.912273000000000138e+02 1.216213999999999942e+02 2.419952000000000112e+02 -5.021423000000000414e+00
7.612525000000000546e+02 3.754995000000000118e+02 9.943041999999999803e+01 2.130049999999999955e+02 1.225648000000000053e+02 7.483791999999999689e+01 6.559819000000000244e+01 3.602324999999999999e+00 -5.021423000000000414e+00 3.539947999999999695e+01
