5.604635000000000000e+05 2.806390000000000000e+05 1.669778999999999942e+05 9.189361999999999534e+04 4.639334999999999854e+04 2.373525000000000000e+04 7.753940999999999804e+03 2.086668000000000120e+03 4.287760999999999854e+02 -1.347948000000000057e+01
2.806390000000000000e+05 2.364990000000000000e+05 1.077143999999999942e+05 6.071290000000000146e+04 3.048465000000000146e+04 1.341287000000000080e+04 4.801492000000000189e+03 1.425906999999999925e+03 3.986086000000000240e+02 -1.339175999999999922e+00
1.669778999999999942e+05 1.077143999999999942e+05 9.636210000000000582e+04 3.500394000000000233e+04 1.945288999999999942e+04 9.394700999999999112e+03 2.829286999999999807e+03 9.209827999999999975e+02 2.493362999999999943e+02 -7.840125999999999706e+00
9.189361999999999534e+04 6.071290000000000146e+04 3.500394000000000233e+04 3.552473999999999796e+04 1.087239999999999964e+04 4.360579999999999927e+03 1.726662000000000035e+03 6.699057999999999993e+02 1.512450000000000045e+02 3.353399000000000285e+01
4.639334999999999854e+04 3.048465000000000146e+04 1.945288999999999942e+04 1.087239999999999964e+04 1.231202000000000044e+04 3.072728999999999814e+03 7.470653999999999542e+02 3.988639999999999759e+02 1.053212000000000046e+02 2.561393999999999949e+00
2.373525000000000000e+04 1.341287000000000080e+04 9.394700999999999112e+03 4.360579999999999927e+03 3.072728999999999814e+03 3.674177000000000135e+03 5.377874000000000478e+02 8.142269000000000290e+01 3.976203000000000287e+01 -2.456131000000000009e-01
7.753940999999999804e+03 4.801492000000000189e+03 2.829286999999999807e+03 1.726662000000000035e+03 7.470653999999999542e+02 5.377874000000000478e+02 9.779592000000000098e+02 4.980293000000000347e+01 2.033325999999999922e+01 5.038967000000000418e+00
2.086668000000000120e+03 1.425906999999999925e+03 9.209827999999999975e+02 6.699057999999999993e+02 3.988639999999999759e+02 8.142269000000000290e+01 4.980293000000000347e+01 2.036463999999999999e+02 4.391796000000000255e+00 1.150092999999999949e-01
4.287760999999999854e+02 3.986086000000000240e+02 2.493362999999999943e+02 1.512450000000000045e+02 1.053212000000000046e+02 3.976203000000000287e+01 2.033325999999999922e+01 4.391796000000000255e+00 3.480494000000000199e+01 -4.502906999999999882e-01
-1.347948000000000057e+01 -1.339175999999999922e+00 -7.840125999999999706e+00 3.353399000000000285e+01 2.561393999999999949e+00 -2.456131000000000009e-01 5.038967000000000418e+00 1.150092999999999949e-01 -4.502906999999999882e-01 6.890812000000000381e+00
