9.562305999999999767e+05 4.991070999999999767e+05 3.125059000000000233e+05 1.877377999999999884e+05 9.502069000000000233e+04 4.977770999999999913e+04 2.165527999999999884e+04 8.189832000000000335e+03 1.661592000000000098e+03 2.767085000000000150e+02
4.991070999999999767e+05 4.273077000000000116e+05 2.039683999999999942e+05 1.173596999999999971e+05 6.444615000000000146e+04 3.157833000000000175e+04 1.383482999999999993e+04 6.161176999999999680e+03 9.337663999999999760e+02 1.419721999999999866e+02
3.125059000000000233e+05 2.039683999999999942e+05 1.758527000000000116e+05 7.626296000000000640e+04 4.044172000000000116e+04 2.016270999999999913e+04 8.026288999999999760e+03 3.482382000000000062e+03 8.390493999999999915e+02 1.033914000000000044e+02
1.877377999999999884e+05 1.173596999999999971e+05 7.626296000000000640e+04 7.451927999999999884e+04 2.542588999999999942e+04 1.202787999999999920e+04 5.048429000000000087e+03 2.192126000000000204e+03 4.614757999999999925e+02 9.690411000000000286e+01
9.502069000000000233e+04 6.444615000000000146e+04 4.044172000000000116e+04 2.542588999999999942e+04 2.527418999999999869e+04 7.184425000000000182e+03 3.160327000000000226e+03 1.237736000000000104e+03 3.277842999999999734e+02 4.812456999999999852e+01
4.977770999999999913e+04 3.157833000000000175e+04 2.016270999999999913e+04 1.202787999999999920e+04 7.184425000000000182e+03 8.529183999999999287e+03 1.560539999999999964e+03 4.790781000000000063e+02 1.186740000000000066e+02 2.669774999999999920e+01
2.165527999999999884e+04 1.383482999999999993e+04 8.026288999999999760e+03 5.048429000000000087e+03 3.160327000000000226e+03 1.560539999999999964e+03 2.427554000000000087e+03 2.650944999999999823e+02 6.793735999999999819e+01 1.166466999999999921e+01
8.189832000000000335e+03 6.161176999999999680e+03 3.482382000000000062e+03 2.192126000000000204e+03 1.237736000000000104e+03 4.790781000000000063e+02 2.650944999999999823e+02 6.707166999999999462e+02 3.438194000000000017e+01 -1.216369999999999951e+00
1.661592000000000098e+03 9.337663999999999760e+02 8.390493999999999915e+02 4.614757999999999925e+02 3.277842999999999734e+02 1.186740000000000066e+02 6.793735999999999819e+01 3.438194000000000017e+01 9.137587000000000614e+01 3.118895999999999891e-01
2.767085000000000150e+02 1.419721999999999866e+02 1.033914000000000044e+02 9.690411000000000286e+01 4.812456999999999852e+01 2.669774999999999920e+01 1.166466999999999921e+01 -1.216369999999999951e+00 3.118895999999999891e-01 1.746582000000000079e+01
