1.734141000000000000e+06 9.756369000000000233e+05 6.135141999999999534e+05 3.829402999999999884e+05 2.170558999999999942e+05 1.187796999999999971e+05 5.629272000000000116e+04 2.050972999999999956e+04 6.780735999999999876e+03 5.450428000000000566e+02
9.756369000000000233e+05 7.964766999999999534e+05 4.077167999999999884e+05 2.581515000000000000e+05 1.481017999999999884e+05 7.727975999999999476e+04 3.460776999999999680e+04 1.328957999999999993e+04 3.759389000000000124e+03 5.049492999999999654e+01
6.135141999999999534e+05 4.077167999999999884e+05 3.465367999999999884e+05 1.661837999999999884e+05 9.542013999999999942e+04 5.146498000000000320e+04 2.287318000000000029e+04 8.577297000000000480e+03 2.616195000000000164e+03 1.169741999999999962e+02
3.829402999999999884e+05 2.581515000000000000e+05 1.661837999999999884e+05 1.523507999999999884e+05 6.376376000000000204e+04 3.343398999999999796e+04 1.511135000000000036e+04 6.012537999999999556e+03 1.873501999999999953e+03 1.471807000000000016e+02
2.170558999999999942e+05 1.481017999999999884e+05 9.542013999999999942e+04 6.376376000000000204e+04 5.838252999999999884e+04 1.803068000000000029e+04 8.626834999999999127e+03 3.294034000000000106e+03 1.111166999999999916e+03 6.791397000000000617e+01
1.187796999999999971e+05 7.727975999999999476e+04 5.146498000000000320e+04 3.343398999999999796e+04 1.803068000000000029e+04 2.063677000000000044e+04 5.218692000000000007e+03 1.982476000000000113e+03 5.923700999999999794e+02 2.849111999999999867e+01
5.629272000000000116e+04 3.460776999999999680e+04 2.287318000000000029e+04 1.511135000000000036e+04 8.626834999999999127e+03 5.218692000000000007e+03 6.060793999999999869e+03 8.761408999999999878e+02 3.026870000000000118e+02 4.645595999999999748e+01
2.050972999999999956e+04 1.328957999999999993e+04 8.577297000000000480e+03 6.012537999999999556e+03 3.294034000000000106e+03 1.982476000000000113e+03 8.761408999999999878e+02 1.554636999999999944e+03 1.278552999999999997e+02 1.294341999999999970e+01
6.780735999999999876e+03 3.759389000000000124e+03 2.616195000000000164e+03 1.873501999999999953e+03 1.111166999999999916e+03 5.923700999999999794e+02 3.026870000000000118e+02 1.278552999999999997e+02 2.434278999999999940e+02 2.541901000000000188e+00
5.450428000000000566e+02 5.049492999999999654e+01 1.169741999999999962e+02 1.471807000000000016e+02 6.791397000000000617e+01 2.849111999999999867e+01 4.645595999999999748e+01 1.294341999999999970e+01 2.541901000000000188e+00 3.879907000000000039e+01
