2.123683000000000000e+06 1.190694000000000000e+06 7.535991999999999534e+05 4.571025999999999767e+05 2.531752000000000116e+05 1.409022000000000116e+05 5.943755000000000291e+04 1.919300999999999840e+04 6.275055999999999585e+03 9.077703999999999951e+02
1.190694000000000000e+06 9.547430999999999767e+05 5.060255000000000000e+05 3.018000999999999767e+05 1.746331000000000058e+05 9.243419999999999709e+04 3.938558000000000175e+04 1.166177000000000044e+04 4.718047999999999774e+03 1.427830999999999904e+02
7.535991999999999534e+05 5.060255000000000000e+05 4.207329000000000233e+05 1.970670000000000000e+05 1.131648999999999942e+05 6.220263999999999942e+04 2.599627000000000044e+04 7.990762999999999920e+03 2.998114999999999782e+03 1.218201999999999998e+02
4.571025999999999767e+05 3.018000999999999767e+05 1.970670000000000000e+05 1.701510000000000000e+05 7.023124000000000524e+04 3.688391999999999825e+04 1.665952999999999884e+04 5.131525999999999840e+03 1.892720000000000027e+03 1.429740999999999929e+02
2.531752000000000116e+05 1.746331000000000058e+05 1.131648999999999942e+05 7.023124000000000524e+04 6.234934999999999854e+04 2.078327000000000044e+04 9.957727999999999156e+03 3.035313999999999851e+03 1.115391000000000076e+03 1.088729000000000013e+02
1.409022000000000116e+05 9.243419999999999709e+04 6.220263999999999942e+04 3.688391999999999825e+04 2.078327000000000044e+04 2.237991999999999825e+04 5.526390000000000327e+03 1.787063000000000102e+03 7.243578999999999724e+02 5.198031000000000290e+01
5.943755000000000291e+04 3.938558000000000175e+04 2.599627000000000044e+04 1.665952999999999884e+04 9.957727999999999156e+03 5.526390000000000327e+03 6.152707999999999629e+03 9.033434999999999491e+02 2.754511999999999716e+02 1.866270000000000095e+01
1.919300999999999840e+04 1.166177000000000044e+04 7.990762999999999920e+03 5.131525999999999840e+03 3.035313999999999851e+03 1.787063000000000102e+03 9.033434999999999491e+02 1.272413999999999987e+03 1.130853000000000037e+02 1.561397999999999975e+01
6.275055999999999585e+03 4.718047999999999774e+03 2.998114999999999782e+03 1.892720000000000027e+03 1.115391000000000076e+03 7.243578999999999724e+02 2.754511999999999716e+02 1.130853000000000037e+02 2.167769999999999868e+02 -3.898621000000000118e-03
9.077703999999999951e+02 1.427830999999999904e+02 1.218201999999999998e+02 1.429740999999999929e+02 1.088729000000000013e+02 5.198031000000000290e+01 1.866270000000000095e+01 1.561397999999999975e+01 -3.898621000000000118e-03 2.662757999999999825e+01
