7.359321999999999534e+05 3.733355000000000000e+05 2.292272000000000116e+05 1.367172000000000116e+05 6.922782000000000698e+04 3.643822000000000116e+04 1.386151000000000022e+04 4.729899999999999636e+03 1.049773999999999887e+03 7.284767999999999688e+01
3.733355000000000000e+05 3.190610999999999767e+05 1.468987000000000116e+05 8.680516999999999825e+04 4.386816999999999825e+04 2.220377000000000044e+04 7.538863999999999578e+03 3.116744000000000142e+03 7.082857999999999947e+02 6.856309000000000253e+01
2.292272000000000116e+05 1.468987000000000116e+05 1.338551000000000058e+05 5.539325000000000000e+04 2.572695999999999913e+04 1.469720000000000073e+04 5.068525999999999840e+03 1.859767000000000053e+03 5.658458000000000538e+02 2.118316000000000088e+01
1.367172000000000116e+05 8.680516999999999825e+04 5.539325000000000000e+04 5.224123999999999796e+04 1.693236999999999898e+04 7.735581000000000131e+03 3.413726000000000113e+03 1.256665999999999940e+03 2.884979000000000156e+02 5.999976999999999805e+01
6.922782000000000698e+04 4.386816999999999825e+04 2.572695999999999913e+04 1.693236999999999898e+04 1.839004000000000087e+04 4.531078000000000429e+03 1.642808999999999969e+03 6.267422000000000253e+02 2.193052000000000135e+02 1.029430999999999941e+01
3.643822000000000116e+04 2.220377000000000044e+04 1.469720000000000073e+04 7.735581000000000131e+03 4.531078000000000429e+03 6.457332000000000335e+03 8.445036000000000058e+02 3.374646000000000186e+02 1.273134000000000015e+02 1.664711000000000141e+01
1.386151000000000022e+04 7.538863999999999578e+03 5.068525999999999840e+03 3.413726000000000113e+03 1.642808999999999969e+03 8.445036000000000058e+02 1.594098999999999933e+03 1.011770000000000067e+02 2.513831000000000060e+01 1.847946000000000089e+00
4.729899999999999636e+03 3.116744000000000142e+03 1.859767000000000053e+03 1.256665999999999940e+03 6.267422000000000253e+02 3.374646000000000186e+02 1.011770000000000067e+02 4.386415999999999826e+02 1.272509999999999941e+01 1.528259000000000034e+00
1.049773999999999887e+03 7.082857999999999947e+02 5.658458000000000538e+02 2.884979000000000156e+02 2.193052000000000135e+02 1.273134000000000015e+02 2.513831000000000060e+01 1.272509999999999941e+01 5.576586999999999961e+01 1.013641000000000014e+00
7.284767999999999688e+01 6.856309000000000253e+01 2.118316000000000088e+01 5.999976999999999805e+01 1.029430999999999941e+01 1.664711000000000141e+01 1.847946000000000089e+00 1.528259000000000034e+00 1.013641000000000014e+00 8.824528000000000816e+00
