1.016289999999999964e+03 5.133704000000000178e+01 8.578135000000000332e+01 3.751057999999999737e+01 1.565490999999999921e+01 2.358665000000000067e-01 8.615952000000000055e+00 -9.921988999999999947e-01 6.023368999999999529e-01 -5.964890000000000470e-01
5.133704000000000178e+01 6.447382999999999811e+02 3.231177000000000277e+01 1.615587999999999980e+01 5.426879999999999704e+00 -4.927856000000000236e+00 3.243651999999999980e+00 -3.118895999999999891e-01 4.803100999999999843e+00 -1.247559000000000029e-01
8.578135000000000332e+01 3.231177000000000277e+01 3.398894999999999982e+02 1.658862999999999843e+01 1.148922999999999917e+01 -3.037024999999999864e+00 6.690032999999999674e+00 2.085761999999999894e+00 1.251457000000000042e+00 -1.637421000000000015e-01
3.751057999999999737e+01 1.615587999999999980e+01 1.658862999999999843e+01 1.545550000000000068e+02 6.602313999999999794e+00 -2.500964999999999883e+00 -1.582840000000000025e+00 2.461978999999999917e+00 2.076014999999999944e+00 5.376197999999999588e+00
1.565490999999999921e+01 5.426879999999999704e+00 1.148922999999999917e+01 6.602313999999999794e+00 7.843829999999999814e+01 5.789452000000000487e-01 2.003890999999999867e+00 -7.114983000000000279e-01 -4.268989999999999729e-01 -2.845992999999999995e-01
2.358665000000000067e-01 -4.927856000000000236e+00 -3.037024999999999864e+00 -2.500964999999999883e+00 5.789452000000000487e-01 3.106225999999999843e+01 1.302138999999999935e+00 6.959037999999999613e-01 -1.812858999999999998e-01 -1.208571999999999980e-01
8.615952000000000055e+00 3.243651999999999980e+00 6.690032999999999674e+00 -1.582840000000000025e+00 2.003890999999999867e+00 1.302138999999999935e+00 2.641704999999999970e+01 -2.729034000000000182e-01 -1.637421000000000015e-01 -1.091614000000000057e-01
-9.921988999999999947e-01 -3.118895999999999891e-01 2.085761999999999894e+00 2.461978999999999917e+00 -7.114983000000000279e-01 6.959037999999999613e-01 -2.729034000000000182e-01 4.941501999999999839e+00 -2.923964999999999897e-02 9.785538000000000292e-01
6.023368999999999529e-01 4.803100999999999843e+00 1.251457000000000042e+00 2.076014999999999944e+00 -4.268989999999999729e-01 -1.812858999999999998e-01 -1.637421000000000015e-01 -2.923964999999999897e-02 2.976596999999999937e+00 -1.169586000000000063e-02
-5.964890000000000470e-01 -1.247559000000000029e-01 -1.637421000000000015e-01 5.376197999999999588e+00 -2.845992999999999995e-01 -1.208571999999999980e-01 -1.091614000000000057e-01 9.785538000000000292e-01 -1.169586000000000063e-02 1.988296999999999981e+00
