1.003127000000000000e+06 5.338889000000000233e+05 3.206567999999999884e+05 1.844781000000000058e+05 1.023408000000000029e+05 4.378026999999999680e+04 1.811663999999999942e+04 5.888587999999999738e+03 1.340352000000000089e+03 2.811918999999999755e+02
5.338889000000000233e+05 4.432019000000000233e+05 2.142563999999999942e+05 1.175570000000000000e+05 6.929888999999999942e+04 2.684493000000000029e+04 1.212877000000000044e+04 4.117577000000000226e+03 6.434732000000000198e+02 2.264552999999999940e+02
3.206567999999999884e+05 2.142563999999999942e+05 1.758852999999999884e+05 7.011672000000000116e+04 4.198387000000000262e+04 1.696361999999999898e+04 7.238864999999999782e+03 2.402018000000000029e+03 3.841544999999999845e+02 8.795287999999999329e+01
1.844781000000000058e+05 1.175570000000000000e+05 7.011672000000000116e+04 6.771541000000000349e+04 2.281656999999999971e+04 9.946200000000000728e+03 3.774835999999999785e+03 1.585019000000000005e+03 3.301859000000000037e+02 3.706808000000000192e+01
1.023408000000000029e+05 6.929888999999999942e+04 4.198387000000000262e+04 2.281656999999999971e+04 2.460215000000000146e+04 5.608753999999999905e+03 2.108168999999999869e+03 8.880452999999999975e+02 1.400911000000000115e+02 2.450673000000000101e+01
4.378026999999999680e+04 2.684493000000000029e+04 1.696361999999999898e+04 9.946200000000000728e+03 5.608753999999999905e+03 7.891175000000000182e+03 9.618482000000000198e+02 2.353402000000000100e+02 8.314588000000000534e+01 2.162954999999999828e+01
1.811663999999999942e+04 1.212877000000000044e+04 7.238864999999999782e+03 3.774835999999999785e+03 2.108168999999999869e+03 9.618482000000000198e+02 2.016348999999999933e+03 1.564770000000000039e+02 1.733132000000000161e+01 1.053406999999999982e+01
5.888587999999999738e+03 4.117577000000000226e+03 2.402018000000000029e+03 1.585019000000000005e+03 8.880452999999999975e+02 2.353402000000000100e+02 1.564770000000000039e+02 5.150058000000000220e+02 2.535078000000000031e+01 4.748520000000000074e+00
1.340352000000000089e+03 6.434732000000000198e+02 3.841544999999999845e+02 3.301859000000000037e+02 1.400911000000000115e+02 8.314588000000000534e+01 1.733132000000000161e+01 2.535078000000000031e+01 6.901922999999999320e+01 1.333328000000000069e+00
2.811918999999999755e+02 2.264552999999999940e+02 8.795287999999999329e+01 3.706808000000000192e+01 2.450673000000000101e+01 2.162954999999999828e+01 1.053406999999999982e+01 4.748520000000000074e+00 1.333328000000000069e+00 1.169585999999999970e+01
