7.781858999999999651e+04 2.727761999999999898e+04 1.541457999999999993e+04 7.790894000000000233e+03 3.029835999999999785e+03 1.128230000000000018e+03 6.461730000000000018e+02 3.148369999999999891e+02 1.734105999999999881e+01 1.077579000000000065e+01
2.727761999999999898e+04 2.928668999999999869e+04 8.110128999999999905e+03 4.634680000000000291e+03 1.792242999999999938e+03 7.205897999999999683e+02 3.363417999999999779e+02 1.534497000000000071e+02 2.195702999999999960e+01 3.243651999999999980e+00
1.541457999999999993e+04 8.110128999999999905e+03 1.332343000000000029e+04 2.448239999999999782e+03 1.275785000000000082e+03 3.970978999999999814e+02 2.114611999999999910e+02 1.194224999999999994e+02 7.734862999999999822e+00 -1.153991999999999907e+00
7.790894000000000233e+03 4.634680000000000291e+03 2.448239999999999782e+03 5.242784999999999854e+03 5.253138000000000147e+02 2.384786000000000001e+02 9.862730000000000530e+01 8.296849000000000274e+01 1.699799000000000060e+00 3.081859999999999822e+00
3.029835999999999785e+03 1.792242999999999938e+03 1.275785000000000082e+03 5.253138000000000147e+02 1.772046000000000049e+03 5.465086000000000155e+01 8.047532999999999959e+01 -4.126689999999999969e+00 2.822601000000000138e+00 3.097453999999999930e+00
1.128230000000000018e+03 7.205897999999999683e+02 3.970978999999999814e+02 2.384786000000000001e+02 5.465086000000000155e+01 5.147115000000000009e+02 2.417145000000000010e+01 1.207793000000000028e+01 2.183228000000000169e+00 -9.746552000000000548e-01
6.461730000000000018e+02 3.363417999999999779e+02 2.114611999999999910e+02 9.862730000000000530e+01 8.047532999999999959e+01 2.417145000000000010e+01 1.863540999999999883e+02 -5.224151999999999685e-01 2.183228000000000169e+00 -3.508759000000000183e-01
3.148369999999999891e+02 1.534497000000000071e+02 1.194224999999999994e+02 8.296849000000000274e+01 -4.126689999999999969e+00 1.207793000000000028e+01 -5.224151999999999685e-01 6.056701999999999941e+01 1.263152999999999970e+00 -9.161758000000000401e-02
1.734105999999999881e+01 2.195702999999999960e+01 7.734862999999999822e+00 1.699799000000000060e+00 2.822601000000000138e+00 2.183228000000000169e+00 2.183228000000000169e+00 1.263152999999999970e+00 7.859619000000000355e+00 -1.559448000000000084e-02
1.077579000000000065e+01 3.243651999999999980e+00 -1.153991999999999907e+00 3.081859999999999822e+00 3.097453999999999930e+00 -9.746552000000000548e-01 -3.508759000000000183e-01 -9.161758000000000401e-02 -1.559448000000000084e-02 9.960976000000000274e-01
