1.949311000000000000e+06 1.032275000000000000e+06 6.629765000000000000e+05 3.952142999999999884e+05 2.211137999999999884e+05 1.097415000000000000e+05 4.443337000000000262e+04 1.711718000000000029e+04 3.689856999999999971e+03 6.353816000000000486e+02
1.032275000000000000e+06 7.783050000000000000e+05 4.086849000000000233e+05 2.477697999999999884e+05 1.375838999999999942e+05 6.828397000000000116e+04 2.812416999999999825e+04 1.077220999999999913e+04 2.092663000000000011e+03 5.025790000000000077e+02
6.629765000000000000e+05 4.086849000000000233e+05 3.453755999999999767e+05 1.602702000000000116e+05 8.983885000000000582e+04 4.564808000000000175e+04 1.828500000000000000e+04 7.482576000000000022e+03 1.437499000000000024e+03 2.789540999999999826e+02
3.952142999999999884e+05 2.477697999999999884e+05 1.602702000000000116e+05 1.376383999999999942e+05 5.407522000000000116e+04 2.782527000000000044e+04 1.087753000000000065e+04 4.478416000000000167e+03 7.925271999999999935e+02 1.573171000000000106e+02
2.211137999999999884e+05 1.375838999999999942e+05 8.983885000000000582e+04 5.407522000000000116e+04 5.046708000000000175e+04 1.533934000000000015e+04 6.380442000000000007e+03 2.588755999999999858e+03 5.134288000000000238e+02 6.459234999999999616e+01
1.097415000000000000e+05 6.828397000000000116e+04 4.564808000000000175e+04 2.782527000000000044e+04 1.533934000000000015e+04 1.557028000000000065e+04 3.037811000000000149e+03 1.055928000000000111e+03 2.479796000000000049e+02 4.188678000000000168e+01
4.443337000000000262e+04 2.812416999999999825e+04 1.828500000000000000e+04 1.087753000000000065e+04 6.380442000000000007e+03 3.037811000000000149e+03 3.891117999999999938e+03 4.281797000000000253e+02 7.246366000000000440e+01 2.803887999999999892e+01
1.711718000000000029e+04 1.077220999999999913e+04 7.482576000000000022e+03 4.478416000000000167e+03 2.588755999999999858e+03 1.055928000000000111e+03 4.281797000000000253e+02 1.075127999999999929e+03 8.772285999999999717e+01 9.044799999999999507e-01
3.689856999999999971e+03 2.092663000000000011e+03 1.437499000000000024e+03 7.925271999999999935e+02 5.134288000000000238e+02 2.479796000000000049e+02 7.246366000000000440e+01 8.772285999999999717e+01 1.700344000000000051e+02 -5.614014000000000504e-01
6.353816000000000486e+02 5.025790000000000077e+02 2.789540999999999826e+02 1.573171000000000106e+02 6.459234999999999616e+01 4.188678000000000168e+01 2.803887999999999892e+01 9.044799999999999507e-01 -5.614014000000000504e-01 1.546973000000000020e+01
