7.541915999999999767e+05 4.032552000000000116e+05 2.465933999999999942e+05 1.331476000000000058e+05 6.966808999999999651e+04 2.713443999999999869e+04 1.246578000000000065e+04 4.077224000000000160e+03 9.067802000000000362e+02 2.400380999999999858e+02
4.032552000000000116e+05 3.573912999999999884e+05 1.629303999999999942e+05 8.843986999999999534e+04 4.564308000000000175e+04 1.777865000000000146e+04 8.311094999999999345e+03 2.225161000000000058e+03 4.451523000000000252e+02 1.988997999999999990e+02
2.465933999999999942e+05 1.629303999999999942e+05 1.402986000000000058e+05 5.517333000000000175e+04 2.830163000000000102e+04 1.110012999999999920e+04 4.919728000000000065e+03 1.675709000000000060e+03 1.874281000000000006e+02 9.278911999999999694e+01
1.331476000000000058e+05 8.843986999999999534e+04 5.517333000000000175e+04 4.909280000000000291e+04 1.511010000000000036e+04 6.494805999999999585e+03 2.385800000000000182e+03 1.063201000000000022e+03 1.655978000000000065e+02 4.062362999999999857e+01
6.966808999999999651e+04 4.564308000000000175e+04 2.830163000000000102e+04 1.511010000000000036e+04 1.687972000000000116e+04 3.350001000000000204e+03 1.345816000000000031e+03 5.675339000000000169e+02 8.461370999999999754e+01 1.009158000000000044e+01
2.713443999999999869e+04 1.777865000000000146e+04 1.110012999999999920e+04 6.494805999999999585e+03 3.350001000000000204e+03 5.324188000000000102e+03 5.154638999999999669e+02 1.155824000000000069e+02 5.653974999999999795e+01 9.502888000000000446e+00
1.246578000000000065e+04 8.311094999999999345e+03 4.919728000000000065e+03 2.385800000000000182e+03 1.345816000000000031e+03 5.154638999999999669e+02 1.486769999999999982e+03 6.562937999999999761e+01 -9.719260999999999484e+00 9.875206000000000373e+00
4.077224000000000160e+03 2.225161000000000058e+03 1.675709000000000060e+03 1.063201000000000022e+03 5.675339000000000169e+02 1.155824000000000069e+02 6.562937999999999761e+01 3.855502000000000180e+02 1.031184999999999974e+01 3.754372000000000043e+00
9.067802000000000362e+02 4.451523000000000252e+02 1.874281000000000006e+02 1.655978000000000065e+02 8.461370999999999754e+01 5.653974999999999795e+01 -9.719260999999999484e+00 1.031184999999999974e+01 4.821618999999999744e+01 -6.686134000000000244e-01
2.400380999999999858e+02 1.988997999999999990e+02 9.278911999999999694e+01 4.062362999999999857e+01 1.009158000000000044e+01 9.502888000000000446e+00 9.875206000000000373e+00 3.754372000000000043e+00 -6.686134000000000244e-01 6.890812000000000381e+00
