2.251429000000000000e+06 1.216554000000000000e+06 7.629300000000000000e+05 4.509610000000000000e+05 2.571107999999999884e+05 1.269411000000000058e+05 5.340411000000000058e+04 1.770013000000000102e+04 3.883880000000000109e+03 5.720620999999999867e+02
1.216554000000000000e+06 9.276805000000000000e+05 4.845507999999999884e+05 2.902224000000000233e+05 1.660472000000000116e+05 7.866780999999999767e+04 3.568477999999999884e+04 1.066185000000000036e+04 2.796699000000000069e+03 2.556014000000000124e+02
7.629300000000000000e+05 4.845507999999999884e+05 3.913447000000000116e+05 1.804900000000000000e+05 1.080098000000000029e+05 4.967384999999999854e+04 2.228074000000000160e+04 8.056805999999999585e+03 1.528215999999999894e+03 2.452446999999999946e+02
4.509610000000000000e+05 2.902224000000000233e+05 1.804900000000000000e+05 1.550326000000000058e+05 6.418629000000000087e+04 3.135375000000000000e+04 1.301526000000000022e+04 4.554654999999999745e+03 1.032554000000000087e+03 1.137870999999999952e+02
2.571107999999999884e+05 1.660472000000000116e+05 1.080098000000000029e+05 6.418629000000000087e+04 5.972226999999999680e+04 1.845290999999999985e+04 7.677484999999999673e+03 2.792802000000000135e+03 6.176390000000000100e+02 6.783405000000000484e+01
1.269411000000000058e+05 7.866780999999999767e+04 4.967384999999999854e+04 3.135375000000000000e+04 1.845290999999999985e+04 1.819402000000000044e+04 4.159643000000000029e+03 1.061682000000000016e+03 1.922059000000000140e+02 2.598626000000000147e+01
5.340411000000000058e+04 3.568477999999999884e+04 2.228074000000000160e+04 1.301526000000000022e+04 7.677484999999999673e+03 4.159643000000000029e+03 4.395707999999999629e+03 5.002300999999999931e+02 8.319267000000000678e+01 3.317920999999999765e+01
1.770013000000000102e+04 1.066185000000000036e+04 8.056805999999999585e+03 4.554654999999999745e+03 2.792802000000000135e+03 1.061682000000000016e+03 5.002300999999999931e+02 1.061748000000000047e+03 1.101243000000000052e+02 3.183224000000000053e+00
3.883880000000000109e+03 2.796699000000000069e+03 1.528215999999999894e+03 1.032554000000000087e+03 6.176390000000000100e+02 1.922059000000000140e+02 8.319267000000000678e+01 1.101243000000000052e+02 1.717186000000000092e+02 -3.801155000000000062e+00
5.720620999999999867e+02 2.556014000000000124e+02 2.452446999999999946e+02 1.137870999999999952e+02 6.783405000000000484e+01 2.598626000000000147e+01 3.317920999999999765e+01 3.183224000000000053e+00 -3.801155000000000062e+00 1.464127000000000045e+01
