1.294237000000000000e+06 6.733860999999999767e+05 4.373440999999999767e+05 2.471412999999999884e+05 1.368720000000000000e+05 6.197108999999999651e+04 2.306695000000000073e+04 7.820452000000000226e+03 1.269798000000000002e+03 3.367121999999999957e+02
6.733860999999999767e+05 5.141830000000000000e+05 2.681722999999999884e+05 1.505436000000000058e+05 8.317455999999999767e+04 3.640302999999999884e+04 1.502640999999999985e+04 4.485211000000000240e+03 8.901915000000000191e+02 2.138393000000000086e+02
4.373440999999999767e+05 2.681722999999999884e+05 2.288462000000000116e+05 9.492561000000000058e+04 5.418670999999999913e+04 2.582908000000000175e+04 9.609194999999999709e+03 3.306217000000000098e+03 3.418933999999999855e+02 1.036721000000000004e+02
2.471412999999999884e+05 1.505436000000000058e+05 9.492561000000000058e+04 8.664480999999999767e+04 3.010183000000000175e+04 1.418718000000000029e+04 5.072511000000000422e+03 1.817346000000000004e+03 4.622087999999999965e+02 2.909150999999999954e+01
1.368720000000000000e+05 8.317455999999999767e+04 5.418670999999999913e+04 3.010183000000000175e+04 3.183316999999999825e+04 8.530197000000000116e+03 2.910179999999999836e+03 1.086678000000000111e+03 1.489351000000000056e+02 4.720450000000000301e+01
6.197108999999999651e+04 3.640302999999999884e+04 2.582908000000000175e+04 1.418718000000000029e+04 8.530197000000000116e+03 9.428790999999999258e+03 1.306506000000000085e+03 4.381465000000000032e+02 4.726297999999999888e+01 2.785953999999999908e+01
2.306695000000000073e+04 1.502640999999999985e+04 9.609194999999999709e+03 5.072511000000000422e+03 2.910179999999999836e+03 1.306506000000000085e+03 2.185224000000000160e+03 1.856055000000000064e+02 2.311101999999999990e+01 4.678345000000000198e+00
7.820452000000000226e+03 4.485211000000000240e+03 3.306217000000000098e+03 1.817346000000000004e+03 1.086678000000000111e+03 4.381465000000000032e+02 1.856055000000000064e+02 5.416255999999999631e+02 3.082443999999999917e+01 1.914223000000000008e+00
1.269798000000000002e+03 8.901915000000000191e+02 3.418933999999999855e+02 4.622087999999999965e+02 1.489351000000000056e+02 4.726297999999999888e+01 2.311101999999999990e+01 3.082443999999999917e+01 7.786129999999999995e+01 1.532157999999999909e+00
3.367121999999999957e+02 2.138393000000000086e+02 1.036721000000000004e+02 2.909150999999999954e+01 4.720450000000000301e+01 2.785953999999999908e+01 4.678345000000000198e+00 1.914223000000000008e+00 1.532157999999999909e+00 9.785538000000000736e+00
