1.633853000000000000e+06 8.722076999999999534e+05 5.353125000000000000e+05 3.167877999999999884e+05 1.734338999999999942e+05 8.874210000000000582e+04 2.992415999999999985e+04 1.270707999999999993e+04 1.179753999999999905e+03 3.481897000000000162e+02
8.722076999999999534e+05 6.744750999999999767e+05 3.393595999999999767e+05 1.907980000000000000e+05 1.093061999999999971e+05 5.431279000000000087e+04 1.883381999999999971e+04 8.028140999999999622e+03 7.009407999999999674e+02 3.071918000000000006e+02
5.353125000000000000e+05 3.393595999999999767e+05 2.860312000000000116e+05 1.200241000000000058e+05 6.839239999999999418e+04 3.527416999999999825e+04 1.207444000000000051e+04 5.105886999999999716e+03 4.878265999999999849e+02 1.348435000000000059e+02
3.167877999999999884e+05 1.907980000000000000e+05 1.200241000000000058e+05 1.066281999999999971e+05 3.908998999999999796e+04 2.003372999999999956e+04 6.647850000000000364e+03 3.231394999999999982e+03 3.011605999999999881e+02 5.865084999999999837e+01
1.734338999999999942e+05 1.093061999999999971e+05 6.839239999999999418e+04 3.908998999999999796e+04 3.696223999999999796e+04 1.193170000000000073e+04 4.142141999999999825e+03 1.860105999999999995e+03 1.698863000000000056e+02 6.495296999999999343e+01
8.874210000000000582e+04 5.431279000000000087e+04 3.527416999999999825e+04 2.003372999999999956e+04 1.193170000000000073e+04 1.232111000000000058e+04 1.951922000000000025e+03 8.957314999999999827e+02 4.778148999999999802e+01 3.250670000000000215e+01
2.992415999999999985e+04 1.883381999999999971e+04 1.207444000000000051e+04 6.647850000000000364e+03 4.142141999999999825e+03 1.951922000000000025e+03 2.644619999999999891e+03 2.942640000000000100e+02 4.987115000000000009e+01 6.569175999999999904e-01
1.270707999999999993e+04 8.028140999999999622e+03 5.105886999999999716e+03 3.231394999999999982e+03 1.860105999999999995e+03 8.957314999999999827e+02 2.942640000000000100e+02 7.447223000000000184e+02 2.588683999999999941e+01 6.627655000000000352e-02
1.179753999999999905e+03 7.009407999999999674e+02 4.878265999999999849e+02 3.011605999999999881e+02 1.698863000000000056e+02 4.778148999999999802e+01 4.987115000000000009e+01 2.588683999999999941e+01 8.732909999999999684e+01 -7.173462000000000449e-01
3.481897000000000162e+02 3.071918000000000006e+02 1.348435000000000059e+02 5.865084999999999837e+01 6.495296999999999343e+01 3.250670000000000215e+01 6.569175999999999904e-01 6.627655000000000352e-02 -7.173462000000000449e-01 1.074264999999999937e+01
