3.039769999999999982e+03 2.243734000000000037e+02 1.650052000000000021e+02 9.853373999999999455e+01 5.590621999999999758e+01 9.855712999999999724e+00 5.832335999999999743e+00 2.278353999999999857e+01 -1.988296999999999981e+00 -2.721236999999999906e+00
2.243734000000000037e+02 1.622699000000000069e+03 7.457281000000000404e+01 3.267043999999999926e+01 8.826477000000000572e+00 2.320458999999999961e+01 5.614014000000000504e-01 6.705626999999999782e+00 3.914215000000000000e+00 1.263152999999999970e+00
1.650052000000000021e+02 7.457281000000000404e+01 7.516462999999999965e+02 4.780877999999999872e+01 -5.341109999999999580e+00 -2.183228000000000169e+00 -2.479522999999999922e+00 7.352797999999999945e+00 4.565285000000000259e+00 2.592582999999999860e+00
9.853373999999999455e+01 3.267043999999999926e+01 4.780877999999999872e+01 4.476220999999999890e+02 4.783606999999999942e+00 6.144225999999999743e+00 1.404283000000000037e+01 4.518500999999999657e+00 1.374459000000000053e+01 -7.465857999999999661e-01
5.590621999999999758e+01 8.826477000000000572e+00 -5.341109999999999580e+00 4.783606999999999942e+00 1.437733000000000061e+02 2.557494999999999852e+00 4.522399999999999753e-01 -1.013640999999999986e-01 -2.222214000000000134e-01 -2.923965000000000036e-01
9.855712999999999724e+00 2.320458999999999961e+01 -2.183228000000000169e+00 6.144225999999999743e+00 2.557494999999999852e+00 7.734863000000000000e+01 3.742675999999999781e-01 -1.185181000000000040e+00 2.807007000000000252e-01 8.421020999999999646e-01
5.832335999999999743e+00 5.614014000000000504e-01 -2.479522999999999922e+00 1.404283000000000037e+01 4.522399999999999753e-01 3.742675999999999781e-01 3.539947999999999695e+01 1.013641000000000014e+00 2.222214000000000134e+00 -7.017516999999999505e-02
2.278353999999999857e+01 6.705626999999999782e+00 7.352797999999999945e+00 4.518500999999999657e+00 -1.013640999999999986e-01 -1.185181000000000040e+00 1.013641000000000014e+00 1.359059000000000061e+01 6.978531000000000040e-01 -2.729033999999999974e-02
-1.988296999999999981e+00 3.914215000000000000e+00 4.565285000000000259e+00 1.374459000000000053e+01 -2.222214000000000134e-01 2.807007000000000252e-01 2.222214000000000134e+00 6.978531000000000040e-01 1.074264999999999937e+01 -2.144240999999999855e-02
-2.721236999999999906e+00 1.263152999999999970e+00 2.592582999999999860e+00 -7.465857999999999661e-01 -2.923965000000000036e-01 8.421020999999999646e-01 -7.017516999999999505e-02 -2.729033999999999974e-02 -2.144240999999999855e-02 9.960976000000000274e-01
