5.407468000000000029e+04 2.121358000000000175e+04 1.173464999999999964e+04 5.996125000000000000e+03 3.548704000000000178e+03 1.781816000000000031e+03 8.387258000000000493e+02 3.131684000000000196e+02 7.776188999999999396e+01 8.755326999999999771e+01
2.121358000000000175e+04 2.845218999999999869e+04 8.516212999999999738e+03 4.883911000000000058e+03 1.949356999999999971e+03 1.206712999999999965e+03 7.486443000000000438e+02 2.545643000000000029e+02 1.492392000000000074e+01 4.857291000000000025e+01
1.173464999999999964e+04 8.516212999999999738e+03 1.188688999999999942e+04 3.114920000000000073e+03 1.350395999999999958e+03 5.955786000000000513e+02 3.194451999999999998e+02 1.292159000000000049e+02 1.985957000000000150e+01 1.566661000000000037e+01
5.996125000000000000e+03 4.883911000000000058e+03 3.114920000000000073e+03 5.650817000000000007e+03 6.484185999999999694e+02 4.319515999999999849e+02 1.711026999999999987e+02 1.240073000000000008e+02 3.773864999999999981e+01 2.013248000000000104e+01
3.548704000000000178e+03 1.949356999999999971e+03 1.350395999999999958e+03 6.484185999999999694e+02 2.104599999999999909e+03 1.651690000000000111e+02 4.700177000000000049e+01 6.150464000000000198e+01 2.647943000000000069e+01 2.038979000000000141e+01
1.781816000000000031e+03 1.206712999999999965e+03 5.955786000000000513e+02 4.319515999999999849e+02 1.651690000000000111e+02 8.409305000000000518e+02 3.601545999999999736e+01 -2.089660999999999991e+00 1.429233999999999938e+01 1.851845000000000019e-01
8.387258000000000493e+02 7.486443000000000438e+02 3.194451999999999998e+02 1.711026999999999987e+02 4.700177000000000049e+01 3.601545999999999736e+01 3.203419000000000096e+02 2.607396999999999920e+01 4.148132000000000374e+00 1.769973999999999936e+00
3.131684000000000196e+02 2.545643000000000029e+02 1.292159000000000049e+02 1.240073000000000008e+02 6.150464000000000198e+01 -2.089660999999999991e+00 2.607396999999999920e+01 1.152744000000000000e+02 3.742675999999999781e-01 -8.421020999999999646e-01
7.776188999999999396e+01 1.492392000000000074e+01 1.985957000000000150e+01 3.773864999999999981e+01 2.647943000000000069e+01 1.429233999999999938e+01 4.148132000000000374e+00 3.742675999999999781e-01 4.213629000000000246e+01 8.810883000000000465e-01
8.755326999999999771e+01 4.857291000000000025e+01 1.566661000000000037e+01 2.013248000000000104e+01 2.038979000000000141e+01 1.851845000000000019e-01 1.769973999999999936e+00 -8.421020999999999646e-01 8.810883000000000465e-01 1.264517999999999986e+01
