1.727063000000000000e+06 9.485040000000000000e+05 5.648669000000000233e+05 3.415907000000000116e+05 1.715218999999999942e+05 8.261996000000000640e+04 3.288844000000000233e+04 8.719288000000000466e+03 2.573963000000000193e+03 5.837871999999999844e+02
9.485040000000000000e+05 7.199348000000000466e+05 3.715200999999999767e+05 2.207917999999999884e+05 1.109898999999999942e+05 5.701730000000000291e+04 2.104193000000000029e+04 6.290324999999999818e+03 2.154034999999999854e+03 5.091267000000000280e+02
5.648669000000000233e+05 3.715200999999999767e+05 2.899064000000000233e+05 1.335137999999999884e+05 6.578063000000000466e+04 3.358254000000000087e+04 1.383463999999999942e+04 4.180338999999999942e+03 1.042460000000000036e+03 2.694687999999999874e+02
3.415907000000000116e+05 2.207917999999999884e+05 1.335137999999999884e+05 1.131625000000000000e+05 4.228198000000000320e+04 2.108466999999999825e+04 8.740727000000000771e+03 1.936606999999999971e+03 4.438813000000000102e+02 1.411944000000000017e+02
1.715218999999999942e+05 1.109898999999999942e+05 6.578063000000000466e+04 4.228198000000000320e+04 3.535598000000000320e+04 1.131448999999999978e+04 4.276947000000000116e+03 1.056836000000000013e+03 3.879907000000000039e+02 5.326489999999999725e+01
8.261996000000000640e+04 5.701730000000000291e+04 3.358254000000000087e+04 2.108466999999999825e+04 1.131448999999999978e+04 1.128764999999999964e+04 2.404583000000000084e+03 5.653740999999999985e+02 1.791494000000000142e+02 6.787108999999999526e+01
3.288844000000000233e+04 2.104193000000000029e+04 1.383463999999999942e+04 8.740727000000000771e+03 4.276947000000000116e+03 2.404583000000000084e+03 2.830016000000000076e+03 2.615856999999999744e+02 6.736816000000000315e+01 1.345414000000000065e+01
8.719288000000000466e+03 6.290324999999999818e+03 4.180338999999999942e+03 1.936606999999999971e+03 1.056836000000000013e+03 5.653740999999999985e+02 2.615856999999999744e+02 6.322762999999999920e+02 2.969189000000000078e+01 7.432719999999999771e+00
2.573963000000000193e+03 2.154034999999999854e+03 1.042460000000000036e+03 4.438813000000000102e+02 3.879907000000000039e+02 1.791494000000000142e+02 6.736816000000000315e+01 2.969189000000000078e+01 1.337383000000000095e+02 1.247559000000000085e+00
5.837871999999999844e+02 5.091267000000000280e+02 2.694687999999999874e+02 1.411944000000000017e+02 5.326489999999999725e+01 6.787108999999999526e+01 1.345414000000000065e+01 7.432719999999999771e+00 1.247559000000000085e+00 1.453210999999999942e+01
