2.772480000000000000e+06 1.534910000000000000e+06 9.434708000000000466e+05 5.758675999999999767e+05 3.132090999999999767e+05 1.745162000000000116e+05 6.787800999999999476e+04 1.963075000000000000e+04 5.135813000000000102e+03 7.697397999999999456e+02
1.534910000000000000e+06 1.150269000000000000e+06 6.116015999999999767e+05 3.696424000000000233e+05 1.961647999999999884e+05 1.091283000000000029e+05 4.486595999999999913e+04 1.317043000000000029e+04 3.658057999999999993e+03 3.168895999999999731e+02
9.434708000000000466e+05 6.116015999999999767e+05 4.824274000000000233e+05 2.336195000000000000e+05 1.256566000000000058e+05 6.670246000000000640e+04 2.948416999999999825e+04 8.914225000000000364e+03 2.482050999999999931e+03 3.142502999999999815e+02
5.758675999999999767e+05 3.696424000000000233e+05 2.336195000000000000e+05 1.932180000000000000e+05 7.433344000000000233e+04 4.213400000000000000e+04 1.747356000000000131e+04 5.560685999999999694e+03 1.151318999999999960e+03 1.274205999999999932e+02
3.132090999999999767e+05 1.961647999999999884e+05 1.256566000000000058e+05 7.433344000000000233e+04 6.620450000000000000e+04 2.237011999999999898e+04 9.172983000000000175e+03 2.570146000000000186e+03 6.737245000000000346e+02 6.759038999999999930e+01
1.745162000000000116e+05 1.091283000000000029e+05 6.670246000000000640e+04 4.213400000000000000e+04 2.237011999999999898e+04 2.274404999999999927e+04 5.176426999999999680e+03 1.772263999999999896e+03 4.275090999999999894e+02 5.057874999999999943e+01
6.787800999999999476e+04 4.486595999999999913e+04 2.948416999999999825e+04 1.747356000000000131e+04 9.172983000000000175e+03 5.176426999999999680e+03 5.705130000000000109e+03 6.957107999999999493e+02 1.748199999999999932e+02 2.535857999999999990e+01
1.963075000000000000e+04 1.317043000000000029e+04 8.914225000000000364e+03 5.560685999999999694e+03 2.570146000000000186e+03 1.772263999999999896e+03 6.957107999999999493e+02 1.183462999999999965e+03 8.326089000000000340e+01 1.151458000000000048e+01
5.135813000000000102e+03 3.658057999999999993e+03 2.482050999999999931e+03 1.151318999999999960e+03 6.737245000000000346e+02 4.275090999999999894e+02 1.748199999999999932e+02 8.326089000000000340e+01 2.098374000000000024e+02 -1.461983000000000033e-01
7.697397999999999456e+02 3.168895999999999731e+02 3.142502999999999815e+02 1.274205999999999932e+02 6.759038999999999930e+01 5.057874999999999943e+01 2.535857999999999990e+01 1.151458000000000048e+01 -1.461983000000000033e-01 1.074264999999999937e+01
