2.417283000000000000e+06 1.346324000000000000e+06 8.378740999999999767e+05 4.787544000000000233e+05 2.686482000000000116e+05 1.303118999999999942e+05 5.259773999999999796e+04 1.260250000000000000e+04 3.660079999999999927e+03 6.543133000000000266e+02
1.346324000000000000e+06 9.953833000000000466e+05 5.385660000000000000e+05 3.075472000000000116e+05 1.679002999999999884e+05 7.922616000000000349e+04 3.729622000000000116e+04 7.976502000000000407e+03 2.674824000000000069e+03 3.423768999999999778e+02
8.378740999999999767e+05 5.385660000000000000e+05 4.252844000000000233e+05 1.948057999999999884e+05 1.090295000000000000e+05 5.384376999999999680e+04 2.353243999999999869e+04 5.513720000000000255e+03 1.548605999999999995e+03 2.675856999999999744e+02
4.787544000000000233e+05 3.075472000000000116e+05 1.948057999999999884e+05 1.559662000000000116e+05 6.177069999999999709e+04 2.934897000000000116e+04 1.362925000000000000e+04 3.029668999999999869e+03 7.698605999999999767e+02 1.557889000000000124e+02
2.686482000000000116e+05 1.679002999999999884e+05 1.090295000000000000e+05 6.177069999999999709e+04 5.617958999999999651e+04 1.722265999999999985e+04 7.457164999999999964e+03 1.494752999999999929e+03 4.920253999999999905e+02 7.524338000000000193e+01
1.303118999999999942e+05 7.922616000000000349e+04 5.384376999999999680e+04 2.934897000000000116e+04 1.722265999999999985e+04 1.597262000000000080e+04 4.016702000000000226e+03 9.950995000000000346e+02 2.401862000000000137e+02 3.505639999999999645e+01
5.259773999999999796e+04 3.729622000000000116e+04 2.353243999999999869e+04 1.362925000000000000e+04 7.457164999999999964e+03 4.016702000000000226e+03 4.466728000000000065e+03 4.437955999999999790e+02 1.110794999999999959e+02 2.738391000000000020e+01
1.260250000000000000e+04 7.976502000000000407e+03 5.513720000000000255e+03 3.029668999999999869e+03 1.494752999999999929e+03 9.950995000000000346e+02 4.437955999999999790e+02 8.463885999999999967e+02 3.805443999999999960e+01 9.684174000000000504e+00
3.660079999999999927e+03 2.674824000000000069e+03 1.548605999999999995e+03 7.698605999999999767e+02 4.920253999999999905e+02 2.401862000000000137e+02 1.110794999999999959e+02 3.805443999999999960e+01 1.545022999999999911e+02 -1.559447999999999945e-01
6.543133000000000266e+02 3.423768999999999778e+02 2.675856999999999744e+02 1.557889000000000124e+02 7.524338000000000193e+01 3.505639999999999645e+01 2.738391000000000020e+01 9.684174000000000504e+00 -1.559447999999999945e-01 7.859619000000000355e+00
