2.934921000000000000e+06 1.663765000000000000e+06 1.018742000000000000e+06 6.353605000000000000e+05 3.416295999999999767e+05 1.923310000000000000e+05 8.389572000000000116e+04 2.656490000000000146e+04 7.468868000000000393e+03 7.204104999999999563e+02
1.663765000000000000e+06 1.274121000000000000e+06 6.668881999999999534e+05 4.150154000000000233e+05 2.196027999999999884e+05 1.236233999999999942e+05 5.640562999999999738e+04 1.674216999999999825e+04 4.600418999999999869e+03 6.428436000000000377e+02
1.018742000000000000e+06 6.668881999999999534e+05 5.145237999999999884e+05 2.547187000000000116e+05 1.373157000000000116e+05 7.782321000000000640e+04 3.463611000000000058e+04 1.188035000000000036e+04 3.394559999999999945e+03 2.965056999999999903e+02
6.353605000000000000e+05 4.150154000000000233e+05 2.547187000000000116e+05 2.198746000000000058e+05 8.675744000000000233e+04 4.825683000000000175e+04 2.203570999999999913e+04 6.974990999999999985e+03 1.734417999999999893e+03 2.283968000000000131e+02
3.416295999999999767e+05 2.196027999999999884e+05 1.373157000000000116e+05 8.675744000000000233e+04 7.197533000000000175e+04 2.682063999999999942e+04 1.080987000000000080e+04 3.561253000000000156e+03 1.006732999999999947e+03 3.876008999999999816e+01
1.923310000000000000e+05 1.236233999999999942e+05 7.782321000000000640e+04 4.825683000000000175e+04 2.682063999999999942e+04 2.644545000000000073e+04 6.698210000000000036e+03 2.321485999999999876e+03 5.488867999999999938e+02 6.380093000000000103e+01
8.389572000000000116e+04 5.640562999999999738e+04 3.463611000000000058e+04 2.203570999999999913e+04 1.080987000000000080e+04 6.698210000000000036e+03 7.195073999999999614e+03 1.058886999999999944e+03 2.355936000000000092e+02 4.641308000000000078e+01
2.656490000000000146e+04 1.674216999999999825e+04 1.188035000000000036e+04 6.974990999999999985e+03 3.561253000000000156e+03 2.321485999999999876e+03 1.058886999999999944e+03 1.362067000000000007e+03 1.437420999999999935e+02 1.212081000000000053e+01
7.468868000000000393e+03 4.600418999999999869e+03 3.394559999999999945e+03 1.734417999999999893e+03 1.006732999999999947e+03 5.488867999999999938e+02 2.355936000000000092e+02 1.437420999999999935e+02 2.814180000000000064e+02 2.136444000000000010e+00
7.204104999999999563e+02 6.428436000000000377e+02 2.965056999999999903e+02 2.283968000000000131e+02 3.876008999999999816e+01 6.380093000000000103e+01 4.641308000000000078e+01 1.212081000000000053e+01 2.136444000000000010e+00 1.733326999999999884e+01
