1.001943000000000000e+06 5.418529000000000233e+05 3.320080999999999767e+05 1.851772000000000116e+05 1.044363000000000029e+05 5.097262000000000262e+04 1.785824000000000160e+04 8.003520999999999731e+03 2.700262999999999920e+03 3.743611000000000217e+02
5.418529000000000233e+05 4.403977000000000116e+05 2.217953999999999942e+05 1.237743000000000029e+05 7.006230000000000291e+04 3.351241999999999825e+04 1.186162999999999920e+04 5.481429000000000087e+03 1.891423999999999978e+03 1.818940000000000055e+02
3.320080999999999767e+05 2.217953999999999942e+05 1.845117999999999884e+05 7.752074000000000524e+04 4.396359999999999854e+04 2.289325999999999840e+04 7.755703000000000429e+03 3.431465999999999894e+03 1.143707000000000107e+03 -1.557888999999999946e+01
1.851772000000000116e+05 1.237743000000000029e+05 7.752074000000000524e+04 7.046616000000000349e+04 2.509545999999999913e+04 1.305034000000000015e+04 4.781787000000000262e+03 1.828153000000000020e+03 7.085977000000000317e+02 9.949279999999999902e+00
1.044363000000000029e+05 7.006230000000000291e+04 4.396359999999999854e+04 2.509545999999999913e+04 2.671125999999999840e+04 7.525461000000000240e+03 2.780576000000000022e+03 1.036142000000000053e+03 3.266965999999999894e+02 2.412465999999999866e+01
5.097262000000000262e+04 3.351241999999999825e+04 2.289325999999999840e+04 1.305034000000000015e+04 7.525461000000000240e+03 8.687000000000000000e+03 1.384603000000000065e+03 6.284575999999999567e+02 1.464634000000000071e+02 5.489258000000000415e+00
1.785824000000000160e+04 1.186162999999999920e+04 7.755703000000000429e+03 4.781787000000000262e+03 2.780576000000000022e+03 1.384603000000000065e+03 2.232940999999999804e+03 2.315488000000000000e+02 5.150077999999999889e+01 1.966463999999999857e+01
8.003520999999999731e+03 5.481429000000000087e+03 3.431465999999999894e+03 1.828153000000000020e+03 1.036142000000000053e+03 6.284575999999999567e+02 2.315488000000000000e+02 6.434263999999999442e+02 1.711494000000000071e+01 3.789458999999999911e+00
2.700262999999999920e+03 1.891423999999999978e+03 1.143707000000000107e+03 7.085977000000000317e+02 3.266965999999999894e+02 1.464634000000000071e+02 5.150077999999999889e+01 1.711494000000000071e+01 1.494262999999999977e+02 4.366455000000000197e-01
3.743611000000000217e+02 1.818940000000000055e+02 -1.557888999999999946e+01 9.949279999999999902e+00 2.412465999999999866e+01 5.489258000000000415e+00 1.966463999999999857e+01 3.789458999999999911e+00 4.366455000000000197e-01 2.482641999999999882e+01
