1.394021000000000000e+06 7.407861999999999534e+05 4.452265999999999767e+05 2.634457999999999884e+05 1.338053999999999942e+05 6.088283000000000175e+04 2.507459000000000015e+04 7.070311999999999898e+03 2.975539999999999964e+03 3.077454000000000178e+02
7.407861999999999534e+05 5.768318000000000466e+05 2.830347000000000116e+05 1.693437999999999884e+05 8.427307000000000698e+04 3.982161000000000058e+04 1.525829999999999927e+04 5.189368000000000393e+03 1.885486000000000104e+03 2.224747999999999877e+02
4.452265999999999767e+05 2.830347000000000116e+05 2.337662999999999884e+05 1.030878999999999942e+05 5.301084999999999854e+04 2.531536999999999898e+04 1.003143000000000029e+04 3.228291999999999916e+03 8.958171999999999571e+02 9.647526999999999475e+01
2.634457999999999884e+05 1.693437999999999884e+05 1.030878999999999942e+05 9.067377000000000407e+04 3.191149000000000160e+04 1.593470999999999913e+04 5.954970999999999549e+03 1.814044000000000096e+03 5.044658999999999764e+02 8.522384999999999877e+01
1.338053999999999942e+05 8.427307000000000698e+04 5.301084999999999854e+04 3.191149000000000160e+04 2.914184999999999854e+04 7.559737000000000080e+03 3.374646000000000186e+03 7.701802999999999884e+02 3.409889999999999759e+02 4.444427000000000305e+01
6.088283000000000175e+04 3.982161000000000058e+04 2.531536999999999898e+04 1.593470999999999913e+04 7.559737000000000080e+03 9.213274999999999636e+03 1.668422000000000025e+03 4.084039000000000215e+02 1.612079999999999984e+02 1.053406999999999982e+01
2.507459000000000015e+04 1.525829999999999927e+04 1.003143000000000029e+04 5.954970999999999549e+03 3.374646000000000186e+03 1.668422000000000025e+03 2.308981000000000222e+03 1.777770999999999901e+02 6.930187999999999704e+01 1.066662999999999961e+01
7.070311999999999898e+03 5.189368000000000393e+03 3.228291999999999916e+03 1.814044000000000096e+03 7.701802999999999884e+02 4.084039000000000215e+02 1.777770999999999901e+02 5.024854000000000269e+02 1.798044000000000153e+01 3.695892000000000177e+00
2.975539999999999964e+03 1.885486000000000104e+03 8.958171999999999571e+02 5.044658999999999764e+02 3.409889999999999759e+02 1.612079999999999984e+02 6.930187999999999704e+01 1.798044000000000153e+01 1.203816000000000059e+02 -2.261199999999999877e-01
3.077454000000000178e+02 2.224747999999999877e+02 9.647526999999999475e+01 8.522384999999999877e+01 4.444427000000000305e+01 1.053406999999999982e+01 1.066662999999999961e+01 3.695892000000000177e+00 -2.261199999999999877e-01 9.785538000000000736e+00
