7.305553000000000466e+05 3.872857000000000116e+05 2.471356000000000058e+05 1.409842999999999884e+05 7.593986999999999534e+04 3.860019000000000233e+04 1.700541999999999825e+04 6.850640999999999622e+03 2.110393999999999778e+03 6.053622000000000298e+02
3.872857000000000116e+05 3.251952000000000116e+05 1.597987999999999884e+05 9.326580999999999767e+04 5.153791999999999825e+04 2.716691999999999825e+04 1.046122999999999956e+04 4.312510000000000218e+03 1.801200000000000045e+03 2.915038000000000125e+02
2.471356000000000058e+05 1.597987999999999884e+05 1.434662000000000116e+05 5.819030000000000291e+04 3.446954000000000087e+04 1.680341999999999825e+04 7.519832999999999629e+03 2.902831000000000131e+03 1.073404999999999973e+03 1.034342999999999932e+02
1.409842999999999884e+05 9.326580999999999767e+04 5.819030000000000291e+04 5.756194999999999709e+04 2.005459000000000015e+04 1.005235000000000036e+04 4.308784999999999854e+03 1.730445999999999913e+03 5.595710000000000264e+02 6.058845999999999776e+01
7.593986999999999534e+04 5.153791999999999825e+04 3.446954000000000087e+04 2.005459000000000015e+04 2.138568999999999869e+04 6.321112000000000080e+03 2.549969000000000051e+03 9.844836000000000240e+02 3.492715999999999781e+02 5.867034000000000304e+01
3.860019000000000233e+04 2.716691999999999825e+04 1.680341999999999825e+04 1.005235000000000036e+04 6.321112000000000080e+03 7.977807999999999993e+03 1.279642000000000053e+03 4.845867999999999824e+02 1.786679000000000030e+02 2.486149999999999949e+01
1.700541999999999825e+04 1.046122999999999956e+04 7.519832999999999629e+03 4.308784999999999854e+03 2.549969000000000051e+03 1.279642000000000053e+03 2.219498000000000047e+03 2.680575000000000045e+02 7.239933000000000618e+01 1.642489000000000132e+01
6.850640999999999622e+03 4.312510000000000218e+03 2.902831000000000131e+03 1.730445999999999913e+03 9.844836000000000240e+02 4.845867999999999824e+02 2.680575000000000045e+02 6.588903000000000247e+02 2.354376999999999853e+01 6.417130000000000223e+00
2.110393999999999778e+03 1.801200000000000045e+03 1.073404999999999973e+03 5.595710000000000264e+02 3.492715999999999781e+02 1.786679000000000030e+02 7.239933000000000618e+01 2.354376999999999853e+01 1.781962000000000046e+02 1.212471000000000076e+00
6.053622000000000298e+02 2.915038000000000125e+02 1.034342999999999932e+02 6.058845999999999776e+01 5.867034000000000304e+01 2.486149999999999949e+01 1.642489000000000132e+01 6.417130000000000223e+00 1.212471000000000076e+00 2.463147999999999982e+01
