2.099766000000000000e+06 1.176921000000000000e+06 6.851500000000000000e+05 4.131412999999999884e+05 2.134682000000000116e+05 9.869194999999999709e+04 3.923463999999999942e+04 7.684805000000000291e+03 2.845159000000000106e+03 4.020258000000000038e+02
1.176921000000000000e+06 8.831205000000000000e+05 4.464920999999999767e+05 2.675332000000000116e+05 1.337582000000000116e+05 6.414555999999999767e+04 2.811938999999999942e+04 6.137832000000000335e+03 1.826153000000000020e+03 3.481311999999999784e+02
6.851500000000000000e+05 4.464920999999999767e+05 3.406875999999999767e+05 1.590127000000000116e+05 8.185375999999999476e+04 3.900656999999999971e+04 1.708868000000000029e+04 3.896865999999999985e+03 9.803179000000000087e+02 1.817848999999999933e+02
4.131412999999999884e+05 2.675332000000000116e+05 1.590127000000000116e+05 1.317002000000000116e+05 5.043308000000000175e+04 2.374406000000000131e+04 9.993432000000000698e+03 2.038737000000000080e+03 4.964250000000000114e+02 1.027209000000000003e+02
2.134682000000000116e+05 1.337582000000000116e+05 8.185375999999999476e+04 5.043308000000000175e+04 4.139847000000000116e+04 1.285397999999999956e+04 5.396146999999999935e+03 9.572907000000000153e+02 3.352559999999999718e+02 6.292374000000000223e+01
9.869194999999999709e+04 6.414555999999999767e+04 3.900656999999999971e+04 2.374406000000000131e+04 1.285397999999999956e+04 1.247504999999999927e+04 2.739884000000000015e+03 4.728168999999999755e+02 1.319156999999999869e+02 3.058078000000000074e+01
3.923463999999999942e+04 2.811938999999999942e+04 1.708868000000000029e+04 9.993432000000000698e+03 5.396146999999999935e+03 2.739884000000000015e+03 3.282693000000000211e+03 2.761938999999999851e+02 7.538763000000000147e+01 1.275628999999999991e+01
7.684805000000000291e+03 6.137832000000000335e+03 3.896865999999999985e+03 2.038737000000000080e+03 9.572907000000000153e+02 4.728168999999999755e+02 2.761938999999999851e+02 6.092763999999999669e+02 3.375426000000000215e+01 4.553588999999999665e+00
2.845159000000000106e+03 1.826153000000000020e+03 9.803179000000000087e+02 4.964250000000000114e+02 3.352559999999999718e+02 1.319156999999999869e+02 7.538763000000000147e+01 3.375426000000000215e+01 1.158338999999999999e+02 -1.762177000000000104e+00
4.020258000000000038e+02 3.481311999999999784e+02 1.817848999999999933e+02 1.027209000000000003e+02 6.292374000000000223e+01 3.058078000000000074e+01 1.275628999999999991e+01 4.553588999999999665e+00 -1.762177000000000104e+00 7.859619000000000355e+00
