3.104179000000000000e+06 1.646378000000000000e+06 1.066453000000000000e+06 6.366675000000000000e+05 3.845885000000000000e+05 2.073323999999999942e+05 9.128636000000000058e+04 3.418008999999999651e+04 9.449652000000000044e+03 2.189581999999999880e+03
1.646378000000000000e+06 1.197013000000000000e+06 6.451043000000000466e+05 3.791862000000000116e+05 2.224908999999999942e+05 1.254408999999999942e+05 5.466050000000000000e+04 1.960329000000000087e+04 6.199212000000000444e+03 1.308501999999999953e+03
1.066453000000000000e+06 6.451043000000000466e+05 5.352635000000000000e+05 2.556266000000000058e+05 1.484131000000000058e+05 7.990700999999999476e+04 3.461713999999999942e+04 1.337987000000000080e+04 3.699141999999999825e+03 9.115013999999999896e+02
6.366675000000000000e+05 3.791862000000000116e+05 2.556266000000000058e+05 2.083423999999999942e+05 9.026460000000000582e+04 4.738980000000000291e+04 2.131720000000000073e+04 8.325608000000000175e+03 2.119389999999999873e+03 5.042359000000000151e+02
3.845885000000000000e+05 2.224908999999999942e+05 1.484131000000000058e+05 9.026460000000000582e+04 8.498325000000000000e+04 2.939263999999999942e+04 1.210202000000000044e+04 5.228233000000000175e+03 1.151905999999999949e+03 3.402950000000000159e+02
2.073323999999999942e+05 1.254408999999999942e+05 7.990700999999999476e+04 4.738980000000000291e+04 2.939263999999999942e+04 2.806104000000000087e+04 7.168524000000000342e+03 2.704443999999999960e+03 8.403066999999999780e+02 2.033092000000000041e+02
9.128636000000000058e+04 5.466050000000000000e+04 3.461713999999999942e+04 2.131720000000000073e+04 1.210202000000000044e+04 7.168524000000000342e+03 8.114743000000000393e+03 1.093244999999999891e+03 2.390849000000000046e+02 8.415173000000000059e+01
3.418008999999999651e+04 1.960329000000000087e+04 1.337987000000000080e+04 8.325608000000000175e+03 5.228233000000000175e+03 2.704443999999999960e+03 1.093244999999999891e+03 1.725200000000000045e+03 1.314790000000000134e+02 2.536832000000000065e+01
9.449652000000000044e+03 6.199212000000000444e+03 3.699141999999999825e+03 2.119389999999999873e+03 1.151905999999999949e+03 8.403066999999999780e+02 2.390849000000000046e+02 1.314790000000000134e+02 3.113419000000000096e+02 1.168416999999999994e+01
2.189581999999999880e+03 1.308501999999999953e+03 9.115013999999999896e+02 5.042359000000000151e+02 3.402950000000000159e+02 2.033092000000000041e+02 8.415173000000000059e+01 2.536832000000000065e+01 1.168416999999999994e+01 3.018311999999999884e+01
