2.295231000000000000e+06 1.274145000000000000e+06 8.157759000000000233e+05 5.082190999999999767e+05 2.684924000000000233e+05 1.482422000000000116e+05 7.227341999999999825e+04 2.412134000000000015e+04 8.315824000000000524e+03 1.947060999999999922e+03
1.274145000000000000e+06 1.006325000000000000e+06 5.162157999999999884e+05 3.288235999999999767e+05 1.798130000000000000e+05 9.680255000000000291e+04 4.608062000000000262e+04 1.501506999999999971e+04 5.159809000000000196e+03 1.160573000000000093e+03
8.157759000000000233e+05 5.162157999999999884e+05 4.350120999999999767e+05 2.141686000000000058e+05 1.167893000000000029e+05 6.344177999999999884e+04 2.962241999999999825e+04 9.682727000000000771e+03 3.520461999999999989e+03 7.368939000000000306e+02
5.082190999999999767e+05 3.288235999999999767e+05 2.141686000000000058e+05 1.818100000000000000e+05 7.329908000000000175e+04 4.010400000000000000e+04 1.888293999999999869e+04 6.567532000000000153e+03 1.990873000000000047e+03 4.499436999999999784e+02
2.684924000000000233e+05 1.798130000000000000e+05 1.167893000000000029e+05 7.329908000000000175e+04 6.666235000000000582e+04 2.204204000000000087e+04 1.116219000000000051e+04 3.593121000000000095e+03 1.025298000000000002e+03 2.822056000000000040e+02
1.482422000000000116e+05 9.680255000000000291e+04 6.344177999999999884e+04 4.010400000000000000e+04 2.204204000000000087e+04 2.194015999999999985e+04 5.490074999999999818e+03 1.854085000000000036e+03 6.631281000000000176e+02 1.865528999999999940e+02
7.227341999999999825e+04 4.608062000000000262e+04 2.962241999999999825e+04 1.888293999999999869e+04 1.116219000000000051e+04 5.490074999999999818e+03 6.655738999999999578e+03 8.864079000000000406e+02 3.136712999999999738e+02 8.302112999999999943e+01
2.412134000000000015e+04 1.501506999999999971e+04 9.682727000000000771e+03 6.567532000000000153e+03 3.593121000000000095e+03 1.854085000000000036e+03 8.864079000000000406e+02 1.465583000000000084e+03 1.346389000000000067e+02 1.509936000000000078e+01
8.315824000000000524e+03 5.159809000000000196e+03 3.520461999999999989e+03 1.990873000000000047e+03 1.025298000000000002e+03 6.631281000000000176e+02 3.136712999999999738e+02 1.346389000000000067e+02 2.772620999999999754e+02 1.123582000000000036e+01
1.947060999999999922e+03 1.160573000000000093e+03 7.368939000000000306e+02 4.499436999999999784e+02 2.822056000000000040e+02 1.865528999999999940e+02 8.302112999999999943e+01 1.509936000000000078e+01 1.123582000000000036e+01 4.109926000000000101e+01
