1.512903000000000065e+04 4.547604000000000269e+03 2.759719000000000051e+03 1.443771999999999935e+03 5.555320000000000391e+02 3.395699000000000183e+02 1.659038999999999930e+02 8.915560999999999581e+01 4.360217000000000098e+01 3.360611000000000104e+01
4.547604000000000269e+03 8.933447000000000116e+03 1.954031999999999925e+03 1.022241999999999962e+03 3.831057999999999879e+02 3.171605999999999881e+02 1.905139000000000067e+02 6.293542999999999665e+01 4.553589000000000198e+01 2.585565000000000069e+01
2.759719000000000051e+03 1.954031999999999925e+03 4.551934000000000196e+03 4.305441999999999894e+02 3.057434999999999832e+02 1.570208000000000084e+02 5.768204000000000065e+01 3.896086999999999989e+01 3.555541999999999980e+00 1.012082000000000015e+01
1.443771999999999935e+03 1.022241999999999962e+03 4.305441999999999894e+02 1.681763999999999896e+03 1.341242000000000019e+02 1.093173000000000030e+02 6.005044999999999789e+01 3.838971999999999696e+01 7.610107000000000177e+00 4.647155999999999842e+00
5.555320000000000391e+02 3.831057999999999879e+02 3.057434999999999832e+02 1.341242000000000019e+02 8.781233999999999469e+02 4.224544999999999817e+01 6.017716000000000065e+01 1.534107000000000109e+00 6.549682999999999922e+00 1.403503000000000112e-01
3.395699000000000183e+02 3.171605999999999881e+02 1.570208000000000084e+02 1.093173000000000030e+02 4.224544999999999817e+01 3.781349999999999909e+02 2.198821999999999832e+00 9.497040000000000148e+00 -5.489258000000000415e+00 4.366455000000000197e+00
1.659038999999999930e+02 1.905139000000000067e+02 5.768204000000000065e+01 6.005044999999999789e+01 6.017716000000000065e+01 2.198821999999999832e+00 1.732838999999999885e+02 9.658832999999999558e+00 5.052611999999999881e+00 5.146178999999999615e-01
8.915560999999999581e+01 6.293542999999999665e+01 3.896086999999999989e+01 3.838971999999999696e+01 1.534107000000000109e+00 9.497040000000000148e+00 9.658832999999999558e+00 6.008359000000000094e+01 3.118895999999999891e-01 2.074066000000000187e+00
4.360217000000000098e+01 4.553589000000000198e+01 3.555541999999999980e+00 7.610107000000000177e+00 6.549682999999999922e+00 -5.489258000000000415e+00 5.052611999999999881e+00 3.118895999999999891e-01 3.992188000000000159e+01 -4.990234000000000059e-01
3.360611000000000104e+01 2.585565000000000069e+01 1.012082000000000015e+01 4.647155999999999842e+00 1.403503000000000112e-01 4.366455000000000197e+00 5.146178999999999615e-01 2.074066000000000187e+00 -4.990234000000000059e-01 7.859619000000000355e+00
