2.664573000000000000e+06 1.432152000000000000e+06 9.211396999999999534e+05 5.691876999999999534e+05 3.205257999999999884e+05 1.722633999999999942e+05 7.248394000000000233e+04 3.008293000000000029e+04 7.233332999999999629e+03 2.157461999999999989e+03
1.432152000000000000e+06 1.070606000000000000e+06 5.715381999999999534e+05 3.559619000000000233e+05 2.005857000000000116e+05 1.093941000000000058e+05 4.567263999999999942e+04 1.810459000000000015e+04 4.537570999999999913e+03 1.425642000000000053e+03
9.211396999999999534e+05 5.715381999999999534e+05 4.713545000000000000e+05 2.321651000000000058e+05 1.319160000000000000e+05 6.925286999999999534e+04 2.990663000000000102e+04 1.182472999999999956e+04 2.940568000000000211e+03 7.220381999999999607e+02
5.691876999999999534e+05 3.559619000000000233e+05 2.321651000000000058e+05 2.000842999999999884e+05 8.085691999999999825e+04 4.400348000000000320e+04 1.791704999999999927e+04 7.608391999999999825e+03 1.946488000000000056e+03 4.431483999999999810e+02
3.205257999999999884e+05 2.005857000000000116e+05 1.319160000000000000e+05 8.085691999999999825e+04 7.293707000000000698e+04 2.462281999999999971e+04 1.155787000000000080e+04 4.559975000000000364e+03 1.061176999999999907e+03 2.348958000000000084e+02
1.722633999999999942e+05 1.093941000000000058e+05 6.925286999999999534e+04 4.400348000000000320e+04 2.462281999999999971e+04 2.491890999999999985e+04 5.420372999999999593e+03 2.451367000000000189e+03 5.994167999999999665e+02 1.960421000000000049e+02
7.248394000000000233e+04 4.567263999999999942e+04 2.990663000000000102e+04 1.791704999999999927e+04 1.155787000000000080e+04 5.420372999999999593e+03 6.675715000000000146e+03 9.992983000000000402e+02 2.578605999999999767e+02 9.592360999999999649e+01
3.008293000000000029e+04 1.810459000000000015e+04 1.182472999999999956e+04 7.608391999999999825e+03 4.559975000000000364e+03 2.451367000000000189e+03 9.992983000000000402e+02 1.688563000000000102e+03 8.017512999999999579e+01 2.441705999999999932e+01
7.233332999999999629e+03 4.537570999999999913e+03 2.940568000000000211e+03 1.946488000000000056e+03 1.061176999999999907e+03 5.994167999999999665e+02 2.578605999999999767e+02 8.017512999999999579e+01 2.591628000000000043e+02 2.333324000000000176e+00
2.157461999999999989e+03 1.425642000000000053e+03 7.220381999999999607e+02 4.431483999999999810e+02 2.348958000000000084e+02 1.960421000000000049e+02 9.592360999999999649e+01 2.441705999999999932e+01 2.333324000000000176e+00 3.480494000000000199e+01
