2.104191000000000000e+06 1.179729000000000000e+06 7.165060000000000000e+05 4.635885000000000000e+05 2.426722000000000116e+05 1.277245000000000000e+05 6.040926999999999680e+04 1.900338000000000102e+04 6.196238000000000284e+03 1.061267000000000053e+03
1.179729000000000000e+06 8.985566999999999534e+05 4.627427999999999884e+05 2.981047999999999884e+05 1.581318999999999942e+05 7.960802999999999884e+04 3.801344999999999709e+04 1.206362999999999920e+04 3.745742000000000189e+03 4.097450000000000045e+02
7.165060000000000000e+05 4.627427999999999884e+05 3.804025000000000000e+05 1.917076000000000058e+05 1.008470000000000000e+05 5.101702999999999884e+04 2.326486000000000058e+04 7.563378999999999905e+03 2.399639999999999873e+03 3.601077999999999975e+02
4.635885000000000000e+05 2.981047999999999884e+05 1.917076000000000058e+05 1.652810000000000000e+05 6.668035000000000582e+04 3.311425000000000000e+04 1.607654999999999927e+04 5.041002000000000407e+03 1.411510999999999967e+03 2.627982000000000085e+02
2.426722000000000116e+05 1.581318999999999942e+05 1.008470000000000000e+05 6.668035000000000582e+04 5.727365000000000146e+04 1.825777999999999884e+04 8.927923000000000684e+03 2.901592999999999847e+03 7.520575999999999794e+02 9.196066000000000429e+01
1.277245000000000000e+05 7.960802999999999884e+04 5.101702999999999884e+04 3.311425000000000000e+04 1.825777999999999884e+04 1.852300000000000000e+04 4.323573999999999614e+03 1.294791999999999916e+03 4.034506999999999834e+02 1.077423000000000002e+02
6.040926999999999680e+04 3.801344999999999709e+04 2.326486000000000058e+04 1.607654999999999927e+04 8.927923000000000684e+03 4.323573999999999614e+03 5.112363000000000284e+03 7.781061999999999443e+02 2.167515999999999963e+02 6.771124000000000365e+01
1.900338000000000102e+04 1.206362999999999920e+04 7.563378999999999905e+03 5.041002000000000407e+03 2.901592999999999847e+03 1.294791999999999916e+03 7.781061999999999443e+02 1.128071999999999889e+03 4.354563999999999879e+01 1.180502000000000073e+01
6.196238000000000284e+03 3.745742000000000189e+03 2.399639999999999873e+03 1.411510999999999967e+03 7.520575999999999794e+02 4.034506999999999834e+02 2.167515999999999963e+02 4.354563999999999879e+01 2.087925999999999931e+02 6.752411000000000385e+00
1.061267000000000053e+03 4.097450000000000045e+02 3.601077999999999975e+02 2.627982000000000085e+02 9.196066000000000429e+01 1.077423000000000002e+02 6.771124000000000365e+01 1.180502000000000073e+01 6.752411000000000385e+00 2.482641999999999882e+01
