2.272037999999999884e+05 1.010750000000000000e+05 6.539683999999999651e+04 3.339387999999999738e+04 1.969536000000000058e+04 9.438545000000000073e+03 3.234233000000000175e+03 1.313608999999999924e+03 4.012850000000000250e+02 1.052237999999999971e+02
1.010750000000000000e+05 9.800421000000000640e+04 4.035283999999999651e+04 2.030831999999999971e+04 1.110620000000000073e+04 6.125636999999999716e+03 2.313972000000000207e+03 1.078077999999999975e+03 2.393440999999999974e+02 1.409116999999999962e+02
6.539683999999999651e+04 4.035283999999999651e+04 4.653587000000000262e+04 1.377968000000000029e+04 7.912337999999999738e+03 3.864713999999999942e+03 1.369804000000000087e+03 7.523422000000000480e+02 2.651043000000000234e+02 2.520262999999999920e+01
3.339387999999999738e+04 2.030831999999999971e+04 1.377968000000000029e+04 1.563198999999999978e+04 3.655114999999999782e+03 2.210498000000000047e+03 6.429136999999999489e+02 2.865427999999999997e+02 1.148592000000000013e+02 2.923380999999999830e+01
1.969536000000000058e+04 1.110620000000000073e+04 7.912337999999999738e+03 3.655114999999999782e+03 7.130435000000000400e+03 1.064529999999999973e+03 4.467038999999999760e+02 2.549288999999999987e+02 5.727268999999999721e+01 7.226092999999999655e+00
9.438545000000000073e+03 6.125636999999999716e+03 3.864713999999999942e+03 2.210498000000000047e+03 1.064529999999999973e+03 2.408155000000000200e+03 1.599057999999999993e+02 9.503667000000000087e+01 1.362567999999999913e+01 2.105645000000000167e+01
3.234233000000000175e+03 2.313972000000000207e+03 1.369804000000000087e+03 6.429136999999999489e+02 4.467038999999999760e+02 1.599057999999999993e+02 6.965119999999999436e+02 4.243258999999999759e+01 1.196096999999999966e+01 1.199216000000000015e+01
1.313608999999999924e+03 1.078077999999999975e+03 7.523422000000000480e+02 2.865427999999999997e+02 2.549288999999999987e+02 9.503667000000000087e+01 4.243258999999999759e+01 2.669132000000000176e+02 2.108568999999999960e+01 -1.949310000000000105e-03
4.012850000000000250e+02 2.393440999999999974e+02 2.651043000000000234e+02 1.148592000000000013e+02 5.727268999999999721e+01 1.362567999999999913e+01 1.196096999999999966e+01 2.108568999999999960e+01 5.420447000000000060e+01 5.633506999999999820e-01
1.052237999999999971e+02 1.409116999999999962e+02 2.520262999999999920e+01 2.923380999999999830e+01 7.226092999999999655e+00 2.105645000000000167e+01 1.199216000000000015e+01 -1.949310000000000105e-03 5.633506999999999820e-01 1.652819999999999823e+01
