2.834372000000000000e+06 1.550264000000000000e+06 9.861958000000000466e+05 5.939506999999999534e+05 3.526279000000000233e+05 1.845842999999999884e+05 7.662963000000000466e+04 2.994629999999999927e+04 8.267797000000000480e+03 1.805997000000000071e+03
1.550264000000000000e+06 1.172648000000000000e+06 6.242510999999999767e+05 3.793785000000000000e+05 2.194595000000000000e+05 1.187516999999999971e+05 4.803651000000000204e+04 1.860199000000000160e+04 5.739627000000000407e+03 1.060113000000000056e+03
9.861958000000000466e+05 6.242510999999999767e+05 5.057142999999999884e+05 2.416267999999999884e+05 1.396367000000000116e+05 7.347275999999999476e+04 2.956013000000000102e+04 1.196773999999999978e+04 3.497117000000000189e+03 7.846832000000000562e+02
5.939506999999999534e+05 3.793785000000000000e+05 2.416267999999999884e+05 2.055272000000000116e+05 8.422966999999999825e+04 4.586619000000000233e+04 1.827222000000000116e+04 7.685595999999999549e+03 2.007372000000000071e+03 3.922479999999999905e+02
3.526279000000000233e+05 2.194595000000000000e+05 1.396367000000000116e+05 8.422966999999999825e+04 8.089169999999999709e+04 2.762918000000000029e+04 1.139894000000000051e+04 4.782890000000000327e+03 1.117563000000000102e+03 2.365371000000000095e+02
1.845842999999999884e+05 1.187516999999999971e+05 7.347275999999999476e+04 4.586619000000000233e+04 2.762918000000000029e+04 2.574518999999999869e+04 6.324652000000000044e+03 2.367911000000000058e+03 6.642489000000000487e+02 1.461904999999999859e+02
7.662963000000000466e+04 4.803651000000000204e+04 2.956013000000000102e+04 1.827222000000000116e+04 1.139894000000000051e+04 6.324652000000000044e+03 6.956743000000000393e+03 9.034800000000000182e+02 2.336384999999999934e+02 6.129411000000000342e+01
2.994629999999999927e+04 1.860199000000000160e+04 1.196773999999999978e+04 7.685595999999999549e+03 4.782890000000000327e+03 2.367911000000000058e+03 9.034800000000000182e+02 1.551977000000000089e+03 1.163524000000000029e+02 2.106034999999999968e+01
8.267797000000000480e+03 5.739627000000000407e+03 3.497117000000000189e+03 2.007372000000000071e+03 1.117563000000000102e+03 6.642489000000000487e+02 2.336384999999999934e+02 1.163524000000000029e+02 2.528314000000000021e+02 1.199995000000000012e+01
1.805997000000000071e+03 1.060113000000000056e+03 7.846832000000000562e+02 3.922479999999999905e+02 2.365371000000000095e+02 1.461904999999999859e+02 6.129411000000000342e+01 2.106034999999999968e+01 1.199995000000000012e+01 2.841315000000000168e+01
