1.376767000000000000e+06 7.410688000000000466e+05 4.592767000000000116e+05 2.702502999999999884e+05 1.353371000000000058e+05 6.325173000000000320e+04 2.544588000000000102e+04 8.075273000000000138e+03 1.960077999999999975e+03 1.740187999999999988e+02
7.410688000000000466e+05 5.802640000000000000e+05 2.855404000000000233e+05 1.731407000000000116e+05 8.082492999999999302e+04 4.045658000000000175e+04 1.519292000000000007e+04 4.636521999999999935e+03 1.297608999999999924e+03 1.098007999999999953e+02
4.592767000000000116e+05 2.855404000000000233e+05 2.484113999999999942e+05 1.054938000000000029e+05 5.338548999999999796e+04 2.453208000000000175e+04 9.875238999999999578e+03 3.211900000000000091e+03 6.848863000000000056e+02 8.007766999999999769e+01
2.702502999999999884e+05 1.731407000000000116e+05 1.054938000000000029e+05 9.464466000000000349e+04 3.098513999999999942e+04 1.515288999999999942e+04 6.092810999999999694e+03 2.118121000000000095e+03 4.822438000000000216e+02 2.607396999999999920e+01
1.353371000000000058e+05 8.082492999999999302e+04 5.338548999999999796e+04 3.098513999999999942e+04 3.167313000000000102e+04 7.478572000000000116e+03 3.050315999999999804e+03 1.111040999999999940e+03 2.051766000000000076e+02 4.113824000000000325e+01
6.325173000000000320e+04 4.045658000000000175e+04 2.453208000000000175e+04 1.515288999999999942e+04 7.478572000000000116e+03 9.186005999999999403e+03 1.592171000000000049e+03 3.672441999999999780e+02 1.352898999999999887e+02 1.292783000000000015e+01
2.544588000000000102e+04 1.519292000000000007e+04 9.875238999999999578e+03 6.092810999999999694e+03 3.050315999999999804e+03 1.592171000000000049e+03 2.262882000000000062e+03 2.205079000000000065e+02 1.025337000000000032e+01 -7.220245000000000246e+00
8.075273000000000138e+03 4.636521999999999935e+03 3.211900000000000091e+03 2.118121000000000095e+03 1.111040999999999940e+03 3.672441999999999780e+02 2.205079000000000065e+02 5.018285000000000196e+02 1.170365999999999929e+01 2.230011000000000188e+00
1.960077999999999975e+03 1.297608999999999924e+03 6.848863000000000056e+02 4.822438000000000216e+02 2.051766000000000076e+02 1.352898999999999887e+02 1.025337000000000032e+01 1.170365999999999929e+01 7.656891000000000247e+01 -1.185181000000000040e+00
1.740187999999999988e+02 1.098007999999999953e+02 8.007766999999999769e+01 2.607396999999999920e+01 4.113824000000000325e+01 1.292783000000000015e+01 -7.220245000000000246e+00 2.230011000000000188e+00 -1.185181000000000040e+00 7.859619000000000355e+00
