1.873264000000000000e+06 1.022666000000000000e+06 6.438210999999999767e+05 3.843047000000000116e+05 1.979306000000000058e+05 1.065851999999999971e+05 4.829243000000000029e+04 1.550317000000000007e+04 5.122581000000000131e+03 6.596192999999999529e+02
1.022666000000000000e+06 8.151033000000000466e+05 4.196360999999999767e+05 2.526841000000000058e+05 1.367630000000000000e+05 6.742497000000000116e+04 2.896447000000000116e+04 9.982819999999999709e+03 2.415695999999999913e+03 3.493534000000000219e+02
6.438210999999999767e+05 4.196360999999999767e+05 3.525175999999999767e+05 1.648712999999999884e+05 8.377944999999999709e+04 4.286225000000000000e+04 1.971191999999999825e+04 5.858971999999999753e+03 1.712555000000000064e+03 2.544707999999999970e+02
3.843047000000000116e+05 2.526841000000000058e+05 1.648712999999999884e+05 1.444316000000000058e+05 5.274475000000000000e+04 2.785327000000000044e+04 1.271171999999999935e+04 4.252978000000000065e+03 1.228530999999999949e+03 1.346525000000000034e+02
1.979306000000000058e+05 1.367630000000000000e+05 8.377944999999999709e+04 5.274475000000000000e+04 4.997538999999999942e+04 1.388397999999999956e+04 6.549277000000000044e+03 2.334045999999999822e+03 5.505768000000000484e+02 6.669174999999999898e+01
1.065851999999999971e+05 6.742497000000000116e+04 4.286225000000000000e+04 2.785327000000000044e+04 1.388397999999999956e+04 1.504428000000000065e+04 3.477070999999999913e+03 1.023886999999999944e+03 2.909540999999999826e+02 9.207761999999999603e+01
4.829243000000000029e+04 2.896447000000000116e+04 1.971191999999999825e+04 1.271171999999999935e+04 6.549277000000000044e+03 3.477070999999999913e+03 4.099478000000000065e+03 5.854169000000000551e+02 1.353289000000000044e+02 2.747747999999999990e+01
1.550317000000000007e+04 9.982819999999999709e+03 5.858971999999999753e+03 4.252978000000000065e+03 2.334045999999999822e+03 1.023886999999999944e+03 5.854169000000000551e+02 8.869439999999999600e+02 4.433901000000000181e+01 1.041322000000000081e+01
5.122581000000000131e+03 2.415695999999999913e+03 1.712555000000000064e+03 1.228530999999999949e+03 5.505768000000000484e+02 2.909540999999999826e+02 1.353289000000000044e+02 4.433901000000000181e+01 1.752800000000000011e+02 2.473675000000000068e+00
6.596192999999999529e+02 3.493534000000000219e+02 2.544707999999999970e+02 1.346525000000000034e+02 6.669174999999999898e+01 9.207761999999999603e+01 2.747747999999999990e+01 1.041322000000000081e+01 2.473675000000000068e+00 2.009934000000000154e+01
