1.625433000000000000e+06 9.191096999999999534e+05 5.707610000000000000e+05 3.364807999999999884e+05 1.981638999999999942e+05 9.435013999999999942e+04 4.725515000000000146e+04 1.516609000000000015e+04 2.635849999999999909e+03 7.129991999999999734e+02
9.191096999999999534e+05 8.063294000000000233e+05 3.873887999999999884e+05 2.341027000000000116e+05 1.298840000000000000e+05 6.481479000000000087e+04 3.147213000000000102e+04 9.758852000000000771e+03 1.760234999999999900e+03 2.857649999999999864e+02
5.707610000000000000e+05 3.873887999999999884e+05 3.325577999999999884e+05 1.426887999999999884e+05 8.254807000000000698e+04 3.968384999999999854e+04 1.922706000000000131e+04 6.473591000000000349e+03 1.348615000000000009e+03 2.900047000000000139e+02
3.364807999999999884e+05 2.341027000000000116e+05 1.426887999999999884e+05 1.321047999999999884e+05 5.115502999999999884e+04 2.485547000000000116e+04 1.165787000000000080e+04 3.470822999999999865e+03 8.847646999999999480e+02 2.218685000000000116e+02
1.981638999999999942e+05 1.298840000000000000e+05 8.254807000000000698e+04 5.115502999999999884e+04 4.780144999999999709e+04 1.449918000000000029e+04 7.778694999999999709e+03 2.652273999999999887e+03 4.402244000000000028e+02 1.280892000000000053e+02
9.435013999999999942e+04 6.481479000000000087e+04 3.968384999999999854e+04 2.485547000000000116e+04 1.449918000000000029e+04 1.659943999999999869e+04 3.983237999999999829e+03 1.334366999999999962e+03 2.175157000000000096e+02 6.715958999999999435e+01
4.725515000000000146e+04 3.147213000000000102e+04 1.922706000000000131e+04 1.165787000000000080e+04 7.778694999999999709e+03 3.983237999999999829e+03 5.199712999999999738e+03 6.408767000000000280e+02 9.571502999999999872e+01 1.229429999999999978e+01
1.516609000000000015e+04 9.758852000000000771e+03 6.473591000000000349e+03 3.470822999999999865e+03 2.652273999999999887e+03 1.334366999999999962e+03 6.408767000000000280e+02 1.010115000000000009e+03 9.569943999999999562e+01 8.013614999999999711e+00
2.635849999999999909e+03 1.760234999999999900e+03 1.348615000000000009e+03 8.847646999999999480e+02 4.402244000000000028e+02 2.175157000000000096e+02 9.571502999999999872e+01 9.569943999999999562e+01 1.677264999999999873e+02 6.249488999999999628e+00
7.129991999999999734e+02 2.857649999999999864e+02 2.900047000000000139e+02 2.218685000000000116e+02 1.280892000000000053e+02 6.715958999999999435e+01 1.229429999999999978e+01 8.013614999999999711e+00 6.249488999999999628e+00 2.192389000000000010e+01
