1.735759000000000000e+06 1.023603000000000000e+06 6.353806999999999534e+05 3.766260999999999767e+05 2.313542999999999884e+05 1.073578999999999942e+05 6.411329000000000087e+04 1.814068999999999869e+04 3.588871000000000095e+03 8.759927999999999884e+02
1.023603000000000000e+06 9.122000999999999767e+05 4.546024000000000233e+05 2.680412000000000116e+05 1.623298999999999942e+05 7.779433000000000175e+04 4.400655000000000291e+04 1.345855999999999949e+04 2.670489000000000033e+03 5.136471999999999980e+02
6.353806999999999534e+05 4.546024000000000233e+05 3.859875999999999767e+05 1.690657000000000116e+05 9.844071000000000640e+04 4.627448000000000320e+04 2.726245000000000073e+04 8.258074000000000524e+03 1.730386999999999944e+03 3.065484999999999900e+02
3.766260999999999767e+05 2.680412000000000116e+05 1.690657000000000116e+05 1.478586000000000058e+05 5.998388999999999942e+04 2.912159999999999854e+04 1.577819000000000051e+04 4.791140000000000327e+03 1.196260999999999967e+03 2.367632000000000119e+02
2.313542999999999884e+05 1.623298999999999942e+05 9.844071000000000640e+04 5.998388999999999942e+04 6.041187999999999738e+04 1.800663999999999942e+04 1.097789999999999964e+04 3.136849999999999909e+03 5.152281000000000404e+02 1.978803000000000054e+02
1.073578999999999942e+05 7.779433000000000175e+04 4.627448000000000320e+04 2.912159999999999854e+04 1.800663999999999942e+04 1.969597000000000116e+04 5.078243999999999687e+03 1.635631000000000085e+03 3.290767000000000166e+02 9.631346999999999525e+01
6.411329000000000087e+04 4.400655000000000291e+04 2.726245000000000073e+04 1.577819000000000051e+04 1.097789999999999964e+04 5.078243999999999687e+03 7.267119999999999891e+03 1.068249000000000024e+03 2.242076999999999884e+02 3.666848000000000241e+01
1.814068999999999869e+04 1.345855999999999949e+04 8.258074000000000524e+03 4.791140000000000327e+03 3.136849999999999909e+03 1.635631000000000085e+03 1.068249000000000024e+03 1.344859999999999900e+03 8.740318000000000609e+01 3.255348000000000130e+00
3.588871000000000095e+03 2.670489000000000033e+03 1.730386999999999944e+03 1.196260999999999967e+03 5.152281000000000404e+02 3.290767000000000166e+02 2.242076999999999884e+02 8.740318000000000609e+01 2.444415999999999940e+02 1.635666000000000153e+01
8.759927999999999884e+02 5.136471999999999980e+02 3.065484999999999900e+02 2.367632000000000119e+02 1.978803000000000054e+02 9.631346999999999525e+01 3.666848000000000241e+01 3.255348000000000130e+00 1.635666000000000153e+01 2.930008000000000123e+01
