3.392162000000000262e+04 9.098880999999999403e+03 6.003564000000000306e+03 2.974492000000000189e+03 1.287292999999999893e+03 6.118650999999999840e+02 1.211379000000000019e+02 2.869385000000000119e+01 -1.309936999999999907e+00
9.098880999999999403e+03 1.366876000000000022e+04 2.986143000000000029e+03 1.628269000000000005e+03 8.468759000000000015e+02 3.735600000000000023e+02 6.156311999999999784e+01 1.789467000000000141e+01 3.475620000000000154e+00
6.003564000000000306e+03 2.986143000000000029e+03 6.306172999999999774e+03 1.280538999999999987e+03 3.243321000000000254e+02 1.978218999999999994e+02 2.426891000000000176e+01 5.196860999999999819e+01 2.097653000000000034e+01
2.974492000000000189e+03 1.628269000000000005e+03 1.280538999999999987e+03 2.400378999999999905e+03 2.397787999999999897e+02 1.363483999999999980e+02 2.570361000000000118e+01 1.990635999999999939e+01 5.974636000000000280e+00
1.287292999999999893e+03 8.468759000000000015e+02 3.243321000000000254e+02 2.397787999999999897e+02 8.296712999999999738e+02 2.979130999999999929e+01 2.361394999999999911e+01 1.023778000000000077e+01 2.309933000000000014e+00
6.118650999999999840e+02 3.735600000000000023e+02 1.978218999999999994e+02 1.363483999999999980e+02 2.979130999999999929e+01 3.254861000000000217e+02 2.250674000000000063e+01 -2.206618999999999886e+00 -8.011665000000000036e-01
1.211379000000000019e+02 6.156311999999999784e+01 2.426891000000000176e+01 2.570361000000000118e+01 2.361394999999999911e+01 2.250674000000000063e+01 9.599183999999999628e+01 -5.146178999999999615e-01 -8.771896000000000138e-01
2.869385000000000119e+01 1.789467000000000141e+01 5.196860999999999819e+01 1.990635999999999939e+01 1.023778000000000077e+01 -2.206618999999999886e+00 -5.146178999999999615e-01 1.918121000000000009e+01 -1.949309999999999932e-01
-1.309936999999999907e+00 3.475620000000000154e+00 2.097653000000000034e+01 5.974636000000000280e+00 2.309933000000000014e+00 -8.011665000000000036e-01 -8.771896000000000138e-01 -1.949309999999999932e-01 4.941501999999999839e+00
