2.334979000000000000e+06 1.320810000000000000e+06 8.333554000000000233e+05 5.116785999999999767e+05 2.992400000000000000e+05 1.775303999999999942e+05 7.830494000000000233e+04 3.489423000000000320e+04 9.150308000000000902e+03 1.663978000000000065e+03
1.320810000000000000e+06 1.095284000000000000e+06 5.633016999999999534e+05 3.393927999999999884e+05 1.977503999999999942e+05 1.147526000000000058e+05 5.351608999999999651e+04 2.574770000000000073e+04 6.822144000000000233e+03 9.287215999999999667e+02
8.333554000000000233e+05 5.633016999999999534e+05 4.906669000000000233e+05 2.208303999999999942e+05 1.319708999999999942e+05 7.410250000000000000e+04 3.334723000000000320e+04 1.688163000000000102e+04 4.446617000000000189e+03 4.827662000000000262e+02
5.116785999999999767e+05 3.393927999999999884e+05 2.208303999999999942e+05 1.985392999999999884e+05 8.022164999999999418e+04 4.446191000000000349e+04 1.872243999999999869e+04 9.024028000000000247e+03 2.555452000000000226e+03 3.795697000000000116e+02
2.992400000000000000e+05 1.977503999999999942e+05 1.319708999999999942e+05 8.022164999999999418e+04 7.853946000000000640e+04 2.828909999999999854e+04 1.201303000000000065e+04 5.963805999999999585e+03 1.594868999999999915e+03 1.256525000000000034e+02
1.775303999999999942e+05 1.147526000000000058e+05 7.410250000000000000e+04 4.446191000000000349e+04 2.828909999999999854e+04 2.999170000000000073e+04 7.305314999999999600e+03 3.504570999999999913e+03 7.774492999999999938e+02 1.134732999999999947e+02
7.830494000000000233e+04 5.351608999999999651e+04 3.334723000000000320e+04 1.872243999999999869e+04 1.201303000000000065e+04 7.305314999999999600e+03 8.787192999999999302e+03 1.763119999999999891e+03 3.812830999999999904e+02 9.212439999999999429e+01
3.489423000000000320e+04 2.574770000000000073e+04 1.688163000000000102e+04 9.024028000000000247e+03 5.963805999999999585e+03 3.504570999999999913e+03 1.763119999999999891e+03 2.626079999999999927e+03 2.225723000000000127e+02 1.624944999999999951e+01
9.150308000000000902e+03 6.822144000000000233e+03 4.446617000000000189e+03 2.555452000000000226e+03 1.594868999999999915e+03 7.774492999999999938e+02 3.812830999999999904e+02 2.225723000000000127e+02 3.917782000000000266e+02 6.853774999999999729e+00
1.663978000000000065e+03 9.287215999999999667e+02 4.827662000000000262e+02 3.795697000000000116e+02 1.256525000000000034e+02 1.134732999999999947e+02 9.212439999999999429e+01 1.624944999999999951e+01 6.853774999999999729e+00 4.812456999999999852e+01
