2.506943000000000000e+06 1.419363000000000000e+06 8.676568000000000466e+05 5.437626999999999534e+05 3.192625999999999767e+05 1.942152999999999884e+05 8.161313000000000466e+04 3.641587000000000262e+04 1.154594000000000051e+04 1.846772999999999911e+03
1.419363000000000000e+06 1.157795000000000000e+06 5.881429000000000233e+05 3.692629000000000233e+05 2.072002999999999884e+05 1.242828000000000029e+05 5.404626999999999680e+04 2.739972999999999956e+04 7.959841000000000349e+03 1.073996000000000095e+03
8.676568000000000466e+05 5.881429000000000233e+05 5.033832000000000116e+05 2.311063999999999942e+05 1.365031000000000058e+05 7.872169000000000233e+04 3.510855999999999767e+04 1.607362000000000080e+04 5.466729999999999563e+03 6.172472000000000207e+02
5.437626999999999534e+05 3.692629000000000233e+05 2.311063999999999942e+05 2.061247999999999884e+05 8.849022999999999593e+04 4.731551999999999680e+04 1.997072999999999956e+04 9.064300999999999476e+03 2.961072999999999865e+03 3.758036000000000172e+02
3.192625999999999767e+05 2.072002999999999884e+05 1.365031000000000058e+05 8.849022999999999593e+04 8.183400999999999476e+04 3.041590999999999985e+04 1.227972999999999956e+04 5.857180000000000291e+03 1.777635999999999967e+03 2.116034999999999968e+02
1.942152999999999884e+05 1.242828000000000029e+05 7.872169000000000233e+04 4.731551999999999680e+04 3.041590999999999985e+04 3.149429000000000087e+04 8.087751000000000204e+03 3.820329999999999927e+03 9.774446000000000367e+02 1.443991000000000042e+02
8.161313000000000466e+04 5.404626999999999680e+04 3.510855999999999767e+04 1.997072999999999956e+04 1.227972999999999956e+04 8.087751000000000204e+03 9.000262000000000626e+03 1.534855999999999995e+03 4.911170000000000186e+02 1.176291999999999973e+02
3.641587000000000262e+04 2.739972999999999956e+04 1.607362000000000080e+04 9.064300999999999476e+03 5.857180000000000291e+03 3.820329999999999927e+03 1.534855999999999995e+03 2.554436999999999898e+03 2.311667999999999950e+02 3.599011999999999745e+01
1.154594000000000051e+04 7.959841000000000349e+03 5.466729999999999563e+03 2.961072999999999865e+03 1.777635999999999967e+03 9.774446000000000367e+02 4.911170000000000186e+02 2.311667999999999950e+02 4.139848000000000070e+02 1.546387999999999963e+01
1.846772999999999911e+03 1.073996000000000095e+03 6.172472000000000207e+02 3.758036000000000172e+02 2.116034999999999968e+02 1.443991000000000042e+02 1.176291999999999973e+02 3.599011999999999745e+01 1.546387999999999963e+01 5.058655000000000257e+01
