2.125353000000000000e+06 1.212992000000000000e+06 7.750710999999999767e+05 4.853369000000000233e+05 2.662652999999999884e+05 1.568083999999999942e+05 7.919746000000000640e+04 2.849827999999999884e+04 7.222920000000000073e+03 1.626643000000000029e+03
1.212992000000000000e+06 1.043976000000000000e+06 5.332685000000000000e+05 3.163965000000000000e+05 1.793136000000000058e+05 1.028118999999999942e+05 5.499130999999999767e+04 2.022350000000000000e+04 5.337024000000000342e+03 9.322926999999999680e+02
7.750710999999999767e+05 5.332685000000000000e+05 4.706592000000000116e+05 2.052105000000000000e+05 1.154046999999999971e+05 6.857955999999999767e+04 3.417052999999999884e+04 1.264186000000000058e+04 3.170903999999999996e+03 5.079083999999999719e+02
4.853369000000000233e+05 3.163965000000000000e+05 2.052105000000000000e+05 1.868282000000000116e+05 7.131338999999999942e+04 4.126526000000000204e+04 2.000768999999999869e+04 7.633713999999999942e+03 2.113028999999999996e+03 3.969517000000000166e+02
2.662652999999999884e+05 1.793136000000000058e+05 1.154046999999999971e+05 7.131338999999999942e+04 7.198474000000000524e+04 2.490611999999999898e+04 1.189825000000000000e+04 4.734698999999999614e+03 1.007067999999999984e+03 2.172720999999999947e+02
1.568083999999999942e+05 1.028118999999999942e+05 6.857955999999999767e+04 4.126526000000000204e+04 2.490611999999999898e+04 2.779777000000000044e+04 7.171493000000000393e+03 2.814465000000000146e+03 4.566922000000000139e+02 1.643873000000000104e+02
7.919746000000000640e+04 5.499130999999999767e+04 3.417052999999999884e+04 2.000768999999999869e+04 1.189825000000000000e+04 7.171493000000000393e+03 8.542711999999999534e+03 1.548539999999999964e+03 2.683965999999999781e+02 1.106389999999999958e+02
2.849827999999999884e+04 2.022350000000000000e+04 1.264186000000000058e+04 7.633713999999999942e+03 4.734698999999999614e+03 2.814465000000000146e+03 1.548539999999999964e+03 2.123275000000000091e+03 1.527790999999999997e+02 2.060420999999999836e+01
7.222920000000000073e+03 5.337024000000000342e+03 3.170903999999999996e+03 2.113028999999999996e+03 1.007067999999999984e+03 4.566922000000000139e+02 2.683965999999999781e+02 1.527790999999999997e+02 3.168487000000000080e+02 1.059645000000000081e+01
1.626643000000000029e+03 9.322926999999999680e+02 5.079083999999999719e+02 3.969517000000000166e+02 2.172720999999999947e+02 1.643873000000000104e+02 1.106389999999999958e+02 2.060420999999999836e+01 1.059645000000000081e+01 3.963922999999999774e+01
