1.996532000000000000e+06 1.111759000000000000e+06 7.192800999999999767e+05 4.227667999999999884e+05 2.502516000000000058e+05 1.312117999999999884e+05 7.411924000000000524e+04 2.233888000000000102e+04 5.675041000000000167e+03 1.302019999999999982e+03
1.111759000000000000e+06 9.433969000000000233e+05 4.988787000000000116e+05 2.825040999999999767e+05 1.720602000000000116e+05 8.933524000000000524e+04 4.749458999999999651e+04 1.506729999999999927e+04 3.652853999999999814e+03 5.287328999999999724e+02
7.192800999999999767e+05 4.988787000000000116e+05 4.402452999999999884e+05 1.862855000000000000e+05 1.063336999999999971e+05 6.024205000000000291e+04 3.046529000000000087e+04 1.034354000000000087e+04 2.380469000000000051e+03 5.478205000000000382e+02
4.227667999999999884e+05 2.825040999999999767e+05 1.862855000000000000e+05 1.675042000000000116e+05 6.528355999999999767e+04 3.499584999999999854e+04 1.774881000000000131e+04 6.145940999999999804e+03 1.567040999999999940e+03 2.597085999999999899e+02
2.502516000000000058e+05 1.720602000000000116e+05 1.063336999999999971e+05 6.528355999999999767e+04 6.833655999999999767e+04 2.118968999999999869e+04 1.077267000000000007e+04 3.676086999999999989e+03 7.534338000000000193e+02 2.165001000000000033e+02
1.312117999999999884e+05 8.933524000000000524e+04 6.024205000000000291e+04 3.499584999999999854e+04 2.118968999999999869e+04 2.334520000000000073e+04 6.126314000000000306e+03 2.012593000000000075e+03 4.268385000000000105e+02 1.535140000000000100e+02
7.411924000000000524e+04 4.749458999999999651e+04 3.046529000000000087e+04 1.774881000000000131e+04 1.077267000000000007e+04 6.126314000000000306e+03 7.894237000000000080e+03 1.260440000000000055e+03 2.335526999999999873e+02 7.768586000000000524e+01
2.233888000000000102e+04 1.506729999999999927e+04 1.034354000000000087e+04 6.145940999999999804e+03 3.676086999999999989e+03 2.012593000000000075e+03 1.260440000000000055e+03 1.532500999999999976e+03 1.212314999999999969e+02 8.202697999999999823e+00
5.675041000000000167e+03 3.652853999999999814e+03 2.380469000000000051e+03 1.567040999999999940e+03 7.534338000000000193e+02 4.268385000000000105e+02 2.335526999999999873e+02 1.212314999999999969e+02 2.812133999999999787e+02 1.209937000000000040e+01
1.302019999999999982e+03 5.287328999999999724e+02 5.478205000000000382e+02 2.597085999999999899e+02 2.165001000000000033e+02 1.535140000000000100e+02 7.768586000000000524e+01 8.202697999999999823e+00 1.209937000000000040e+01 3.129617999999999967e+01
