1.480903000000000000e+06 8.055610000000000000e+05 4.894077999999999884e+05 3.076652000000000116e+05 1.671613999999999942e+05 8.629236999999999534e+04 3.704737999999999738e+04 1.360955999999999949e+04 2.945976999999999862e+03 6.080211000000000467e+02
8.055610000000000000e+05 6.897679000000000233e+05 3.305727000000000116e+05 2.004317999999999884e+05 1.093281999999999971e+05 5.632387999999999738e+04 2.506522000000000116e+04 9.366879999999999200e+03 2.094503000000000156e+03 2.889424000000000206e+02
4.894077999999999884e+05 3.305727000000000116e+05 2.871107000000000116e+05 1.228603000000000029e+05 6.833294000000000233e+04 3.470959999999999854e+04 1.655199000000000160e+04 5.213323000000000320e+03 1.101990000000000009e+03 1.732683000000000106e+02
3.076652000000000116e+05 2.004317999999999884e+05 1.228603000000000029e+05 1.187211000000000058e+05 4.406512999999999738e+04 2.340465000000000146e+04 9.865840000000000146e+03 3.425552000000000135e+03 8.232113000000000511e+02 2.028394000000000119e+02
1.671613999999999942e+05 1.093281999999999971e+05 6.833294000000000233e+04 4.406512999999999738e+04 4.297869999999999709e+04 1.246735000000000036e+04 6.538171999999999571e+03 2.517960999999999785e+03 5.305886000000000422e+02 1.025591000000000008e+02
8.629236999999999534e+04 5.632387999999999738e+04 3.470959999999999854e+04 2.340465000000000146e+04 1.246735000000000036e+04 1.475480999999999949e+04 3.098532000000000153e+03 1.070079999999999927e+03 2.113968999999999880e+02 5.232533999999999708e+01
3.704737999999999738e+04 2.506522000000000116e+04 1.655199000000000160e+04 9.865840000000000146e+03 6.538171999999999571e+03 3.098532000000000153e+03 4.384043999999999869e+03 5.247680000000000291e+02 1.352060999999999922e+02 2.592777999999999849e+01
1.360955999999999949e+04 9.366879999999999200e+03 5.213323000000000320e+03 3.425552000000000135e+03 2.517960999999999785e+03 1.070079999999999927e+03 5.247680000000000291e+02 1.035815000000000055e+03 6.591983000000000459e+01 2.863536999999999999e+00
2.945976999999999862e+03 2.094503000000000156e+03 1.101990000000000009e+03 8.232113000000000511e+02 5.305886000000000422e+02 2.113968999999999880e+02 1.352060999999999922e+02 6.591983000000000459e+01 1.596231999999999971e+02 3.046771999999999814e+00
6.080211000000000467e+02 2.889424000000000206e+02 1.732683000000000106e+02 2.028394000000000119e+02 1.025591000000000008e+02 5.232533999999999708e+01 2.592777999999999849e+01 2.863536999999999999e+00 3.046771999999999814e+00 2.009934000000000154e+01
