1.180151000000000000e+06 6.508310999999999767e+05 4.016810999999999767e+05 2.240086000000000058e+05 1.067528000000000029e+05 5.477698000000000320e+04 1.632568000000000029e+04 4.285077000000000226e+03 7.479054999999999609e+02 1.181651999999999987e+02
6.508310999999999767e+05 5.236787999999999884e+05 2.542123999999999942e+05 1.471856000000000058e+05 6.898383000000000175e+04 3.491273000000000320e+04 1.094361000000000058e+04 2.554545999999999822e+03 6.115669000000000324e+02 1.415063000000000102e+02
4.016810999999999767e+05 2.542123999999999942e+05 2.156205000000000000e+05 8.813571000000000640e+04 4.580906999999999971e+04 2.230324000000000160e+04 6.939591000000000349e+03 2.263067000000000007e+03 3.936632000000000176e+02 9.971501999999999555e+01
2.240086000000000058e+05 1.471856000000000058e+05 8.813571000000000640e+04 7.886024000000000524e+04 2.444670000000000073e+04 1.186581999999999971e+04 3.499612000000000080e+03 1.175416999999999916e+03 2.751471000000000231e+02 3.666458000000000084e+01
1.067528000000000029e+05 6.898383000000000175e+04 4.580906999999999971e+04 2.444670000000000073e+04 2.534320999999999913e+04 6.489858000000000175e+03 1.912615999999999985e+03 6.288748000000000502e+02 1.365258000000000038e+02 1.290053999999999945e+01
5.477698000000000320e+04 3.491273000000000320e+04 2.230324000000000160e+04 1.186581999999999971e+04 6.489858000000000175e+03 7.713137999999999920e+03 8.523242000000000189e+02 4.162538000000000125e+02 6.453582000000000107e+01 6.808940999999999910e+00
1.632568000000000029e+04 1.094361000000000058e+04 6.939591000000000349e+03 3.499612000000000080e+03 1.912615999999999985e+03 8.523242000000000189e+02 1.814667999999999893e+03 6.845198000000000604e+01 9.941482999999999848e+00 1.473678999999999961e+00
4.285077000000000226e+03 2.554545999999999822e+03 2.263067000000000007e+03 1.175416999999999916e+03 6.288748000000000502e+02 4.162538000000000125e+02 6.845198000000000604e+01 4.415090000000000146e+02 2.836246000000000045e+00 -2.165684000000000164e+00
7.479054999999999609e+02 6.115669000000000324e+02 3.936632000000000176e+02 2.751471000000000231e+02 1.365258000000000038e+02 6.453582000000000107e+01 9.941482999999999848e+00 2.836246000000000045e+00 8.065270999999999901e+01 -3.879128000000000021e-01
1.181651999999999987e+02 1.415063000000000102e+02 9.971501999999999555e+01 3.666458000000000084e+01 1.290053999999999945e+01 6.808940999999999910e+00 1.473678999999999961e+00 -2.165684000000000164e+00 -3.879128000000000021e-01 8.824528000000000816e+00
