2.862304000000000000e+06 1.591243000000000000e+06 9.834550000000000000e+05 5.955749000000000233e+05 3.327515999999999767e+05 1.741937000000000116e+05 6.745580999999999767e+04 2.731454000000000087e+04 4.488139000000000124e+03 5.765552999999999884e+02
1.591243000000000000e+06 1.224938000000000000e+06 6.320176999999999534e+05 3.865040999999999767e+05 2.085933999999999942e+05 1.130416000000000058e+05 4.178700000000000000e+04 1.731175000000000000e+04 2.977461999999999989e+03 2.799229000000000269e+02
9.834550000000000000e+05 6.320176999999999534e+05 4.954397000000000116e+05 2.386477000000000116e+05 1.337077000000000116e+05 7.043544999999999709e+04 2.671463000000000102e+04 1.003636000000000058e+04 1.670691000000000031e+03 2.513498999999999910e+02
5.955749000000000233e+05 3.865040999999999767e+05 2.386477000000000116e+05 2.029117000000000116e+05 8.081763000000000466e+04 4.148072000000000116e+04 1.580794000000000051e+04 6.474770999999999731e+03 1.203059999999999945e+03 1.670500000000000114e+02
3.327515999999999767e+05 2.085933999999999942e+05 1.337077000000000116e+05 8.081763000000000466e+04 6.882602999999999884e+04 2.541168000000000029e+04 9.212244000000000597e+03 3.984597000000000207e+03 5.249180999999999813e+02 4.988089999999999691e+01
1.741937000000000116e+05 1.130416000000000058e+05 7.043544999999999709e+04 4.148072000000000116e+04 2.541168000000000029e+04 2.486633000000000175e+04 5.405097999999999956e+03 2.099664999999999964e+03 3.280923000000000229e+02 7.867027000000000214e+01
6.745580999999999767e+04 4.178700000000000000e+04 2.671463000000000102e+04 1.580794000000000051e+04 9.212244000000000597e+03 5.405097999999999956e+03 5.498036000000000058e+03 6.687889000000000124e+02 1.407012000000000000e+02 2.241122000000000014e+01
2.731454000000000087e+04 1.731175000000000000e+04 1.003636000000000058e+04 6.474770999999999731e+03 3.984597000000000207e+03 2.099664999999999964e+03 6.687889000000000124e+02 1.459573000000000093e+03 8.612833000000000538e+01 1.138006999999999991e+01
4.488139000000000124e+03 2.977461999999999989e+03 1.670691000000000031e+03 1.203059999999999945e+03 5.249180999999999813e+02 3.280923000000000229e+02 1.407012000000000000e+02 8.612833000000000538e+01 2.025723000000000127e+02 3.017532000000000103e+00
5.765552999999999884e+02 2.799229000000000269e+02 2.513498999999999910e+02 1.670500000000000114e+02 4.988089999999999691e+01 7.867027000000000214e+01 2.241122000000000014e+01 1.138006999999999991e+01 3.017532000000000103e+00 1.825919000000000025e+01
