1.990397000000000116e+05 8.610878999999999360e+04 4.786459999999999854e+04 2.327265000000000146e+04 1.064846999999999935e+04 5.416018000000000029e+03 2.374485999999999876e+03 1.155061999999999898e+03 7.778918000000000177e+01 -1.352430999999999983e+01
8.610878999999999360e+04 7.925255999999999767e+04 2.928938999999999942e+04 1.400770999999999913e+04 7.617110999999999876e+03 3.290958000000000084e+03 1.359691000000000031e+03 6.272432000000000016e+02 7.440516999999999825e+01 -2.218315000000000037e+00
4.786459999999999854e+04 2.928938999999999942e+04 3.237950999999999840e+04 8.333550999999999476e+03 4.677269000000000233e+03 2.066518000000000029e+03 8.058605000000000018e+02 4.374408000000000243e+02 3.714605999999999852e+01 9.637389999999999901e+00
2.327265000000000146e+04 1.400770999999999913e+04 8.333550999999999476e+03 1.095987999999999920e+04 1.942345000000000027e+03 8.286986000000000558e+02 3.632189000000000192e+02 1.499624000000000024e+02 1.156720999999999933e+01 2.140343000000000107e+00
1.064846999999999935e+04 7.617110999999999876e+03 4.677269000000000233e+03 1.942345000000000027e+03 4.264838999999999942e+03 6.672332999999999856e+02 2.352505999999999915e+02 1.066487000000000052e+02 4.795303000000000204e-01 1.313835000000000086e+00
5.416018000000000029e+03 3.290958000000000084e+03 2.066518000000000029e+03 8.286986000000000558e+02 6.672332999999999856e+02 1.535213999999999942e+03 1.484907000000000039e+02 4.800760999999999967e+01 1.685763999999999996e+01 -8.265076000000000089e-01
2.374485999999999876e+03 1.359691000000000031e+03 8.058605000000000018e+02 3.632189000000000192e+02 2.352505999999999915e+02 1.484907000000000039e+02 4.413550000000000182e+02 3.308368999999999716e+01 -5.380095999999999989e+00 -1.668609999999999927e+00
1.155061999999999898e+03 6.272432000000000016e+02 4.374408000000000243e+02 1.499624000000000024e+02 1.066487000000000052e+02 4.800760999999999967e+01 3.308368999999999716e+01 1.451202999999999861e+02 1.988296999999999981e-01 -5.263138000000000538e-01
7.778918000000000177e+01 7.440516999999999825e+01 3.714605999999999852e+01 1.156720999999999933e+01 4.795303000000000204e-01 1.685763999999999996e+01 -5.380095999999999989e+00 1.988296999999999981e-01 2.101357000000000141e+01 -8.576965000000000283e-02
-1.352430999999999983e+01 -2.218315000000000037e+00 9.637389999999999901e+00 2.140343000000000107e+00 1.313835000000000086e+00 -8.265076000000000089e-01 -1.668609999999999927e+00 -5.263138000000000538e-01 -8.576965000000000283e-02 1.988296999999999981e+00
