2.729849000000000000e+06 1.529543000000000000e+06 9.274476999999999534e+05 5.828018000000000466e+05 2.999670999999999767e+05 1.679492999999999884e+05 6.503690000000000146e+04 2.547349000000000160e+04 4.470534999999999854e+03 4.732262999999999806e+02
1.529543000000000000e+06 1.176503000000000000e+06 6.034131999999999534e+05 3.772790000000000000e+05 1.914567000000000116e+05 1.067270000000000000e+05 4.036063999999999942e+04 1.639924000000000160e+04 2.897375000000000000e+03 3.572423000000000002e+02
9.274476999999999534e+05 6.034131999999999534e+05 4.629784000000000233e+05 2.248411000000000058e+05 1.208581000000000058e+05 6.655941000000000349e+04 2.581177000000000044e+04 9.680292999999999665e+03 1.603001999999999953e+03 1.579447999999999865e+02
5.828018000000000466e+05 3.772790000000000000e+05 2.248411000000000058e+05 1.965017000000000116e+05 7.558683999999999651e+04 4.130026000000000204e+04 1.566594000000000051e+04 6.293846999999999753e+03 1.010359000000000037e+03 1.596407000000000096e+02
2.999670999999999767e+05 1.914567000000000116e+05 1.208581000000000058e+05 7.558683999999999651e+04 6.547373000000000320e+04 2.297449000000000160e+04 8.909523999999999432e+03 3.774806000000000040e+03 5.249044000000000096e+02 8.631156000000000006e+01
1.679492999999999884e+05 1.067270000000000000e+05 6.655941000000000349e+04 4.130026000000000204e+04 2.297449000000000160e+04 2.440349000000000160e+04 5.181823999999999614e+03 1.970452999999999975e+03 3.881818000000000097e+02 7.341102999999999668e+01
6.503690000000000146e+04 4.036063999999999942e+04 2.581177000000000044e+04 1.566594000000000051e+04 8.909523999999999432e+03 5.181823999999999614e+03 5.252750000000000000e+03 6.662722999999999729e+02 1.727108000000000061e+02 2.631959000000000160e+01
2.547349000000000160e+04 1.639924000000000160e+04 9.680292999999999665e+03 6.293846999999999753e+03 3.774806000000000040e+03 1.970452999999999975e+03 6.662722999999999729e+02 1.388280999999999949e+03 5.851245000000000118e+01 1.194147000000000070e+01
4.470534999999999854e+03 2.897375000000000000e+03 1.603001999999999953e+03 1.010359000000000037e+03 5.249044000000000096e+02 3.881818000000000097e+02 1.727108000000000061e+02 5.851245000000000118e+01 1.933695999999999913e+02 1.282645999999999953e+00
4.732262999999999806e+02 3.572423000000000002e+02 1.579447999999999865e+02 1.596407000000000096e+02 8.631156000000000006e+01 7.341102999999999668e+01 2.631959000000000160e+01 1.194147000000000070e+01 1.282645999999999953e+00 1.733326999999999884e+01
