1.702598000000000000e+06 9.253950000000000000e+05 5.709666999999999534e+05 3.577987000000000116e+05 1.599367000000000116e+05 8.519189999999999418e+04 2.638133000000000175e+04 9.387174999999999272e+03 1.416541999999999916e+03 3.258408999999999764e+02
9.253950000000000000e+05 7.514760999999999767e+05 3.703324000000000233e+05 2.311662999999999884e+05 1.040303000000000029e+05 5.413044999999999709e+04 1.770043999999999869e+04 6.009581000000000131e+03 1.046844000000000051e+03 2.521256999999999948e+02
5.709666999999999534e+05 3.703324000000000233e+05 2.950582000000000116e+05 1.368037999999999884e+05 6.683933000000000175e+04 3.502279000000000087e+04 1.100712000000000080e+04 3.511498999999999796e+03 7.551199000000000296e+02 1.829428000000000054e+02
3.577987000000000116e+05 2.311662999999999884e+05 1.368037999999999884e+05 1.188038000000000029e+05 4.025829000000000087e+04 2.033065000000000146e+04 6.762234999999999673e+03 2.788967999999999847e+03 4.091797000000000253e+02 1.156136000000000053e+02
1.599367000000000116e+05 1.040303000000000029e+05 6.683933000000000175e+04 4.025829000000000087e+04 3.747412999999999738e+04 9.852209999999999127e+03 3.344376999999999953e+03 1.216902000000000044e+03 2.619698000000000206e+02 5.614598000000000155e+01
8.519189999999999418e+04 5.413044999999999709e+04 3.502279000000000087e+04 2.033065000000000146e+04 9.852209999999999127e+03 1.275278000000000065e+04 1.635657999999999902e+03 4.962885999999999740e+02 1.460326000000000022e+02 2.625916000000000139e+01
2.638133000000000175e+04 1.770043999999999869e+04 1.100712000000000080e+04 6.762234999999999673e+03 3.344376999999999953e+03 1.635657999999999902e+03 2.601782999999999902e+03 1.737381000000000029e+02 2.050674000000000063e+01 1.146194000000000024e+01
9.387174999999999272e+03 6.009581000000000131e+03 3.511498999999999796e+03 2.788967999999999847e+03 1.216902000000000044e+03 4.962885999999999740e+02 1.737381000000000029e+02 5.987949999999999591e+02 1.423971000000000053e+01 6.481456999999999802e+00
1.416541999999999916e+03 1.046844000000000051e+03 7.551199000000000296e+02 4.091797000000000253e+02 2.619698000000000206e+02 1.460326000000000022e+02 2.050674000000000063e+01 1.423971000000000053e+01 1.071633000000000067e+02 -4.093552000000000302e-02
3.258408999999999764e+02 2.521256999999999948e+02 1.829428000000000054e+02 1.156136000000000053e+02 5.614598000000000155e+01 2.625916000000000139e+01 1.146194000000000024e+01 6.481456999999999802e+00 -4.093552000000000302e-02 1.074264999999999937e+01
