2.266051000000000000e+06 1.250532000000000000e+06 7.667188000000000466e+05 4.643547000000000116e+05 2.512862000000000116e+05 1.234793999999999942e+05 4.236343000000000029e+04 1.724974000000000160e+04 3.611400999999999840e+03 4.561113000000000284e+02
1.250532000000000000e+06 1.003328000000000000e+06 5.002447999999999884e+05 3.010914000000000233e+05 1.634901000000000058e+05 7.904644999999999709e+04 2.809615000000000146e+04 1.187011000000000058e+04 2.153161000000000058e+03 3.441546000000000163e+02
7.667188000000000466e+05 5.002447999999999884e+05 3.905944000000000233e+05 1.782988999999999942e+05 9.889086000000000058e+04 4.904912999999999738e+04 1.619306999999999971e+04 7.019318000000000211e+03 1.216337999999999965e+03 1.439410000000000025e+02
4.643547000000000116e+05 3.010914000000000233e+05 1.782988999999999942e+05 1.582913999999999942e+05 6.267183000000000175e+04 2.899845000000000073e+04 1.045043000000000029e+04 4.797533000000000357e+03 9.508268000000000484e+02 1.447557999999999936e+02
2.512862000000000116e+05 1.634901000000000058e+05 9.889086000000000058e+04 6.267183000000000175e+04 5.627976999999999680e+04 1.718931999999999971e+04 5.649501000000000204e+03 2.510204999999999927e+03 4.121621999999999844e+02 9.201134000000000412e+01
1.234793999999999942e+05 7.904644999999999709e+04 4.904912999999999738e+04 2.899845000000000073e+04 1.718931999999999971e+04 1.700315999999999985e+04 2.856842999999999847e+03 1.317250000000000000e+03 3.166927000000000021e+02 4.998810999999999893e+01
4.236343000000000029e+04 2.809615000000000146e+04 1.619306999999999971e+04 1.045043000000000029e+04 5.649501000000000204e+03 2.856842999999999847e+03 3.758346000000000004e+03 5.167154000000000451e+02 8.424138999999999555e+01 1.585568999999999917e+01
1.724974000000000160e+04 1.187011000000000058e+04 7.019318000000000211e+03 4.797533000000000357e+03 2.510204999999999927e+03 1.317250000000000000e+03 5.167154000000000451e+02 9.366358000000000175e+02 4.279126000000000118e+01 6.752411000000000385e+00
3.611400999999999840e+03 2.153161000000000058e+03 1.216337999999999965e+03 9.508268000000000484e+02 4.121621999999999844e+02 3.166927000000000021e+02 8.424138999999999555e+01 4.279126000000000118e+01 1.591885000000000048e+02 -9.356689000000000256e-01
4.561113000000000284e+02 3.441546000000000163e+02 1.439410000000000025e+02 1.447557999999999936e+02 9.201134000000000412e+01 4.998810999999999893e+01 1.585568999999999917e+01 6.752411000000000385e+00 -9.356689000000000256e-01 1.359059000000000061e+01
