1.112764999999999964e+04 2.724192000000000007e+03 1.453214999999999918e+03 7.927884000000000242e+02 3.856904999999999859e+02 3.710824000000000069e+02 5.815961999999999676e+01 4.402322000000000202e+01 1.525140000000000029e+01 -3.672501000000000015e+00
2.724192000000000007e+03 5.057595000000000255e+03 8.707763999999999669e+02 4.714640999999999735e+02 2.753127999999999815e+02 2.617182999999999993e+02 6.810890000000000555e+01 1.826114000000000104e+01 4.896666999999999881e+00 -7.758255000000000123e+00
1.453214999999999918e+03 8.707763999999999669e+02 2.591505000000000109e+03 1.335803999999999974e+02 1.181477000000000004e+02 2.105391999999999939e+02 5.674441999999999808e+01 4.864699000000000240e+01 3.259246999999999783e+00 7.302115999999999829e+00
7.927884000000000242e+02 4.714640999999999735e+02 1.335803999999999974e+02 1.598854000000000042e+03 1.513016000000000076e+02 4.812261999999999773e+01 1.872506999999999877e+01 9.286514000000000379e+00 2.010128999999999877e+01 -1.961006000000000027e+00
3.856904999999999859e+02 2.753127999999999815e+02 1.181477000000000004e+02 1.513016000000000076e+02 6.444185999999999694e+02 3.456127000000000038e+01 1.806621000000000166e+01 -1.033914000000000044e+01 9.200744999999999507e+00 2.799209999999999976e+00
3.710824000000000069e+02 2.617182999999999993e+02 2.105391999999999939e+02 4.812261999999999773e+01 3.456127000000000038e+01 2.887610999999999990e+02 3.598427000000000042e+00 9.224135999999999669e+00 3.259246999999999783e+00 2.561393999999999949e+00
5.815961999999999676e+01 6.810890000000000555e+01 5.674441999999999808e+01 1.872506999999999877e+01 1.806621000000000166e+01 3.598427000000000042e+00 1.347284999999999968e+02 -2.198821999999999832e+00 1.902527000000000079e+00 -1.520461999999999980e+00
4.402322000000000202e+01 1.826114000000000104e+01 4.864699000000000240e+01 9.286514000000000379e+00 -1.033914000000000044e+01 9.224135999999999669e+00 -2.198821999999999832e+00 5.061968999999999852e+01 -1.434692000000000078e+00 3.898620999999999892e-01
1.525140000000000029e+01 4.896666999999999881e+00 3.259246999999999783e+00 2.010128999999999877e+01 9.200744999999999507e+00 3.259246999999999783e+00 1.902527000000000079e+00 -1.434692000000000078e+00 2.283032000000000039e+01 7.173462000000000449e-01
-3.672501000000000015e+00 -7.758255000000000123e+00 7.302115999999999829e+00 -1.961006000000000027e+00 2.799209999999999976e+00 2.561393999999999949e+00 -1.520461999999999980e+00 3.898620999999999892e-01 7.173462000000000449e-01 5.918105999999999867e+00
