9.543533000000000466e+05 4.926185999999999767e+05 2.761445000000000000e+05 1.796246000000000058e+05 9.020305999999999767e+04 4.810381999999999971e+04 2.039815000000000146e+04 7.777506000000000313e+03 1.796070999999999913e+03 2.071726999999999919e+01
4.926185999999999767e+05 4.104860000000000000e+05 1.721982000000000116e+05 1.166328999999999942e+05 5.667187000000000262e+04 3.122511000000000058e+04 1.222469000000000051e+04 5.101520999999999731e+03 1.250829999999999927e+03 -1.004714000000000027e+02
2.761445000000000000e+05 1.721982000000000116e+05 1.462242000000000116e+05 6.502301000000000204e+04 3.356523999999999796e+04 1.826452999999999884e+04 7.887676000000000386e+03 2.763492000000000189e+03 6.010016000000000531e+02 1.425530999999999970e+01
1.796246000000000058e+05 1.166328999999999942e+05 6.502301000000000204e+04 6.787525000000000000e+04 2.073940000000000146e+04 1.148779000000000087e+04 5.389770999999999731e+03 2.067826000000000022e+03 3.700122000000000071e+02 -1.052042999999999928e+01
9.020305999999999767e+04 5.667187000000000262e+04 3.356523999999999796e+04 2.073940000000000146e+04 2.434631000000000131e+04 5.768381999999999607e+03 2.469161999999999807e+03 1.114508000000000038e+03 2.816499999999999773e+02 1.931571999999999889e+01
4.810381999999999971e+04 3.122511000000000058e+04 1.826452999999999884e+04 1.148779000000000087e+04 5.768381999999999607e+03 8.071094000000000051e+03 1.482499000000000024e+03 5.760932999999999993e+02 1.226798000000000002e+02 -1.645803000000000083e+01
2.039815000000000146e+04 1.222469000000000051e+04 7.887676000000000386e+03 5.389770999999999731e+03 2.469161999999999807e+03 1.482499000000000024e+03 2.496393999999999778e+03 3.032094000000000165e+02 4.765088999999999686e+01 4.814796000000000076e-01
7.777506000000000313e+03 5.101520999999999731e+03 2.763492000000000189e+03 2.067826000000000022e+03 1.114508000000000038e+03 5.760932999999999993e+02 3.032094000000000165e+02 6.323075000000000045e+02 1.640734000000000137e+01 -3.424938000000000038e+00
1.796070999999999913e+03 1.250829999999999927e+03 6.010016000000000531e+02 3.700122000000000071e+02 2.816499999999999773e+02 1.226798000000000002e+02 4.765088999999999686e+01 1.640734000000000137e+01 1.441690000000000111e+02 1.033133999999999997e-01
2.071726999999999919e+01 -1.004714000000000027e+02 1.425530999999999970e+01 -1.052042999999999928e+01 1.931571999999999889e+01 -1.645803000000000083e+01 4.814796000000000076e-01 -3.424938000000000038e+00 1.033133999999999997e-01 1.453210999999999942e+01
