1.814180000000000000e+06 9.868030999999999767e+05 5.794928000000000466e+05 3.272590999999999767e+05 1.756226000000000058e+05 9.100494000000000233e+04 3.535677999999999884e+04 1.313104999999999927e+04 1.768479000000000042e+03 4.131777999999999906e+02
9.868030999999999767e+05 7.709833000000000466e+05 3.668727000000000116e+05 2.016013999999999942e+05 1.101755000000000000e+05 5.786819999999999709e+04 2.175486999999999898e+04 8.932063000000000102e+03 8.591097999999999502e+02 1.799233000000000118e+02
5.794928000000000466e+05 3.668727000000000116e+05 2.977934000000000233e+05 1.248336000000000058e+05 6.879738999999999942e+04 3.550755999999999767e+04 1.368025000000000000e+04 4.938222999999999956e+03 6.947595000000000027e+02 8.730765999999999849e+01
3.272590999999999767e+05 2.016013999999999942e+05 1.248336000000000058e+05 1.061260000000000000e+05 3.711881999999999971e+04 1.893436000000000058e+04 7.176654999999999745e+03 2.802242999999999938e+03 3.508251999999999953e+02 7.265079000000000065e+01
1.756226000000000058e+05 1.101755000000000000e+05 6.879738999999999942e+04 3.711881999999999971e+04 3.993397000000000116e+04 1.151871999999999935e+04 4.364610999999999876e+03 2.066277000000000044e+03 1.883463000000000136e+02 2.781665999999999883e+01
9.100494000000000233e+04 5.786819999999999709e+04 3.550755999999999767e+04 1.893436000000000058e+04 1.151871999999999935e+04 1.269652000000000044e+04 2.113398999999999887e+03 8.955520999999999958e+02 1.456876000000000033e+02 1.927868000000000137e+01
3.535677999999999884e+04 2.175486999999999898e+04 1.368025000000000000e+04 7.176654999999999745e+03 4.364610999999999876e+03 2.113398999999999887e+03 3.245146999999999935e+03 3.137024999999999864e+02 7.188860999999999990e+01 2.019291000000000125e+01
1.313104999999999927e+04 8.932063000000000102e+03 4.938222999999999956e+03 2.802242999999999938e+03 2.066277000000000044e+03 8.955520999999999958e+02 3.137024999999999864e+02 7.392953999999999724e+02 3.119285999999999959e+01 2.343071000000000126e+00
1.768479000000000042e+03 8.591097999999999502e+02 6.947595000000000027e+02 3.508251999999999953e+02 1.883463000000000136e+02 1.456876000000000033e+02 7.188860999999999990e+01 3.119285999999999959e+01 1.118417000000000030e+02 4.005832999999999977e+00
4.131777999999999906e+02 1.799233000000000118e+02 8.730765999999999849e+01 7.265079000000000065e+01 2.781665999999999883e+01 1.927868000000000137e+01 2.019291000000000125e+01 2.343071000000000126e+00 4.005832999999999977e+00 8.824528000000000816e+00
