1.054643999999999942e+05 4.043423999999999796e+04 2.345049000000000160e+04 1.425195000000000073e+04 6.713042999999999665e+03 2.901177999999999884e+03 1.282906999999999925e+03 3.703260999999999967e+02 2.156365999999999872e+02 -1.051068000000000069e+01
4.043423999999999796e+04 4.753390000000000146e+04 1.532434000000000015e+04 9.510393000000000029e+03 4.903423999999999978e+03 2.293918999999999869e+03 6.734340999999999440e+02 1.741103999999999985e+02 8.205231999999999459e+01 1.417538000000000054e+01
2.345049000000000160e+04 1.532434000000000015e+04 1.870188999999999942e+04 5.471082000000000335e+03 2.986101999999999862e+03 1.152701000000000022e+03 4.804542999999999893e+02 1.812820000000000107e+02 5.240135999999999683e+01 4.095110999999999990e+01
1.425195000000000073e+04 9.510393000000000029e+03 5.471082000000000335e+03 8.191774000000000342e+03 1.487113000000000056e+03 5.654832000000000107e+02 3.357452999999999861e+02 6.531359000000000492e+01 2.830009000000000086e+01 -6.144225999999999743e+00
6.713042999999999665e+03 4.903423999999999978e+03 2.986101999999999862e+03 1.487113000000000056e+03 3.176900000000000091e+03 4.570548000000000002e+02 2.535156000000000063e+02 3.200768000000000058e+00 2.572700000000000031e+01 4.210510000000000197e+00
2.901177999999999884e+03 2.293918999999999869e+03 1.152701000000000022e+03 5.654832000000000107e+02 4.570548000000000002e+02 1.189809999999999945e+03 8.687490999999999985e+01 1.060619999999999941e+01 1.661396999999999835e+01 -6.315764999999999851e+00
1.282906999999999925e+03 6.734340999999999440e+02 4.804542999999999893e+02 3.357452999999999861e+02 2.535156000000000063e+02 8.687490999999999985e+01 4.266163000000000238e+02 1.045025000000000048e+01 1.090639000000000003e+01 -3.072112999999999872e+00
3.703260999999999967e+02 1.741103999999999985e+02 1.812820000000000107e+02 6.531359000000000492e+01 3.200768000000000058e+00 1.060619999999999941e+01 1.045025000000000048e+01 1.372138999999999953e+02 -1.440539999999999932e+00 -4.678344999999999726e-02
2.156365999999999872e+02 8.205231999999999459e+01 5.240135999999999683e+01 2.830009000000000086e+01 2.572700000000000031e+01 1.661396999999999835e+01 1.090639000000000003e+01 -1.440539999999999932e+00 3.081275000000000119e+01 4.834289999999999976e-01
-1.051068000000000069e+01 1.417538000000000054e+01 4.095110999999999990e+01 -6.144225999999999743e+00 4.210510000000000197e+00 -6.315764999999999851e+00 -3.072112999999999872e+00 -4.678344999999999726e-02 4.834289999999999976e-01 7.859619000000000355e+00
