2.312476000000000000e+06 1.273812000000000000e+06 7.775808000000000466e+05 4.670260999999999767e+05 2.403631000000000058e+05 1.296371999999999971e+05 6.731513999999999942e+04 2.103086999999999898e+04 4.737573000000000320e+03 4.918500000000000227e+02
1.273812000000000000e+06 9.811925999999999767e+05 4.993329000000000233e+05 2.892202999999999884e+05 1.552497999999999884e+05 7.949908000000000175e+04 4.056441000000000349e+04 1.293942000000000007e+04 2.957646000000000186e+03 4.137606000000000108e+02
7.775808000000000466e+05 4.993329000000000233e+05 3.954245000000000000e+05 1.839742000000000116e+05 9.552386999999999534e+04 5.029419000000000233e+04 2.586411999999999898e+04 7.976644000000000233e+03 2.007426999999999907e+03 2.300263999999999953e+02
4.670260999999999767e+05 2.892202999999999884e+05 1.839742000000000116e+05 1.604141000000000058e+05 5.731608999999999651e+04 2.869522000000000116e+04 1.524167000000000007e+04 4.990109999999999673e+03 9.228191000000000486e+02 1.554457999999999913e+02
2.403631000000000058e+05 1.552497999999999884e+05 9.552386999999999534e+04 5.731608999999999651e+04 5.449266999999999825e+04 1.652502000000000044e+04 7.678707999999999629e+03 2.474161999999999807e+03 6.403523000000000138e+02 3.790238999999999692e+01
1.296371999999999971e+05 7.949908000000000175e+04 5.029419000000000233e+04 2.869522000000000116e+04 1.652502000000000044e+04 1.938159999999999854e+04 4.757604000000000269e+03 1.768715999999999894e+03 3.408817000000000235e+02 3.636243000000000336e+01
6.731513999999999942e+04 4.056441000000000349e+04 2.586411999999999898e+04 1.524167000000000007e+04 7.678707999999999629e+03 4.757604000000000269e+03 5.798372000000000298e+03 6.995762999999999465e+02 1.721864999999999952e+02 2.428060999999999936e+01
2.103086999999999898e+04 1.293942000000000007e+04 7.976644000000000233e+03 4.990109999999999673e+03 2.474161999999999807e+03 1.768715999999999894e+03 6.995762999999999465e+02 1.170753999999999905e+03 1.047579000000000065e+02 3.224159000000000219e+00
4.737573000000000320e+03 2.957646000000000186e+03 2.007426999999999907e+03 9.228191000000000486e+02 6.403523000000000138e+02 3.408817000000000235e+02 1.721864999999999952e+02 1.047579000000000065e+02 2.098374000000000024e+02 7.212448000000000192e-01
4.918500000000000227e+02 4.137606000000000108e+02 2.300263999999999953e+02 1.554457999999999913e+02 3.790238999999999692e+01 3.636243000000000336e+01 2.428060999999999936e+01 3.224159000000000219e+00 7.212448000000000192e-01 1.359059000000000061e+01
