2.683457000000000000e+06 1.448549000000000000e+06 9.509326999999999534e+05 5.365641999999999534e+05 2.980632000000000116e+05 1.629418999999999942e+05 8.281249000000000524e+04 2.821840999999999985e+04 6.060097999999999956e+03 7.838039999999999736e+02
1.448549000000000000e+06 1.123259000000000000e+06 6.014738000000000466e+05 3.378552999999999884e+05 1.905902000000000116e+05 1.080391000000000058e+05 5.069923999999999796e+04 1.727765000000000146e+04 3.981965000000000146e+03 5.556353000000000293e+02
9.509326999999999534e+05 6.014738000000000466e+05 4.935272999999999884e+05 2.179253999999999942e+05 1.206073000000000029e+05 6.663510000000000582e+04 3.235231999999999971e+04 1.160037000000000080e+04 2.945914999999999964e+03 3.565482999999999834e+02
5.365641999999999534e+05 3.378552999999999884e+05 2.179253999999999942e+05 1.839631000000000058e+05 6.625757000000000698e+04 3.688301999999999680e+04 1.982709999999999854e+04 6.756881000000000313e+03 1.539311999999999898e+03 8.650843999999999312e+01
2.980632000000000116e+05 1.905902000000000116e+05 1.206073000000000029e+05 6.625757000000000698e+04 6.919947999999999593e+04 2.109104000000000087e+04 1.032167000000000007e+04 3.789114000000000033e+03 7.146367000000000189e+02 5.021618000000000137e+01
1.629418999999999942e+05 1.080391000000000058e+05 6.663510000000000582e+04 3.688301999999999680e+04 2.109104000000000087e+04 2.629975000000000000e+04 5.988868000000000393e+03 2.377282999999999902e+03 3.550278999999999883e+02 3.833319000000000187e+01
8.281249000000000524e+04 5.069923999999999796e+04 3.235231999999999971e+04 1.982709999999999854e+04 1.032167000000000007e+04 5.988868000000000393e+03 7.555789999999999964e+03 1.036714999999999918e+03 2.567903999999999769e+02 3.222404999999999831e+01
2.821840999999999985e+04 1.727765000000000146e+04 1.160037000000000080e+04 6.756881000000000313e+03 3.789114000000000033e+03 2.377282999999999902e+03 1.036714999999999918e+03 1.469278999999999996e+03 1.135628999999999991e+02 1.366272000000000020e+01
6.060097999999999956e+03 3.981965000000000146e+03 2.945914999999999964e+03 1.539311999999999898e+03 7.146367000000000189e+02 3.550278999999999883e+02 2.567903999999999769e+02 1.135628999999999991e+02 2.552427000000000135e+02 4.019478000000000328e+00
7.838039999999999736e+02 5.556353000000000293e+02 3.565482999999999834e+02 8.650843999999999312e+01 5.021618000000000137e+01 3.833319000000000187e+01 3.222404999999999831e+01 1.366272000000000020e+01 4.019478000000000328e+00 2.192389000000000010e+01
