5.112712999999999738e+03 7.447768999999999551e+02 5.482942000000000462e+02 1.718043999999999869e+02 2.085762000000000000e+02 6.536427000000000476e+01 8.068585000000000207e+01 3.546965000000000146e+01 6.557479999999999976e+00 -1.038593000000000011e+01
7.447768999999999551e+02 2.900378999999999905e+03 2.766109999999999900e+02 6.949680999999999642e+01 8.925502000000000180e+01 7.057672999999999774e+01 3.922012000000000143e+01 3.835072999999999865e+01 7.551628000000000007e+00 3.165680000000000049e+00
5.482942000000000462e+02 2.766109999999999900e+02 1.615976000000000113e+03 1.459059000000000026e+02 1.305843000000000131e+02 5.431363000000000341e+01 3.882245999999999952e+01 8.883006999999999209e+00 7.192954999999999766e-01 -6.152022999999999797e+00
1.718043999999999869e+02 6.949680999999999642e+01 1.459059000000000026e+02 6.928238999999999805e+02 2.573090000000000099e-01 2.308372999999999919e+01 1.055746000000000073e+01 1.033524000000000065e+01 -4.152031000000000027e+00 1.699799000000000060e+00
2.085762000000000000e+02 8.925502000000000180e+01 1.305843000000000131e+02 2.573090000000000099e-01 4.559125000000000227e+02 3.395699000000000023e+00 1.601552999999999827e+01 -8.994118000000000279e+00 -2.615974000000000022e+00 -1.076019000000000059e+00
6.536427000000000476e+01 7.057672999999999774e+01 5.431363000000000341e+01 2.308372999999999919e+01 3.395699000000000023e+00 2.147809000000000026e+02 6.510696000000000261e+00 5.982433000000000334e+00 -1.307987000000000011e+00 -5.380095999999999767e-01
8.068585000000000207e+01 3.922012000000000143e+01 3.882245999999999952e+01 1.055746000000000073e+01 1.601552999999999827e+01 6.510696000000000261e+00 1.062608000000000033e+02 5.372298999999999936e+00 -1.707595999999999892e+00 -7.797241000000000311e-01
3.546965000000000146e+01 3.835072999999999865e+01 8.883006999999999209e+00 1.033524000000000065e+01 -8.994118000000000279e+00 5.982433000000000334e+00 5.372298999999999936e+00 3.795501999999999754e+01 5.516548000000000007e-01 -3.040923999999999849e-01
6.557479999999999976e+00 7.551628000000000007e+00 7.192954999999999766e-01 -4.152031000000000027e+00 -2.615974000000000022e+00 -1.307987000000000011e+00 -1.707595999999999892e+00 5.516548000000000007e-01 1.825919000000000025e+01 -1.481475999999999904e-01
-1.038593000000000011e+01 3.165680000000000049e+00 -6.152022999999999797e+00 1.699799000000000060e+00 -1.076019000000000059e+00 -5.380095999999999767e-01 -7.797241000000000311e-01 -3.040923999999999849e-01 -1.481475999999999904e-01 3.960999000000000159e+00
