2.545587000000000000e+06 1.386854000000000000e+06 8.810135000000000000e+05 5.164627000000000116e+05 2.729452999999999884e+05 1.438298999999999942e+05 7.506663999999999942e+04 2.640520000000000073e+04 5.205619999999999891e+03 6.921553000000000111e+02
1.386854000000000000e+06 1.071431000000000000e+06 5.648173000000000466e+05 3.293185000000000000e+05 1.732716000000000058e+05 9.455777000000000407e+04 4.561619000000000233e+04 1.652154000000000087e+04 3.007103999999999814e+03 4.425285000000000082e+02
8.810135000000000000e+05 5.648173000000000466e+05 4.542789000000000233e+05 2.046252000000000116e+05 1.084740000000000000e+05 5.831983999999999651e+04 3.086875999999999840e+04 1.048275000000000000e+04 2.301338000000000193e+03 3.077239999999999895e+02
5.164627000000000116e+05 3.293185000000000000e+05 2.046252000000000116e+05 1.767006000000000058e+05 6.383450000000000000e+04 3.258065000000000146e+04 1.863208000000000175e+04 6.277587999999999738e+03 1.111631000000000085e+03 1.372411999999999921e+02
2.729452999999999884e+05 1.732716000000000058e+05 1.084740000000000000e+05 6.383450000000000000e+04 6.253325000000000000e+04 1.743422999999999956e+04 8.750693999999999505e+03 3.277791000000000167e+03 6.306934999999999718e+02 5.199784999999999968e+01
1.438298999999999942e+05 9.455777000000000407e+04 5.831983999999999651e+04 3.258065000000000146e+04 1.743422999999999956e+04 2.283881000000000131e+04 4.997189999999999600e+03 2.037917999999999893e+03 3.420493999999999915e+02 2.841315000000000168e+01
7.506663999999999942e+04 4.561619000000000233e+04 3.086875999999999840e+04 1.863208000000000175e+04 8.750693999999999505e+03 4.997189999999999600e+03 6.755262999999999920e+03 8.046227000000000089e+02 1.952721999999999980e+02 3.257491999999999877e+01
2.640520000000000073e+04 1.652154000000000087e+04 1.048275000000000000e+04 6.277587999999999738e+03 3.277791000000000167e+03 2.037917999999999893e+03 8.046227000000000089e+02 1.266364000000000033e+03 1.144887999999999977e+02 9.647137000000000739e+00
5.205619999999999891e+03 3.007103999999999814e+03 2.301338000000000193e+03 1.111631000000000085e+03 6.306934999999999718e+02 3.420493999999999915e+02 1.952721999999999980e+02 1.144887999999999977e+02 1.983130999999999915e+02 4.052616000000000440e+00
6.921553000000000111e+02 4.425285000000000082e+02 3.077239999999999895e+02 1.372411999999999921e+02 5.199784999999999968e+01 2.841315000000000168e+01 3.257491999999999877e+01 9.647137000000000739e+00 4.052616000000000440e+00 1.825919000000000025e+01
