1.966249000000000000e+06 1.114287000000000000e+06 6.624010000000000000e+05 3.964582999999999884e+05 2.103497999999999884e+05 1.174571999999999971e+05 4.967859999999999854e+04 1.888356999999999971e+04 3.516931999999999789e+03 5.662297999999999547e+02
1.114287000000000000e+06 9.164443000000000466e+05 4.320637999999999884e+05 2.534345000000000000e+05 1.339462999999999884e+05 7.861197999999999593e+04 2.969647999999999956e+04 1.254045000000000073e+04 2.712902000000000044e+03 4.039517000000000166e+02
6.624010000000000000e+05 4.320637999999999884e+05 3.487050999999999767e+05 1.599733999999999942e+05 8.179647999999999593e+04 4.639019000000000233e+04 1.956081000000000131e+04 7.445037999999999556e+03 1.609450000000000045e+03 2.305937000000000126e+02
3.964582999999999884e+05 2.534345000000000000e+05 1.599733999999999942e+05 1.395458999999999942e+05 4.822730000000000291e+04 2.719497000000000116e+04 1.135747999999999956e+04 4.383560000000000400e+03 8.156597000000000435e+02 1.702429999999999950e+02
2.103497999999999884e+05 1.339462999999999884e+05 8.179647999999999593e+04 4.822730000000000291e+04 4.859811000000000058e+04 1.487802000000000044e+04 5.671244999999999891e+03 2.583125000000000000e+03 6.029684999999999491e+02 6.480286999999999864e+01
1.174571999999999971e+05 7.861197999999999593e+04 4.639019000000000233e+04 2.719497000000000116e+04 1.487802000000000044e+04 1.839049000000000160e+04 3.713583999999999833e+03 1.413298999999999978e+03 3.765228999999999928e+02 5.901147000000000276e+01
4.967859999999999854e+04 2.969647999999999956e+04 1.956081000000000131e+04 1.135747999999999956e+04 5.671244999999999891e+03 3.713583999999999833e+03 4.637893000000000029e+03 5.261811999999999898e+02 1.599916000000000054e+02 1.592975999999999992e+01
1.888356999999999971e+04 1.254045000000000073e+04 7.445037999999999556e+03 4.383560000000000400e+03 2.583125000000000000e+03 1.413298999999999978e+03 5.261811999999999898e+02 1.031246000000000095e+03 8.172093999999999880e+01 6.688083999999999918e+00
3.516931999999999789e+03 2.712902000000000044e+03 1.609450000000000045e+03 8.156597000000000435e+02 6.029684999999999491e+02 3.765228999999999928e+02 1.599916000000000054e+02 8.172093999999999880e+01 1.728785000000000025e+02 2.064319999999999933e+00
5.662297999999999547e+02 4.039517000000000166e+02 2.305937000000000126e+02 1.702429999999999950e+02 6.480286999999999864e+01 5.901147000000000276e+01 1.592975999999999992e+01 6.688083999999999918e+00 2.064319999999999933e+00 2.009934000000000154e+01
