1.533397000000000000e+06 8.222070999999999767e+05 4.637454000000000233e+05 2.642754000000000233e+05 1.409678999999999942e+05 7.340122999999999593e+04 2.586627000000000044e+04 1.043714999999999964e+04 1.028732999999999947e+03 2.638002000000000180e+02
8.222070999999999767e+05 6.557259000000000233e+05 2.996732000000000116e+05 1.683111000000000058e+05 8.969983000000000175e+04 4.605562000000000262e+04 1.652763000000000102e+04 7.224000000000000000e+03 5.082164000000000215e+02 5.829997000000000185e+01
4.637454000000000233e+05 2.996732000000000116e+05 2.297842000000000116e+05 9.827630999999999767e+04 5.108477999999999884e+04 2.705841999999999825e+04 9.685252000000000407e+03 4.059030999999999949e+03 5.114171999999999798e+02 5.578535999999999717e+01
2.642754000000000233e+05 1.683111000000000058e+05 9.827630999999999767e+04 8.987525999999999476e+04 2.929375000000000000e+04 1.454640999999999985e+04 5.700323000000000320e+03 2.201300000000000182e+03 1.350442999999999927e+02 1.472508999999999979e+01
1.409678999999999942e+05 8.969983000000000175e+04 5.108477999999999884e+04 2.929375000000000000e+04 3.107879999999999927e+04 9.244658999999999651e+03 3.152677999999999884e+03 1.459904999999999973e+03 1.731220999999999890e+02 3.808952000000000027e+01
7.340122999999999593e+04 4.605562000000000262e+04 2.705841999999999825e+04 1.454640999999999985e+04 9.244658999999999651e+03 1.021002000000000044e+04 1.803096000000000004e+03 7.753577000000000226e+02 9.456494000000000710e+01 2.245604999999999851e+00
2.586627000000000044e+04 1.652763000000000102e+04 9.685252000000000407e+03 5.700323000000000320e+03 3.152677999999999884e+03 1.803096000000000004e+03 2.336052000000000135e+03 2.474005999999999972e+02 3.298622999999999905e+01 1.134498999999999924e+00
1.043714999999999964e+04 7.224000000000000000e+03 4.059030999999999949e+03 2.201300000000000182e+03 1.459904999999999973e+03 7.753577000000000226e+02 2.474005999999999972e+02 5.724559000000000424e+02 5.734871000000000052e+00 3.309928999999999899e+00
1.028732999999999947e+03 5.082164000000000215e+02 5.114171999999999798e+02 1.350442999999999927e+02 1.731220999999999890e+02 9.456494000000000710e+01 3.298622999999999905e+01 5.734871000000000052e+00 1.079684000000000026e+02 9.434662000000000326e-01
2.638002000000000180e+02 5.829997000000000185e+01 5.578535999999999717e+01 1.472508999999999979e+01 3.808952000000000027e+01 2.245604999999999851e+00 1.134498999999999924e+00 3.309928999999999899e+00 9.434662000000000326e-01 5.918105999999999867e+00
