1.206039000000000000e+06 6.330885000000000000e+05 3.568920000000000000e+05 2.373647999999999884e+05 1.200036000000000058e+05 5.930494000000000233e+04 2.447668999999999869e+04 1.222965999999999985e+04 1.927053000000000111e+03 1.153875000000000028e+02
6.330885000000000000e+05 5.120479000000000233e+05 2.365592999999999884e+05 1.443502999999999884e+05 7.622882000000000698e+04 4.020144999999999709e+04 1.610685000000000036e+04 7.812461000000000240e+03 1.062670000000000073e+03 -2.370361000000000118e+01
3.568920000000000000e+05 2.365592999999999884e+05 1.871631000000000058e+05 8.175847999999999593e+04 4.564626999999999680e+04 2.356175999999999840e+04 9.958531000000000859e+03 4.341480999999999767e+03 5.909763000000000375e+02 4.440529000000000082e+01
2.373647999999999884e+05 1.443502999999999884e+05 8.175847999999999593e+04 8.436944999999999709e+04 2.736472999999999956e+04 1.409072999999999956e+04 6.178529999999999745e+03 2.585994000000000142e+03 3.643104999999999905e+02 8.834274000000000626e+00
1.200036000000000058e+05 7.622882000000000698e+04 4.564626999999999680e+04 2.736472999999999956e+04 3.069879999999999927e+04 7.516337999999999738e+03 3.565289000000000215e+03 1.786785000000000082e+03 3.487237999999999829e+02 7.079894999999999605e+00
5.930494000000000233e+04 4.020144999999999709e+04 2.356175999999999840e+04 1.409072999999999956e+04 7.516337999999999738e+03 1.019407999999999993e+04 1.675761999999999944e+03 9.591737000000000535e+02 1.116603999999999957e+02 -1.064322999999999908e+00
2.447668999999999869e+04 1.610685000000000036e+04 9.958531000000000859e+03 6.178529999999999745e+03 3.565289000000000215e+03 1.675761999999999944e+03 2.957070999999999913e+03 3.362130999999999972e+02 8.206986000000000558e+01 -1.426505000000000045e+01
1.222965999999999985e+04 7.812461000000000240e+03 4.341480999999999767e+03 2.585994000000000142e+03 1.786785000000000082e+03 9.591737000000000535e+02 3.362130999999999972e+02 8.019851999999999634e+02 3.046381999999999834e+01 -4.639358999999999789e+00
1.927053000000000111e+03 1.062670000000000073e+03 5.909763000000000375e+02 3.643104999999999905e+02 3.487237999999999829e+02 1.116603999999999957e+02 8.206986000000000558e+01 3.046381999999999834e+01 1.840071000000000083e+02 -2.986343000000000192e+00
1.153875000000000028e+02 -2.370361000000000118e+01 4.440529000000000082e+01 8.834274000000000626e+00 7.079894999999999605e+00 -1.064322999999999908e+00 -1.426505000000000045e+01 -4.639358999999999789e+00 -2.986343000000000192e+00 1.558669000000000082e+01
