2.560407000000000000e+06 1.326462000000000000e+06 8.260049000000000233e+05 5.046180000000000000e+05 2.573942000000000116e+05 1.245146999999999971e+05 4.529295999999999913e+04 1.530396999999999935e+04 2.523780000000000200e+03 4.926648000000000138e+02
1.326462000000000000e+06 1.039530000000000000e+06 5.052359000000000233e+05 3.159520000000000000e+05 1.666745000000000000e+05 7.733013999999999942e+04 2.849795000000000073e+04 1.039677000000000044e+04 1.455838999999999942e+03 2.955231999999999744e+02
8.260049000000000233e+05 5.052359000000000233e+05 4.214077999999999884e+05 1.991236000000000058e+05 9.737535000000000582e+04 4.580286000000000058e+04 1.667450000000000000e+04 5.923298999999999978e+03 9.278093000000000075e+02 1.678434000000000026e+02
5.046180000000000000e+05 3.159520000000000000e+05 1.991236000000000058e+05 1.675895000000000000e+05 6.324676999999999680e+04 2.899691999999999825e+04 1.151869000000000051e+04 4.179449999999999818e+03 5.929958000000000311e+02 1.212744000000000000e+02
2.573942000000000116e+05 1.666745000000000000e+05 9.737535000000000582e+04 6.324676999999999680e+04 5.358634999999999854e+04 1.506362000000000080e+04 6.122791000000000167e+03 1.981544000000000096e+03 2.733401000000000067e+02 7.661569000000000074e+01
1.245146999999999971e+05 7.733013999999999942e+04 4.580286000000000058e+04 2.899691999999999825e+04 1.506362000000000080e+04 1.693556999999999971e+04 3.455677000000000135e+03 7.627924000000000433e+02 1.381358999999999924e+02 4.439359000000000322e+01
4.529295999999999913e+04 2.849795000000000073e+04 1.667450000000000000e+04 1.151869000000000051e+04 6.122791000000000167e+03 3.455677000000000135e+03 4.057963000000000193e+03 4.061075999999999908e+02 5.997637999999999892e+01 1.605061999999999856e+01
1.530396999999999935e+04 1.039677000000000044e+04 5.923298999999999978e+03 4.179449999999999818e+03 1.981544000000000096e+03 7.627924000000000433e+02 4.061075999999999908e+02 7.540166000000000395e+02 2.863147000000000020e+01 3.220260999999999818e+00
2.523780000000000200e+03 1.455838999999999942e+03 9.278093000000000075e+02 5.929958000000000311e+02 2.733401000000000067e+02 1.381358999999999924e+02 5.997637999999999892e+01 2.863147000000000020e+01 7.934472999999999843e+01 6.237792999999999810e-02
4.926648000000000138e+02 2.955231999999999744e+02 1.678434000000000026e+02 1.212744000000000000e+02 7.661569000000000074e+01 4.439359000000000322e+01 1.605061999999999856e+01 3.220260999999999818e+00 6.237792999999999810e-02 5.918105999999999867e+00
