1.934071000000000000e+06 9.918875000000000000e+05 6.046945999999999767e+05 3.463429000000000233e+05 1.720620000000000000e+05 7.269280999999999767e+04 2.725399000000000160e+04 1.031311000000000058e+04 1.369679000000000087e+03 5.129415000000000191e+01
9.918875000000000000e+05 7.757131999999999534e+05 3.734090999999999767e+05 2.110022999999999884e+05 1.066491000000000058e+05 4.582347000000000116e+04 1.731577000000000044e+04 6.668543999999999869e+03 9.079420000000000073e+02 3.122794999999999987e+01
6.046945999999999767e+05 3.734090999999999767e+05 3.155400999999999767e+05 1.308795000000000000e+05 6.465619999999999709e+04 2.771720000000000073e+04 1.026200000000000000e+04 4.095532000000000153e+03 4.197878999999999792e+02 4.125130000000000052e+01
3.463429000000000233e+05 2.110022999999999884e+05 1.308795000000000000e+05 1.136975000000000000e+05 3.868934999999999854e+04 1.675459000000000015e+04 6.315390999999999622e+03 2.232880000000000109e+03 3.156322999999999865e+02 1.890051000000000059e+01
1.720620000000000000e+05 1.066491000000000058e+05 6.465619999999999709e+04 3.868934999999999854e+04 3.474730999999999767e+04 8.194733000000000175e+03 3.474958000000000084e+03 1.015317999999999984e+03 1.119917999999999978e+02 8.578915000000000290e+00
7.269280999999999767e+04 4.582347000000000116e+04 2.771720000000000073e+04 1.675459000000000015e+04 8.194733000000000175e+03 1.015768000000000029e+04 1.518949000000000069e+03 4.465792000000000144e+02 6.825705000000000666e+01 9.150062999999999391e+00
2.725399000000000160e+04 1.731577000000000044e+04 1.026200000000000000e+04 6.315390999999999622e+03 3.474958000000000084e+03 1.518949000000000069e+03 2.458157999999999902e+03 2.512895000000000039e+02 3.408953999999999951e+01 1.614028999999999936e+00
1.031311000000000058e+04 6.668543999999999869e+03 4.095532000000000153e+03 2.232880000000000109e+03 1.015317999999999984e+03 4.465792000000000144e+02 2.512895000000000039e+02 4.386104000000000269e+02 7.079894999999999605e+00 3.196868999999999961e-01
1.369679000000000087e+03 9.079420000000000073e+02 4.197878999999999792e+02 3.156322999999999865e+02 1.119917999999999978e+02 6.825705000000000666e+01 3.408953999999999951e+01 7.079894999999999605e+00 4.413239000000000090e+01 -8.576965000000000283e-02
5.129415000000000191e+01 3.122794999999999987e+01 4.125130000000000052e+01 1.890051000000000059e+01 8.578915000000000290e+00 9.150062999999999391e+00 1.614028999999999936e+00 3.196868999999999961e-01 -8.576965000000000283e-02 9.960976000000000274e-01
