1.236240000000000000e+06 6.485955000000000000e+05 4.155019000000000233e+05 2.349657999999999884e+05 1.317432999999999884e+05 6.962232000000000698e+04 2.599893000000000029e+04 8.965906999999999243e+03 2.135041000000000167e+03 5.337522999999999911e+02
6.485955000000000000e+05 5.417333000000000466e+05 2.631425000000000000e+05 1.448838999999999942e+05 8.316367999999999302e+04 4.387177999999999884e+04 1.585426000000000022e+04 5.536550000000000182e+03 1.980619999999999891e+03 2.189679999999999893e+02
4.155019000000000233e+05 2.631425000000000000e+05 2.368836000000000058e+05 9.746041999999999825e+04 5.234336000000000058e+04 3.001274000000000160e+04 1.017693000000000029e+04 4.188015000000000327e+03 1.228112000000000080e+03 1.743229000000000042e+02
2.349657999999999884e+05 1.448838999999999942e+05 9.746041999999999825e+04 8.962982000000000698e+04 3.170127000000000044e+04 1.707279999999999927e+04 6.875974000000000160e+03 2.148340999999999894e+03 6.310969999999999800e+02 1.138260999999999967e+02
1.317432999999999884e+05 8.316367999999999302e+04 5.234336000000000058e+04 3.170127000000000044e+04 3.417948000000000320e+04 8.906492000000000189e+03 3.661195000000000164e+03 1.281457000000000107e+03 1.546115000000000066e+02 4.214018999999999693e+01
6.962232000000000698e+04 4.387177999999999884e+04 3.001274000000000160e+04 1.707279999999999927e+04 8.906492000000000189e+03 1.111995999999999913e+04 1.988202999999999975e+03 7.513031999999999471e+02 1.795392999999999972e+02 7.495488000000000284e+01
2.599893000000000029e+04 1.585426000000000022e+04 1.017693000000000029e+04 6.875974000000000160e+03 3.661195000000000164e+03 1.988202999999999975e+03 2.746594000000000051e+03 3.305951999999999771e+02 1.124830000000000041e+02 2.009348999999999918e+01
8.965906999999999243e+03 5.536550000000000182e+03 4.188015000000000327e+03 2.148340999999999894e+03 1.281457000000000107e+03 7.513031999999999471e+02 3.305951999999999771e+02 6.714340999999999440e+02 1.901357000000000141e+01 1.007597999999999949e+01
2.135041000000000167e+03 1.980619999999999891e+03 1.228112000000000080e+03 6.310969999999999800e+02 1.546115000000000066e+02 1.795392999999999972e+02 1.124830000000000041e+02 1.901357000000000141e+01 1.214419999999999931e+02 2.007789999999999964e+00
5.337522999999999911e+02 2.189679999999999893e+02 1.743229000000000042e+02 1.138260999999999967e+02 4.214018999999999693e+01 7.495488000000000284e+01 2.009348999999999918e+01 1.007597999999999949e+01 2.007789999999999964e+00 1.652819999999999823e+01
