2.741582000000000000e+06 1.424872000000000000e+06 8.864529000000000233e+05 5.466976999999999534e+05 3.076937999999999884e+05 1.522491000000000058e+05 6.094062999999999738e+04 2.011738999999999942e+04 4.104231999999999971e+03 5.870855000000000246e+02
1.424872000000000000e+06 1.080431000000000000e+06 5.430148000000000466e+05 3.365517999999999884e+05 1.866847000000000116e+05 9.506444000000000233e+04 3.490645999999999913e+04 1.209550000000000000e+04 2.197603999999999814e+03 3.646458000000000084e+02
8.864529000000000233e+05 5.430148000000000466e+05 4.282105999999999767e+05 2.111818999999999942e+05 1.159368999999999942e+05 5.389354000000000087e+04 2.184990999999999985e+04 6.596376000000000204e+03 1.251840999999999894e+03 2.492153999999999883e+02
5.466976999999999534e+05 3.365517999999999884e+05 2.111818999999999942e+05 1.893312000000000116e+05 7.218741000000000349e+04 3.579573000000000320e+04 1.450884000000000015e+04 5.240327000000000226e+03 9.121856000000000222e+02 1.433600999999999885e+02
3.076937999999999884e+05 1.866847000000000116e+05 1.159368999999999942e+05 7.218741000000000349e+04 6.447612999999999738e+04 1.885650999999999840e+04 8.143470000000000255e+03 2.504840000000000146e+03 4.874952000000000112e+02 9.765264999999999418e+01
1.522491000000000058e+05 9.506444000000000233e+04 5.389354000000000087e+04 3.579573000000000320e+04 1.885650999999999840e+04 2.132400999999999840e+04 4.298805999999999585e+03 1.542708000000000084e+03 1.702644999999999982e+02 5.442473999999999990e+01
6.094062999999999738e+04 3.490645999999999913e+04 2.184990999999999985e+04 1.450884000000000015e+04 8.143470000000000255e+03 4.298805999999999585e+03 5.403301000000000386e+03 6.593659000000000106e+02 1.389935999999999865e+02 1.110327000000000019e+01
2.011738999999999942e+04 1.209550000000000000e+04 6.596376000000000204e+03 5.240327000000000226e+03 2.504840000000000146e+03 1.542708000000000084e+03 6.593659000000000106e+02 1.022677999999999997e+03 6.741105000000000302e+01 3.586730999999999892e+00
4.104231999999999971e+03 2.197603999999999814e+03 1.251840999999999894e+03 9.121856000000000222e+02 4.874952000000000112e+02 1.702644999999999982e+02 1.389935999999999865e+02 6.741105000000000302e+01 1.380715999999999894e+02 -1.403503000000000112e-01
5.870855000000000246e+02 3.646458000000000084e+02 2.492153999999999883e+02 1.433600999999999885e+02 9.765264999999999418e+01 5.442473999999999990e+01 1.110327000000000019e+01 3.586730999999999892e+00 -1.403503000000000112e-01 7.859619000000000355e+00
