2.228897000000000000e+06 1.187979000000000000e+06 7.319295000000000000e+05 4.482305999999999767e+05 2.331370000000000000e+05 1.127016000000000058e+05 4.340405000000000291e+04 1.584877000000000044e+04 4.071083999999999833e+03 1.292392999999999859e+02
1.187979000000000000e+06 9.809623000000000466e+05 4.791899000000000233e+05 2.886177999999999884e+05 1.526137999999999884e+05 8.005824000000000524e+04 3.081327999999999884e+04 1.107272999999999956e+04 2.726407000000000153e+03 1.522801000000000045e+02
7.319295000000000000e+05 4.791899000000000233e+05 3.929545000000000000e+05 1.824212999999999884e+05 9.042816000000000349e+04 4.533848000000000320e+04 1.843913000000000102e+04 6.404625000000000000e+03 1.610701000000000022e+03 5.785163000000000011e+01
4.482305999999999767e+05 2.886177999999999884e+05 1.824212999999999884e+05 1.543885000000000000e+05 5.790244000000000233e+04 2.781997999999999956e+04 1.151619000000000051e+04 3.868909000000000106e+03 1.195438000000000102e+03 2.018705999999999889e+01
2.331370000000000000e+05 1.526137999999999884e+05 9.042816000000000349e+04 5.790244000000000233e+04 5.021773000000000320e+04 1.533511000000000058e+04 5.630231999999999971e+03 2.052858000000000175e+03 6.111789999999999736e+02 2.320458999999999961e+01
1.127016000000000058e+05 8.005824000000000524e+04 4.533848000000000320e+04 2.781997999999999956e+04 1.533511000000000058e+04 1.740681999999999971e+04 3.823108000000000175e+03 1.105807000000000016e+03 2.274709000000000003e+02 6.327460999999999558e+00
4.340405000000000291e+04 3.081327999999999884e+04 1.843913000000000102e+04 1.151619000000000051e+04 5.630231999999999971e+03 3.823108000000000175e+03 4.218548999999999978e+03 4.806881999999999948e+02 6.214791000000000309e+01 8.288467000000000695e+00
1.584877000000000044e+04 1.107272999999999956e+04 6.404625000000000000e+03 3.868909000000000106e+03 2.052858000000000175e+03 1.105807000000000016e+03 4.806881999999999948e+02 8.763300000000000409e+02 3.958464000000000027e+01 -1.208571999999999980e-01
4.071083999999999833e+03 2.726407000000000153e+03 1.610701000000000022e+03 1.195438000000000102e+03 6.111789999999999736e+02 2.274709000000000003e+02 6.214791000000000309e+01 3.958464000000000027e+01 1.272489999999999952e+02 1.516563000000000105e+00
1.292392999999999859e+02 1.522801000000000045e+02 5.785163000000000011e+01 2.018705999999999889e+01 2.320458999999999961e+01 6.327460999999999558e+00 8.288467000000000695e+00 -1.208571999999999980e-01 1.516563000000000105e+00 1.178162999999999982e+01
