2.149019000000000000e+06 1.103396000000000000e+06 6.734844000000000233e+05 4.027330999999999767e+05 2.083372000000000116e+05 9.444622999999999593e+04 3.404530000000000291e+04 1.356946999999999935e+04 2.849983000000000175e+03 -1.698433999999999955e+01
1.103396000000000000e+06 8.504334000000000233e+05 4.275642999999999884e+05 2.486960000000000000e+05 1.303358000000000029e+05 6.036483000000000175e+04 2.216011999999999898e+04 8.155595000000000255e+03 1.920092000000000098e+03 -1.214225000000000065e+01
6.734844000000000233e+05 4.275642999999999884e+05 3.575449000000000233e+05 1.552796000000000058e+05 7.694400000000000000e+04 3.649906999999999971e+04 1.356973999999999978e+04 5.516416000000000167e+03 1.073443999999999960e+03 2.329620999999999853e+01
4.027330999999999767e+05 2.486960000000000000e+05 1.552796000000000058e+05 1.332643999999999942e+05 4.794458000000000175e+04 2.204522000000000116e+04 7.547573999999999614e+03 3.269898000000000138e+03 5.867853000000000065e+02 -5.711478999999999751e+00
2.083372000000000116e+05 1.303358000000000029e+05 7.694400000000000000e+04 4.794458000000000175e+04 4.451076999999999680e+04 1.046732999999999993e+04 4.273761000000000422e+03 1.611907999999999902e+03 2.972463999999999942e+02 5.941498000000000168e+00
9.444622999999999593e+04 6.036483000000000175e+04 3.649906999999999971e+04 2.204522000000000116e+04 1.046732999999999993e+04 1.421090999999999985e+04 2.463865999999999985e+03 7.002233999999999696e+02 1.241243000000000052e+02 1.052627999999999897e+00
3.404530000000000291e+04 2.216011999999999898e+04 1.356973999999999978e+04 7.547573999999999614e+03 4.273761000000000422e+03 2.463865999999999985e+03 2.936128999999999905e+03 3.228057999999999765e+02 5.793350000000000222e+01 -1.076019000000000059e+00
1.356946999999999935e+04 8.155595000000000255e+03 5.516416000000000167e+03 3.269898000000000138e+03 1.611907999999999902e+03 7.002233999999999696e+02 3.228057999999999765e+02 6.546875999999999749e+02 2.353987000000000052e+01 2.339172000000000126e-02
2.849983000000000175e+03 1.920092000000000098e+03 1.073443999999999960e+03 5.867853000000000065e+02 2.972463999999999942e+02 1.241243000000000052e+02 5.793350000000000222e+01 2.353987000000000052e+01 7.786129999999999995e+01 -4.385948000000000069e-01
-1.698433999999999955e+01 -1.214225000000000065e+01 2.329620999999999853e+01 -5.711478999999999751e+00 5.941498000000000168e+00 1.052627999999999897e+00 -1.076019000000000059e+00 2.339172000000000126e-02 -4.385948000000000069e-01 2.976596999999999937e+00
