3.207227000000000116e+05 1.400887000000000116e+05 7.885363999999999942e+04 3.377206999999999971e+04 1.616151000000000022e+04 6.755887999999999920e+03 2.018563000000000102e+03 3.707685999999999922e+02 7.751042999999999950e+01 2.460030000000000161e+00
1.400887000000000116e+05 1.203731999999999971e+05 4.549901999999999680e+04 1.925756000000000131e+04 9.668813000000000102e+03 3.517304000000000087e+03 1.245835000000000036e+03 1.945021999999999878e+02 4.016358999999999924e+01 -1.699799000000000060e+00
7.885363999999999942e+04 4.549901999999999680e+04 4.217433999999999651e+04 1.059090999999999985e+04 5.451113999999999578e+03 2.431865999999999985e+03 6.148748000000000502e+02 1.198747999999999934e+02 4.355539000000000271e+01 2.161394999999999911e+01
3.377206999999999971e+04 1.925756000000000131e+04 1.059090999999999985e+04 1.222403000000000065e+04 2.562449999999999818e+03 1.020174999999999955e+03 2.017516999999999996e+02 1.704672000000000054e+01 2.639950999999999937e+01 5.968787999999999982e+00
1.616151000000000022e+04 9.668813000000000102e+03 5.451113999999999578e+03 2.562449999999999818e+03 4.116000000000000000e+03 6.635452000000000226e+02 1.912312000000000012e+02 3.053790000000000049e+01 1.543463999999999992e+01 -4.405440999999999718e+00
6.755887999999999920e+03 3.517304000000000087e+03 2.431865999999999985e+03 1.020174999999999955e+03 6.635452000000000226e+02 1.147628999999999905e+03 4.938772999999999769e+01 3.072112999999999872e+00 1.015201000000000064e+01 1.465880999999999990e+00
2.018563000000000102e+03 1.245835000000000036e+03 6.148748000000000502e+02 2.017516999999999996e+02 1.912312000000000012e+02 4.938772999999999769e+01 2.390927000000000078e+02 -3.233906000000000169e+00 6.452217000000000091e-01 5.847930999999999963e-02
3.707685999999999922e+02 1.945021999999999878e+02 1.198747999999999934e+02 1.704672000000000054e+01 3.053790000000000049e+01 3.072112999999999872e+00 -3.233906000000000169e+00 4.130783000000000271e+01 1.576991999999999949e+00 8.304061999999999832e-01
7.751042999999999950e+01 4.016358999999999924e+01 4.355539000000000271e+01 2.639950999999999937e+01 1.543463999999999992e+01 1.015201000000000064e+01 6.452217000000000091e-01 1.576991999999999949e+00 4.941501999999999839e+00 -1.949309999999999932e-02
2.460030000000000161e+00 -1.699799000000000060e+00 2.161394999999999911e+01 5.968787999999999982e+00 -4.405440999999999718e+00 1.465880999999999990e+00 5.847930999999999963e-02 8.304061999999999832e-01 -1.949309999999999932e-02 1.988296999999999981e+00
