2.775885000000000000e+06 1.448275000000000000e+06 9.221055999999999767e+05 5.598263000000000466e+05 3.425785999999999767e+05 1.731141000000000058e+05 7.019125000000000000e+04 2.567261000000000058e+04 7.501246000000000095e+03 3.613552999999999997e+02
1.448275000000000000e+06 1.099443000000000000e+06 5.611394000000000233e+05 3.503867999999999884e+05 2.056995000000000000e+05 1.060266999999999971e+05 4.228854000000000087e+04 1.477373999999999978e+04 4.174594000000000051e+03 3.074920000000000186e+02
9.221055999999999767e+05 5.611394000000000233e+05 4.814752000000000116e+05 2.243282999999999884e+05 1.364473999999999942e+05 6.315893000000000029e+04 2.687136999999999898e+04 9.489459000000000742e+03 2.715737999999999829e+03 2.377535000000000025e+02
5.598263000000000466e+05 3.503867999999999884e+05 2.243282999999999884e+05 1.969456000000000058e+05 8.289875999999999476e+04 4.148986000000000058e+04 1.686511999999999898e+04 5.469347999999999956e+03 1.611538000000000011e+03 1.160853000000000037e+02
3.425785999999999767e+05 2.056995000000000000e+05 1.364473999999999942e+05 8.289875999999999476e+04 7.697907000000000698e+04 2.438818999999999869e+04 1.021632999999999993e+04 3.843393000000000029e+03 8.328155000000000427e+02 1.173953000000000060e+02
1.731141000000000058e+05 1.060266999999999971e+05 6.315893000000000029e+04 4.148986000000000058e+04 2.438818999999999869e+04 2.569536999999999898e+04 5.578667000000000371e+03 2.055132999999999811e+03 4.168620000000000232e+02 6.509136999999999773e+01
7.019125000000000000e+04 4.228854000000000087e+04 2.687136999999999898e+04 1.686511999999999898e+04 1.021632999999999993e+04 5.578667000000000371e+03 6.645478000000000065e+03 8.085018000000000029e+02 1.855879999999999939e+02 1.905646000000000129e+01
2.567261000000000058e+04 1.477373999999999978e+04 9.489459000000000742e+03 5.469347999999999956e+03 3.843393000000000029e+03 2.055132999999999811e+03 8.085018000000000029e+02 1.363984999999999900e+03 1.389059000000000026e+02 1.119683999999999990e+01
7.501246000000000095e+03 4.174594000000000051e+03 2.715737999999999829e+03 1.611538000000000011e+03 8.328155000000000427e+02 4.168620000000000232e+02 1.855879999999999939e+02 1.389059000000000026e+02 2.464377000000000066e+02 1.590637000000000079e+00
3.613552999999999997e+02 3.074920000000000186e+02 2.377535000000000025e+02 1.160853000000000037e+02 1.173953000000000060e+02 6.509136999999999773e+01 1.905646000000000129e+01 1.119683999999999990e+01 1.590637000000000079e+00 1.546973000000000020e+01
