1.428816000000000000e+06 7.511669000000000233e+05 5.128280000000000000e+05 2.878515000000000000e+05 1.487792999999999884e+05 7.135335000000000582e+04 3.021127999999999884e+04 1.240800000000000000e+04 1.835388999999999896e+03 6.190932000000000244e+02
7.511669000000000233e+05 6.343854000000000233e+05 3.217682000000000116e+05 1.820048999999999942e+05 9.721236999999999534e+04 4.664047000000000116e+04 1.827008000000000175e+04 8.067367000000000189e+03 1.186078999999999951e+03 3.470747000000000071e+02
5.128280000000000000e+05 3.217682000000000116e+05 2.912730999999999767e+05 1.223608999999999942e+05 6.109418000000000029e+04 3.023727000000000044e+04 1.318426000000000022e+04 5.688673999999999978e+03 9.393940999999999804e+02 2.131571000000000140e+02
2.878515000000000000e+05 1.820048999999999942e+05 1.223608999999999942e+05 1.123646000000000058e+05 3.823940000000000146e+04 1.866277000000000044e+04 8.416635000000000218e+03 3.054773999999999887e+03 5.861712999999999738e+02 1.341709999999999923e+02
1.487792999999999884e+05 9.721236999999999534e+04 6.109418000000000029e+04 3.823940000000000146e+04 3.741358999999999651e+04 9.107452999999999520e+03 3.806188000000000102e+03 1.529805000000000064e+03 9.876570999999999856e+01 6.371515999999999735e+01
7.135335000000000582e+04 4.664047000000000116e+04 3.023727000000000044e+04 1.866277000000000044e+04 9.107452999999999520e+03 1.217603000000000065e+04 2.117702999999999975e+03 9.254915999999999485e+02 2.354962000000000089e+01 6.258456000000000330e+01
3.021127999999999884e+04 1.827008000000000175e+04 1.318426000000000022e+04 8.416635000000000218e+03 3.806188000000000102e+03 2.117702999999999975e+03 3.352619000000000142e+03 3.869497999999999820e+02 9.555908999999999764e+01 3.189851000000000170e+01
1.240800000000000000e+04 8.067367000000000189e+03 5.688673999999999978e+03 3.054773999999999887e+03 1.529805000000000064e+03 9.254915999999999485e+02 3.869497999999999820e+02 7.859288000000000238e+02 3.327277999999999736e+01 1.210521999999999920e+01
1.835388999999999896e+03 1.186078999999999951e+03 9.393940999999999804e+02 5.861712999999999738e+02 9.876570999999999856e+01 2.354962000000000089e+01 9.555908999999999764e+01 3.327277999999999736e+01 9.464096000000000686e+01 -4.873276000000000274e-01
6.190932000000000244e+02 3.470747000000000071e+02 2.131571000000000140e+02 1.341709999999999923e+02 6.371515999999999735e+01 6.258456000000000330e+01 3.189851000000000170e+01 1.210521999999999920e+01 -4.873276000000000274e-01 1.359059000000000061e+01
