3.067418999999999869e+04 7.946917000000000371e+03 3.686893999999999778e+03 1.454739000000000033e+03 5.033976999999999862e+02 2.386268000000000029e+02 8.010886000000000706e+01 4.257294000000000267e+01
7.946917000000000371e+03 1.172777000000000044e+04 2.481378000000000156e+03 7.294709000000000287e+02 2.608099000000000274e+02 9.615558000000000050e+01 5.203878999999999877e+01 7.391784999999999606e+00
3.686893999999999778e+03 2.481378000000000156e+03 3.571565000000000055e+03 3.882830999999999904e+02 1.541398000000000081e+02 2.948917000000000144e+01 3.805832999999999799e+01 4.319671999999999734e+00
1.454739000000000033e+03 7.294709000000000287e+02 3.882830999999999904e+02 1.238699000000000069e+03 5.678925999999999874e+01 1.040931999999999924e+01 7.411278000000000254e+00 -2.417144999999999988e-01
5.033976999999999862e+02 2.608099000000000274e+02 1.541398000000000081e+02 5.678925999999999874e+01 3.920276999999999816e+02 4.405440999999999718e+00 -5.341110000000000024e-01 1.146193999999999935e+00
2.386268000000000029e+02 9.615558000000000050e+01 2.948917000000000144e+01 1.040931999999999924e+01 4.405440999999999718e+00 9.528229000000000326e+01 5.317719000000000307e+00 2.807007000000000252e-01
8.010886000000000706e+01 5.203878999999999877e+01 3.805832999999999799e+01 7.411278000000000254e+00 -5.341110000000000024e-01 5.317719000000000307e+00 2.463147999999999982e+01 -2.027283000000000002e-01
4.257294000000000267e+01 7.391784999999999606e+00 4.319671999999999734e+00 -2.417144999999999988e-01 1.146193999999999935e+00 2.807007000000000252e-01 -2.027283000000000002e-01 3.960999000000000159e+00
