1.109769000000000000e+06 5.911860000000000000e+05 3.471830999999999767e+05 1.931942000000000116e+05 9.527196000000000640e+04 4.172294000000000233e+04 1.558035000000000036e+04 5.609242000000000189e+03 9.974542999999999893e+02 3.742675999999999781e-01
5.911860000000000000e+05 4.715120000000000000e+05 2.149530000000000000e+05 1.218896999999999971e+05 6.475490000000000146e+04 2.587699000000000160e+04 9.260947000000000116e+03 4.121536000000000058e+03 7.561375000000000455e+02 6.240912000000000148e+01
3.471830999999999767e+05 2.149530000000000000e+05 1.905032000000000116e+05 7.318522000000000116e+04 3.476958000000000175e+04 1.553696999999999935e+04 5.135324999999999818e+03 2.376224999999999909e+03 6.114284999999999854e+02 3.493164000000000158e+00
1.931942000000000116e+05 1.218896999999999971e+05 7.318522000000000116e+04 7.113032000000000698e+04 2.206540000000000146e+04 9.032617000000000189e+03 3.167501000000000204e+03 1.434065000000000055e+03 5.554950000000000045e+02 -1.679525999999999897e+01
9.527196000000000640e+04 6.475490000000000146e+04 3.476958000000000175e+04 2.206540000000000146e+04 2.233477999999999884e+04 4.519912999999999556e+03 1.686894000000000005e+03 7.936734000000000151e+02 2.240536999999999921e+02 4.023375999999999841e+00
4.172294000000000233e+04 2.587699000000000160e+04 1.553696999999999935e+04 9.032617000000000189e+03 4.519912999999999556e+03 6.351563000000000102e+03 8.079734999999999445e+02 3.608172999999999888e+02 7.461180000000000234e+01 7.953185999999999645e+00
1.558035000000000036e+04 9.260947000000000116e+03 5.135324999999999818e+03 3.167501000000000204e+03 1.686894000000000005e+03 8.079734999999999445e+02 1.719252999999999929e+03 1.475472000000000037e+02 3.013634000000000057e+01 -1.777770999999999990e+00
5.609242000000000189e+03 4.121536000000000058e+03 2.376224999999999909e+03 1.434065000000000055e+03 7.936734000000000151e+02 3.608172999999999888e+02 1.475472000000000037e+02 4.221037000000000035e+02 1.819096000000000046e+01 3.087708000000000119e+00
9.974542999999999893e+02 7.561375000000000455e+02 6.114284999999999854e+02 5.554950000000000045e+02 2.240536999999999921e+02 7.461180000000000234e+01 3.013634000000000057e+01 1.819096000000000046e+01 7.035451000000000477e+01 -9.668579000000000478e-01
3.742675999999999781e-01 6.240912000000000148e+01 3.493164000000000158e+00 -1.679525999999999897e+01 4.023375999999999841e+00 7.953185999999999645e+00 -1.777770999999999990e+00 3.087708000000000119e+00 -9.668579000000000478e-01 9.855712999999999724e+00
