1.814025000000000000e+06 9.730850999999999767e+05 5.523369000000000233e+05 3.271359000000000233e+05 1.470230000000000000e+05 6.509308999999999651e+04 2.303031000000000131e+04 6.481492000000000189e+03 1.040019000000000005e+03 1.375043000000000006e+02
9.730850999999999767e+05 7.064085999999999767e+05 3.324242000000000116e+05 1.959130000000000000e+05 9.226199000000000524e+04 3.894441000000000349e+04 1.405890999999999985e+04 4.098463999999999942e+03 5.458381000000000540e+02 6.939544999999999675e+01
5.523369000000000233e+05 3.324242000000000116e+05 2.717620999999999767e+05 1.169128999999999942e+05 5.421563999999999942e+04 2.496847999999999956e+04 7.973291000000000167e+03 2.344291000000000167e+03 4.304311000000000149e+02 2.182448000000000121e+01
3.271359000000000233e+05 1.959130000000000000e+05 1.169128999999999942e+05 1.044846999999999971e+05 3.199445999999999913e+04 1.380112000000000080e+04 5.195193000000000211e+03 1.410911000000000058e+03 2.924589000000000283e+02 4.007782000000000266e+01
1.470230000000000000e+05 9.226199000000000524e+04 5.421563999999999942e+04 3.199445999999999913e+04 3.019791999999999825e+04 6.415164999999999964e+03 2.361226999999999862e+03 8.496068999999999960e+02 1.942370999999999981e+02 5.847930999999999546e-01
6.509308999999999651e+04 3.894441000000000349e+04 2.496847999999999956e+04 1.380112000000000080e+04 6.415164999999999964e+03 8.031782000000000153e+03 1.116377999999999929e+03 4.574173999999999864e+02 3.879907000000000039e+01 -6.237793000000000365e-01
2.303031000000000131e+04 1.405890999999999985e+04 7.973291000000000167e+03 5.195193000000000211e+03 2.361226999999999862e+03 1.116377999999999929e+03 1.801029999999999973e+03 9.752009999999999934e+01 2.821041999999999916e+01 1.325531000000000015e+00
6.481492000000000189e+03 4.098463999999999942e+03 2.344291000000000167e+03 1.410911000000000058e+03 8.496068999999999960e+02 4.574173999999999864e+02 9.752009999999999934e+01 4.259087000000000103e+02 2.448334000000000010e+00 1.263152999999999970e+00
1.040019000000000005e+03 5.458381000000000540e+02 4.304311000000000149e+02 2.924589000000000283e+02 1.942370999999999981e+02 3.879907000000000039e+01 2.821041999999999916e+01 2.448334000000000010e+00 5.261578000000000088e+01 -4.054564999999999975e-01
1.375043000000000006e+02 6.939544999999999675e+01 2.182448000000000121e+01 4.007782000000000266e+01 5.847930999999999546e-01 -6.237793000000000365e-01 1.325531000000000015e+00 1.263152999999999970e+00 -4.054564999999999975e-01 3.960999000000000159e+00
