1.450282000000000116e+05 5.931037000000000262e+04 3.296891999999999825e+04 1.739638999999999942e+04 9.507332000000000335e+03 3.719782999999999902e+03 1.472805000000000064e+03 8.182736999999999625e+02 1.299955999999999960e+02 5.495495999999999981e+01
5.931037000000000262e+04 6.338945999999999913e+04 2.188388000000000102e+04 9.962736000000000786e+03 5.818704999999999927e+03 2.050675999999999931e+03 8.431214999999999691e+02 3.643143999999999778e+02 1.388299000000000092e+02 1.466075999999999979e+01
3.296891999999999825e+04 2.188388000000000102e+04 2.475345000000000073e+04 5.789091000000000349e+03 3.429068999999999960e+03 1.167717000000000098e+03 3.834585999999999899e+02 1.820460999999999956e+02 8.335250999999999522e+00 1.297655999999999921e+01
1.739638999999999942e+04 9.962736000000000786e+03 5.789091000000000349e+03 9.270309999999999491e+03 1.673785000000000082e+03 8.645289000000000215e+02 3.549207000000000107e+02 1.182335000000000065e+02 4.364115999999999929e+01 -1.775822000000000012e+00
9.507332000000000335e+03 5.818704999999999927e+03 3.429068999999999960e+03 1.673785000000000082e+03 3.639422999999999774e+03 4.081875000000000000e+02 1.452529000000000110e+02 8.601527000000000100e+01 2.648723000000000027e+01 -1.364516999999999987e-02
3.719782999999999902e+03 2.050675999999999931e+03 1.167717000000000098e+03 8.645289000000000215e+02 4.081875000000000000e+02 1.292452999999999975e+03 6.698805000000000121e+01 6.125903000000000276e+01 1.780110000000000170e+01 6.968784000000000312e+00
1.472805000000000064e+03 8.431214999999999691e+02 3.834585999999999899e+02 3.549207000000000107e+02 1.452529000000000110e+02 6.698805000000000121e+01 3.311000999999999976e+02 2.449502999999999986e+01 4.436630000000000074e+00 -1.877186000000000021e+00
8.182736999999999625e+02 3.643143999999999778e+02 1.820460999999999956e+02 1.182335000000000065e+02 8.601527000000000100e+01 6.125903000000000276e+01 2.449502999999999986e+01 1.158280000000000030e+02 2.027283000000000002e-01 3.781662000000000079e-01
1.299955999999999960e+02 1.388299000000000092e+02 8.335250999999999522e+00 4.364115999999999929e+01 2.648723000000000027e+01 1.780110000000000170e+01 4.436630000000000074e+00 2.027283000000000002e-01 2.841315000000000168e+01 -1.637421000000000015e-01
5.495495999999999981e+01 1.466075999999999979e+01 1.297655999999999921e+01 -1.775822000000000012e+00 -1.364516999999999987e-02 6.968784000000000312e+00 -1.877186000000000021e+00 3.781662000000000079e-01 -1.637421000000000015e-01 2.976596999999999937e+00
