2.535731000000000000e+06 1.336734000000000000e+06 7.642550999999999767e+05 4.568910000000000000e+05 2.184528999999999942e+05 8.073216999999999825e+04 3.342819000000000233e+04 8.109515000000000327e+03 1.166076999999999998e+03 1.473796000000000106e+02
1.336734000000000000e+06 9.603845000000000000e+05 4.522252000000000116e+05 2.711230000000000000e+05 1.308666999999999971e+05 5.019479000000000087e+04 1.911395000000000073e+04 4.534235999999999876e+03 6.892761000000000422e+02 1.026116999999999990e+01
7.642550999999999767e+05 4.522252000000000116e+05 3.523845000000000000e+05 1.560143999999999942e+05 7.912994999999999709e+04 2.997122999999999956e+04 1.090879000000000087e+04 2.508507000000000062e+03 5.679977999999999838e+02 2.056522000000000006e+01
4.568910000000000000e+05 2.711230000000000000e+05 1.560143999999999942e+05 1.356267999999999884e+05 4.696445999999999913e+04 1.758766999999999825e+04 6.542003999999999905e+03 1.424050999999999931e+03 2.876714000000000055e+02 4.253395000000000259e+00
2.184528999999999942e+05 1.308666999999999971e+05 7.912994999999999709e+04 4.696445999999999913e+04 4.273958000000000175e+04 8.719959000000000742e+03 3.379425999999999931e+03 7.606755000000000564e+02 2.020421000000000049e+02 2.417145000000000099e+00
8.073216999999999825e+04 5.019479000000000087e+04 2.997122999999999956e+04 1.758766999999999825e+04 8.719959000000000742e+03 9.737847999999999956e+03 1.584074000000000069e+03 4.816374999999999886e+02 3.348134999999999906e+01 5.017525000000000013e+00
3.342819000000000233e+04 1.911395000000000073e+04 1.090879000000000087e+04 6.542003999999999905e+03 3.379425999999999931e+03 1.584074000000000069e+03 2.031646999999999935e+03 1.736270000000000095e+02 2.153597999999999857e+01 2.374260000000000037e+00
8.109515000000000327e+03 4.534235999999999876e+03 2.508507000000000062e+03 1.424050999999999931e+03 7.606755000000000564e+02 4.816374999999999886e+02 1.736270000000000095e+02 3.631000000000000227e+02 1.679525999999999897e+01 -1.306038000000000032e+00
1.166076999999999998e+03 6.892761000000000422e+02 5.679977999999999838e+02 2.876714000000000055e+02 2.020421000000000049e+02 3.348134999999999906e+01 2.153597999999999857e+01 1.679525999999999897e+01 3.879907000000000039e+01 -1.559447999999999945e-01
1.473796000000000106e+02 1.026116999999999990e+01 2.056522000000000006e+01 4.253395000000000259e+00 2.417145000000000099e+00 5.017525000000000013e+00 2.374260000000000037e+00 -1.306038000000000032e+00 -1.559447999999999945e-01 1.988296999999999981e+00
