3.106182000000000000e+06 1.618744000000000000e+06 9.524221999999999534e+05 5.386473000000000466e+05 2.920939000000000233e+05 1.239955000000000000e+05 4.294791000000000349e+04 1.020617000000000007e+04 1.376413999999999987e+03 1.249176999999999964e+02
1.618744000000000000e+06 1.171093000000000000e+06 5.762926999999999534e+05 3.240042000000000116e+05 1.794798999999999942e+05 7.457241999999999825e+04 2.423850000000000000e+04 6.719551000000000386e+03 5.153722999999999956e+02 4.893354000000000070e+01
9.524221999999999534e+05 5.762926999999999534e+05 4.452805999999999767e+05 1.883702000000000116e+05 1.089106000000000058e+05 4.605372000000000116e+04 1.443322999999999956e+04 3.421284999999999854e+03 3.589499000000000137e+02 3.045213000000000036e+01
5.386473000000000466e+05 3.240042000000000116e+05 1.883702000000000116e+05 1.532318999999999942e+05 6.226573999999999796e+04 2.496372000000000116e+04 8.137654999999999745e+03 1.989128999999999905e+03 2.130654999999999859e+02 3.197454000000000107e+01
2.920939000000000233e+05 1.794798999999999942e+05 1.089106000000000058e+05 6.226573999999999796e+04 5.521668000000000029e+04 1.429665999999999985e+04 4.553422999999999774e+03 1.125144000000000005e+03 1.954710000000000036e+02 7.128627999999999965e+00
1.239955000000000000e+05 7.457241999999999825e+04 4.605372000000000116e+04 2.496372000000000116e+04 1.429665999999999985e+04 1.402777000000000044e+04 1.960852000000000089e+03 6.378514000000000124e+02 6.374828999999999724e+01 1.096876999999999924e+01
4.294791000000000349e+04 2.423850000000000000e+04 1.443322999999999956e+04 8.137654999999999745e+03 4.553422999999999774e+03 1.960852000000000089e+03 2.707606000000000222e+03 1.598687999999999931e+02 2.248919000000000068e+01 4.033122999999999791e+00
1.020617000000000007e+04 6.719551000000000386e+03 3.421284999999999854e+03 1.989128999999999905e+03 1.125144000000000005e+03 6.378514000000000124e+02 1.598687999999999931e+02 4.355987000000000080e+02 1.011106999999999978e+01 1.775822000000000012e+00
1.376413999999999987e+03 5.153722999999999956e+02 3.589499000000000137e+02 2.130654999999999859e+02 1.954710000000000036e+02 6.374828999999999724e+01 2.248919000000000068e+01 1.011106999999999978e+01 3.795501999999999754e+01 -2.280693000000000026e-01
1.249176999999999964e+02 4.893354000000000070e+01 3.045213000000000036e+01 3.197454000000000107e+01 7.128627999999999965e+00 1.096876999999999924e+01 4.033122999999999791e+00 1.775822000000000012e+00 -2.280693000000000026e-01 2.976596999999999937e+00
