2.257572000000000000e+06 1.188110000000000000e+06 6.656860999999999767e+05 3.857417000000000116e+05 1.704283999999999942e+05 7.036775999999999476e+04 2.485761999999999898e+04 5.270780999999999949e+03 4.300002999999999815e+02 1.058203000000000031e+02
1.188110000000000000e+06 8.619233000000000466e+05 3.961985999999999767e+05 2.341937000000000116e+05 1.030210000000000000e+05 4.204805999999999767e+04 1.509087000000000080e+04 3.449300999999999931e+03 1.919485999999999990e+02 1.854964000000000013e+01
6.656860999999999767e+05 3.961985999999999767e+05 3.036144000000000233e+05 1.315936000000000058e+05 5.951858000000000175e+04 2.410343000000000029e+04 8.661284999999999854e+03 1.820653999999999996e+03 1.725081000000000131e+02 2.130595999999999890e+01
3.857417000000000116e+05 2.341937000000000116e+05 1.315936000000000058e+05 1.156513999999999942e+05 3.681406999999999971e+04 1.364105999999999949e+04 5.455636000000000422e+03 1.233999000000000024e+03 1.031341000000000037e+02 -9.434661999999999438e+00
1.704283999999999942e+05 1.030210000000000000e+05 5.951858000000000175e+04 3.681406999999999971e+04 3.209027999999999884e+04 6.463743000000000393e+03 2.612340999999999894e+03 6.478513000000000375e+02 1.028670999999999935e+02 1.158280000000000065e+01
7.036775999999999476e+04 4.204805999999999767e+04 2.410343000000000029e+04 1.364105999999999949e+04 6.463743000000000393e+03 7.630706000000000131e+03 1.004830000000000041e+03 2.909676999999999794e+02 3.268993000000000038e+00 -4.171523999999999788e-01
2.485761999999999898e+04 1.509087000000000080e+04 8.661284999999999854e+03 5.455636000000000422e+03 2.612340999999999894e+03 1.004830000000000041e+03 1.576788999999999987e+03 9.854152999999999452e+01 -2.339171999999999918e-01 2.775818000000000119e+00
5.270780999999999949e+03 3.449300999999999931e+03 1.820653999999999996e+03 1.233999000000000024e+03 6.478513000000000375e+02 2.909676999999999794e+02 9.854152999999999452e+01 3.172833999999999719e+02 3.152035000000000142e+00 -1.025336999999999943e+00
4.300002999999999815e+02 1.919485999999999990e+02 1.725081000000000131e+02 1.031341000000000037e+02 1.028670999999999935e+02 3.268993000000000038e+00 -2.339171999999999918e-01 3.152035000000000142e+00 2.373284999999999911e+01 -9.746551999999999993e-02
1.058203000000000031e+02 1.854964000000000013e+01 2.130595999999999890e+01 -9.434661999999999438e+00 1.158280000000000065e+01 -4.171523999999999788e-01 2.775818000000000119e+00 -1.025336999999999943e+00 -9.746551999999999993e-02 1.988296999999999981e+00
