2.689023000000000000e+06 1.410044000000000000e+06 8.597715999999999767e+05 5.007260000000000000e+05 2.655789000000000233e+05 1.180328000000000029e+05 4.749755999999999767e+04 1.445931999999999971e+04 2.328849000000000160e+03 1.648901999999999930e+02
1.410044000000000000e+06 1.052219000000000000e+06 5.340959000000000233e+05 3.067860000000000000e+05 1.614812999999999884e+05 6.946321000000000640e+04 2.583070000000000073e+04 8.222356999999999971e+03 1.282146999999999935e+03 4.669962999999999909e+01
8.597715999999999767e+05 5.340959000000000233e+05 4.314417000000000116e+05 1.881743999999999942e+05 1.048321000000000058e+05 4.815163999999999942e+04 1.702581000000000131e+04 5.000588999999999942e+03 1.000043000000000006e+03 4.029614000000000118e+01
5.007260000000000000e+05 3.067860000000000000e+05 1.881743999999999942e+05 1.561945000000000000e+05 6.085577999999999884e+04 2.687645999999999913e+04 9.040953999999999724e+03 2.965402000000000044e+03 5.237563000000000102e+02 3.136244999999999905e+01
2.655789000000000233e+05 1.614812999999999884e+05 1.048321000000000058e+05 6.085577999999999884e+04 5.373901999999999680e+04 1.455828000000000065e+04 4.981139000000000124e+03 1.782951999999999998e+03 3.613552999999999997e+02 3.031956999999999880e+01
1.180328000000000029e+05 6.946321000000000640e+04 4.815163999999999942e+04 2.687645999999999913e+04 1.455828000000000065e+04 1.523259000000000015e+04 2.506675000000000182e+03 9.869805999999999813e+02 1.198592000000000013e+02 7.803088999999999942e+00
4.749755999999999767e+04 2.583070000000000073e+04 1.702581000000000131e+04 9.040953999999999724e+03 4.981139000000000124e+03 2.506675000000000182e+03 3.335782999999999902e+03 3.334821999999999775e+02 9.447136999999999318e+01 3.471722000000000197e+00
1.445931999999999971e+04 8.222356999999999971e+03 5.000588999999999942e+03 2.965402000000000044e+03 1.782951999999999998e+03 9.869805999999999813e+02 3.334821999999999775e+02 7.653908000000000129e+02 1.269391000000000069e+01 3.163730999999999849e+00
2.328849000000000160e+03 1.282146999999999935e+03 1.000043000000000006e+03 5.237563000000000102e+02 3.613552999999999997e+02 1.198592000000000013e+02 9.447136999999999318e+01 1.269391000000000069e+01 8.533301000000000158e+01 -7.797241000000000311e-01
1.648901999999999930e+02 4.669962999999999909e+01 4.029614000000000118e+01 3.136244999999999905e+01 3.031956999999999880e+01 7.803088999999999942e+00 3.471722000000000197e+00 3.163730999999999849e+00 -7.797241000000000311e-01 4.941501999999999839e+00
