2.283325000000000000e+06 1.231498000000000000e+06 8.231431999999999534e+05 4.813657999999999884e+05 2.805245999999999767e+05 1.398988999999999942e+05 5.973586000000000058e+04 1.789884000000000015e+04 4.823583999999999833e+03 5.456041999999999916e+02
1.231498000000000000e+06 9.725755000000000000e+05 5.147660999999999767e+05 3.199190000000000000e+05 1.774418999999999942e+05 9.383294000000000233e+04 3.982405000000000291e+04 1.256187000000000080e+04 3.113474000000000160e+03 3.488876000000000204e+02
8.231431999999999534e+05 5.147660999999999767e+05 4.450419000000000233e+05 2.078570000000000000e+05 1.168413999999999942e+05 5.746152999999999884e+04 2.484977999999999884e+04 7.600375000000000000e+03 2.044162000000000035e+03 1.985918000000000063e+02
4.813657999999999884e+05 3.199190000000000000e+05 2.078570000000000000e+05 1.806791000000000058e+05 7.069089999999999418e+04 3.633923999999999796e+04 1.586990999999999985e+04 4.867161000000000058e+03 9.849221999999999753e+02 1.989661000000000115e+02
2.805245999999999767e+05 1.774418999999999942e+05 1.168413999999999942e+05 7.069089999999999418e+04 6.306312000000000262e+04 1.976775000000000000e+04 8.784647000000000844e+03 3.011300000000000182e+03 8.370630999999999631e+02 9.325110999999999706e+01
1.398988999999999942e+05 9.383294000000000233e+04 5.746152999999999884e+04 3.633923999999999796e+04 1.976775000000000000e+04 2.034181000000000131e+04 4.670661000000000058e+03 1.657019000000000005e+03 3.930081999999999880e+02 5.950074999999999648e+01
5.973586000000000058e+04 3.982405000000000291e+04 2.484977999999999884e+04 1.586990999999999985e+04 8.784647000000000844e+03 4.670661000000000058e+03 5.723064000000000306e+03 6.246077999999999975e+02 1.849915000000000020e+02 1.177773000000000003e+01
1.789884000000000015e+04 1.256187000000000080e+04 7.600375000000000000e+03 4.867161000000000058e+03 3.011300000000000182e+03 1.657019000000000005e+03 6.246077999999999975e+02 1.169288000000000011e+03 6.480092000000000496e+01 8.245582999999999885e+00
4.823583999999999833e+03 3.113474000000000160e+03 2.044162000000000035e+03 9.849221999999999753e+02 8.370630999999999631e+02 3.930081999999999880e+02 1.849915000000000020e+02 6.480092000000000496e+01 2.053462000000000103e+02 3.769966000000000150e+00
5.456041999999999916e+02 3.488876000000000204e+02 1.985918000000000063e+02 1.989661000000000115e+02 9.325110999999999706e+01 5.950074999999999648e+01 1.177773000000000003e+01 8.245582999999999885e+00 3.769966000000000150e+00 1.359059000000000061e+01
