2.593170000000000000e+06 1.456661000000000000e+06 9.120145000000000000e+05 5.623725000000000000e+05 3.123980999999999767e+05 1.437466000000000058e+05 6.039722000000000116e+04 2.045784999999999854e+04 4.037505000000000109e+03 8.944214999999999804e+01
1.456661000000000000e+06 1.155436000000000000e+06 5.930070999999999767e+05 3.700990000000000000e+05 2.032407000000000116e+05 9.167296000000000640e+04 3.931706999999999971e+04 1.260182999999999993e+04 2.703755999999999858e+03 1.469662999999999897e+02
9.120145000000000000e+05 5.930070999999999767e+05 4.701725999999999767e+05 2.361911000000000058e+05 1.252768999999999942e+05 5.725273999999999796e+04 2.487040000000000146e+04 7.176007999999999811e+03 1.440571999999999889e+03 1.279488000000000056e+02
5.623725000000000000e+05 3.700990000000000000e+05 2.361911000000000058e+05 2.058972000000000116e+05 8.158394999999999709e+04 3.744351000000000204e+04 1.569056999999999971e+04 5.126104999999999563e+03 7.309289999999999736e+02 1.183816000000000059e+02
3.123980999999999767e+05 2.032407000000000116e+05 1.252768999999999942e+05 8.158394999999999709e+04 6.872372999999999593e+04 2.018940999999999985e+04 8.354657999999999447e+03 2.862539000000000215e+03 5.642083999999999833e+02 5.275612999999999886e+01
1.437466000000000058e+05 9.167296000000000640e+04 5.725273999999999796e+04 3.744351000000000204e+04 2.018940999999999985e+04 1.882090999999999985e+04 4.158787000000000262e+03 1.399424999999999955e+03 2.475467999999999904e+02 2.528644999999999854e+01
6.039722000000000116e+04 3.931706999999999971e+04 2.487040000000000146e+04 1.569056999999999971e+04 8.354657999999999447e+03 4.158787000000000262e+03 5.549996000000000095e+03 4.508014000000000010e+02 9.560976999999999748e+01 5.056511000000000422e+00
2.045784999999999854e+04 1.260182999999999993e+04 7.176007999999999811e+03 5.126104999999999563e+03 2.862539000000000215e+03 1.399424999999999955e+03 4.508014000000000010e+02 9.669125000000000227e+02 5.822979999999999734e+01 6.939545000000000297e-01
4.037505000000000109e+03 2.703755999999999858e+03 1.440571999999999889e+03 7.309289999999999736e+02 5.642083999999999833e+02 2.475467999999999904e+02 9.560976999999999748e+01 5.822979999999999734e+01 1.316174000000000035e+02 1.653014999999999901e+00
8.944214999999999804e+01 1.469662999999999897e+02 1.279488000000000056e+02 1.183816000000000059e+02 5.275612999999999886e+01 2.528644999999999854e+01 5.056511000000000422e+00 6.939545000000000297e-01 1.653014999999999901e+00 9.785538000000000736e+00
