4.772628999999999905e+03 9.113260000000000218e+02 4.247780999999999949e+02 2.271725999999999885e+02 1.365765000000000100e+02 7.585156000000000631e+01 2.757103999999999999e+01 -1.637421000000000015e-01 2.908370999999999817e+00 -2.003890999999999867e+00
9.113260000000000218e+02 2.572583000000000084e+03 2.129505000000000052e+02 2.558392000000000053e+02 6.342275999999999669e+01 -1.147753999999999941e+01 2.626110999999999862e+01 3.567238000000000131e+00 2.296288000000000107e+00 -9.707565000000000222e-01
4.247780999999999949e+02 2.129505000000000052e+02 1.206756000000000085e+03 1.129937000000000040e+02 8.288466999999999985e+01 2.345410000000000039e+01 9.294311999999999685e+00 9.929786999999999253e+00 2.920066999999999968e+00 1.898627999999999982e+00
2.271725999999999885e+02 2.558392000000000053e+02 1.129937000000000040e+02 6.171028999999999769e+02 5.547737000000000052e+01 8.732910000000000394e+00 1.338006999999999991e+01 1.986347000000000085e+00 -4.044819000000000386e+00 2.898623999999999867e+00
1.365765000000000100e+02 6.342275999999999669e+01 8.288466999999999985e+01 5.547737000000000052e+01 3.086148000000000025e+02 2.095898000000000039e+01 7.111083999999999961e+00 -1.317733999999999961e+00 1.068222000000000005e+00 1.458083999999999936e+00
7.585156000000000631e+01 -1.147753999999999941e+01 2.345410000000000039e+01 8.732910000000000394e+00 2.095898000000000039e+01 1.317421999999999969e+02 -1.996094000000000035e+00 3.742675999999999892e+00 2.495117000000000029e-01 -2.495117000000000029e-01
2.757103999999999999e+01 2.626110999999999862e+01 9.294311999999999685e+00 1.338006999999999991e+01 7.111083999999999961e+00 -1.996094000000000035e+00 5.738770000000000238e+01 -9.668579000000000478e-01 9.668579000000000478e-01 -9.356688999999999978e-02
-1.637421000000000015e-01 3.567238000000000131e+00 9.929786999999999253e+00 1.986347000000000085e+00 -1.317733999999999961e+00 3.742675999999999892e+00 -9.668579000000000478e-01 2.009934000000000154e+01 -4.502906999999999882e-01 -4.093552000000000302e-02
2.908370999999999817e+00 2.296288000000000107e+00 2.920066999999999968e+00 -4.044819000000000386e+00 1.068222000000000005e+00 2.495117000000000029e-01 9.668579000000000478e-01 -4.502906999999999882e-01 1.074264999999999937e+01 -2.144240999999999855e-02
-2.003890999999999867e+00 -9.707565000000000222e-01 1.898627999999999982e+00 2.898623999999999867e+00 1.458083999999999936e+00 -2.495117000000000029e-01 -9.356688999999999978e-02 -4.093552000000000302e-02 -2.144240999999999855e-02 9.960976000000000274e-01
