8.761695999999999767e+05 4.750075000000000000e+05 2.807415000000000000e+05 1.526857999999999884e+05 8.684216000000000349e+04 4.581875000000000000e+04 1.900320999999999913e+04 5.882270000000000437e+03 1.377951999999999998e+03 -7.853381000000000256e+01
4.750075000000000000e+05 4.302337999999999884e+05 1.920417000000000116e+05 1.048218000000000029e+05 5.601440000000000146e+04 3.125161999999999898e+04 1.286772999999999956e+04 3.501117000000000189e+03 8.410181999999999789e+02 -9.861951000000000533e+01
2.807415000000000000e+05 1.920417000000000116e+05 1.623732000000000116e+05 6.368186000000000058e+04 3.634830999999999767e+04 1.836141999999999825e+04 8.174326000000000022e+03 1.939820999999999913e+03 5.237347999999999502e+02 -3.114217999999999975e+01
1.526857999999999884e+05 1.048218000000000029e+05 6.368186000000000058e+04 6.062023999999999796e+04 2.002409999999999854e+04 1.102085000000000036e+04 4.798563000000000102e+03 1.180127999999999929e+03 4.076553999999999860e+02 -6.237793000000000365e-01
8.684216000000000349e+04 5.601440000000000146e+04 3.634830999999999767e+04 2.002409999999999854e+04 2.256588999999999942e+04 5.413113999999999578e+03 2.722871000000000095e+03 5.837482999999999720e+02 2.129076000000000022e+02 3.649109000000000158e+00
4.581875000000000000e+04 3.125161999999999898e+04 1.836141999999999825e+04 1.102085000000000036e+04 5.413113999999999578e+03 7.946945999999999913e+03 1.389143000000000029e+03 3.713591999999999871e+02 7.689834000000000458e+01 -2.011687999999999921e+00
1.900320999999999913e+04 1.286772999999999956e+04 8.174326000000000022e+03 4.798563000000000102e+03 2.722871000000000095e+03 1.389143000000000029e+03 2.373010000000000218e+03 1.547985999999999933e+02 6.583795999999999538e+01 -3.103301999999999783e+00
5.882270000000000437e+03 3.501117000000000189e+03 1.939820999999999913e+03 1.180127999999999929e+03 5.837482999999999720e+02 3.713591999999999871e+02 1.547985999999999933e+02 5.132143999999999551e+02 1.382451000000000008e+01 -1.309936999999999907e+00
1.377951999999999998e+03 8.410181999999999789e+02 5.237347999999999502e+02 4.076553999999999860e+02 2.129076000000000022e+02 7.689834000000000458e+01 6.583795999999999538e+01 1.382451000000000008e+01 1.100639000000000038e+02 3.898620999999999892e-01
-7.853381000000000256e+01 -9.861951000000000533e+01 -3.114217999999999975e+01 -6.237793000000000365e-01 3.649109000000000158e+00 -2.011687999999999921e+00 -3.103301999999999783e+00 -1.309936999999999907e+00 3.898620999999999892e-01 7.859619000000000355e+00
