1.100041999999999971e+05 4.417027999999999884e+04 2.386600999999999840e+04 1.096576000000000022e+04 5.910047999999999774e+03 2.450945999999999913e+03 6.246974000000000160e+02 7.165274999999999750e+01 -1.121828000000000003e+01
4.417027999999999884e+04 4.532461000000000058e+04 1.418830999999999949e+04 7.385850999999999658e+03 4.279149000000000342e+03 1.570941000000000031e+03 5.926254000000000133e+02 2.661197999999999908e+01 -1.561397999999999975e+01
2.386600999999999840e+04 1.418830999999999949e+04 1.669929000000000087e+04 3.667900000000000091e+03 2.140202000000000226e+03 7.291667999999999665e+02 2.306346000000000060e+02 -5.255340999999999596e+00 5.247543000000000291e+00
1.096576000000000022e+04 7.385850999999999658e+03 3.667900000000000091e+03 5.997568000000000211e+03 1.236104000000000042e+03 3.712889999999999873e+02 1.489935999999999865e+02 2.062369999999999948e+01 -1.142295999999999978e+00
5.910047999999999774e+03 4.279149000000000342e+03 2.140202000000000226e+03 1.236104000000000042e+03 2.359998999999999796e+03 1.787283999999999935e+02 6.280288000000000181e+01 9.302108999999999739e+00 -2.218315000000000037e+00
2.450945999999999913e+03 1.570941000000000031e+03 7.291667999999999665e+02 3.712889999999999873e+02 1.787283999999999935e+02 6.394673000000000229e+02 5.051832999999999885e+01 -4.522399999999999753e-01 8.498993000000000242e-01
6.246974000000000160e+02 5.926254000000000133e+02 2.306346000000000060e+02 1.489935999999999865e+02 6.280288000000000181e+01 5.051832999999999885e+01 1.735490000000000066e+02 -1.017539999999999889e+00 -3.333321000000000200e-01
7.165274999999999750e+01 2.661197999999999908e+01 -5.255340999999999596e+00 2.062369999999999948e+01 9.302108999999999739e+00 -4.522399999999999753e-01 -1.017539999999999889e+00 2.818703000000000003e+01 -5.847930999999999963e-02
-1.121828000000000003e+01 -1.561397999999999975e+01 5.247543000000000291e+00 -1.142295999999999978e+00 -2.218315000000000037e+00 8.498993000000000242e-01 -3.333321000000000200e-01 -5.847930999999999963e-02 9.960976000000000274e-01
