1.540564000000000000e+06 8.468865999999999767e+05 5.505469000000000233e+05 3.520755000000000000e+05 1.908206000000000058e+05 1.039255000000000000e+05 5.308897000000000116e+04 1.632834000000000015e+04 5.794225000000000364e+03 7.943887999999999465e+02
8.468865999999999767e+05 6.840823000000000466e+05 3.709187999999999884e+05 2.292437999999999884e+05 1.312221000000000058e+05 7.037052000000000407e+04 3.493041000000000349e+04 9.609865999999999985e+03 4.071612000000000080e+03 6.177812999999999874e+02
5.505469000000000233e+05 3.709187999999999884e+05 3.231377999999999884e+05 1.532007999999999884e+05 8.438072000000000116e+04 4.610941000000000349e+04 2.237859000000000015e+04 7.865576000000000022e+03 2.261094999999999800e+03 2.535623999999999967e+02
3.520755000000000000e+05 2.292437999999999884e+05 1.532007999999999884e+05 1.424852000000000116e+05 5.285497000000000116e+04 2.760970000000000073e+04 1.340606999999999971e+04 4.860769000000000233e+03 1.549167999999999893e+03 2.665760000000000218e+02
1.908206000000000058e+05 1.312221000000000058e+05 8.438072000000000116e+04 5.285497000000000116e+04 5.129350000000000000e+04 1.704595000000000073e+04 8.208343000000000757e+03 2.642204000000000178e+03 1.100113000000000056e+03 2.213636999999999944e+02
1.039255000000000000e+05 7.037052000000000407e+04 4.610941000000000349e+04 2.760970000000000073e+04 1.704595000000000073e+04 1.867616999999999825e+04 4.261894000000000233e+03 1.652827999999999975e+03 5.493858000000000175e+02 1.041788999999999987e+02
5.308897000000000116e+04 3.493041000000000349e+04 2.237859000000000015e+04 1.340606999999999971e+04 8.208343000000000757e+03 4.261894000000000233e+03 6.066682999999999993e+03 7.418295000000000528e+02 2.822717999999999847e+02 5.885748000000000246e+01
1.632834000000000015e+04 9.609865999999999985e+03 7.865576000000000022e+03 4.860769000000000233e+03 2.642204000000000178e+03 1.652827999999999975e+03 7.418295000000000528e+02 1.567807000000000016e+03 3.089266999999999896e+01 1.582840000000000025e+01
5.794225000000000364e+03 4.071612000000000080e+03 2.261094999999999800e+03 1.549167999999999893e+03 1.100113000000000056e+03 5.493858000000000175e+02 2.822717999999999847e+02 3.089266999999999896e+01 3.010650999999999726e+02 1.468415000000000070e+01
7.943887999999999465e+02 6.177812999999999874e+02 2.535623999999999967e+02 2.665760000000000218e+02 2.213636999999999944e+02 1.041788999999999987e+02 5.885748000000000246e+01 1.582840000000000025e+01 1.468415000000000070e+01 4.130783000000000271e+01
