1.924863000000000000e+06 1.059984000000000000e+06 6.865756999999999534e+05 4.013475000000000000e+05 2.196820000000000000e+05 1.108635000000000000e+05 5.189761000000000058e+04 1.284872999999999956e+04 4.184327000000000226e+03 3.322715999999999781e+02
1.059984000000000000e+06 8.705376999999999534e+05 4.497667000000000116e+05 2.680520000000000000e+05 1.457853999999999942e+05 7.602302000000000407e+04 3.311597000000000116e+04 8.804021000000000640e+03 2.961173999999999978e+03 3.225251000000000090e+02
6.865756999999999534e+05 4.497667000000000116e+05 3.797782999999999884e+05 1.746420000000000000e+05 9.330688999999999942e+04 4.517043000000000029e+04 2.090172000000000116e+04 5.381842999999999847e+03 1.985692000000000007e+03 1.533094000000000108e+02
4.013475000000000000e+05 2.680520000000000000e+05 1.746420000000000000e+05 1.500778999999999942e+05 5.375576000000000204e+04 2.781936000000000058e+04 1.371412999999999920e+04 3.370778999999999996e+03 9.734231999999999516e+02 1.655354000000000099e+02
2.196820000000000000e+05 1.457853999999999942e+05 9.330688999999999942e+04 5.375576000000000204e+04 5.100355999999999767e+04 1.459670999999999913e+04 6.731006000000000313e+03 2.115485000000000127e+03 7.104066000000000258e+02 5.241306000000000154e+01
1.108635000000000000e+05 7.602302000000000407e+04 4.517043000000000029e+04 2.781936000000000058e+04 1.459670999999999913e+04 1.665409000000000015e+04 3.996887000000000171e+03 1.057555000000000064e+03 2.914764999999999873e+02 3.419870000000000232e+01
5.189761000000000058e+04 3.311597000000000116e+04 2.090172000000000116e+04 1.371412999999999920e+04 6.731006000000000313e+03 3.996887000000000171e+03 5.037592999999999847e+03 4.043337000000000216e+02 1.551807000000000016e+02 2.303304999999999936e+01
1.284872999999999956e+04 8.804021000000000640e+03 5.381842999999999847e+03 3.370778999999999996e+03 2.115485000000000127e+03 1.057555000000000064e+03 4.043337000000000216e+02 8.623125000000000000e+02 4.591015999999999764e+01 6.986328000000000316e+00
4.184327000000000226e+03 2.961173999999999978e+03 1.985692000000000007e+03 9.734231999999999516e+02 7.104066000000000258e+02 2.914764999999999873e+02 1.551807000000000016e+02 4.591015999999999764e+01 1.605608000000000004e+02 6.237793000000000365e-01
3.322715999999999781e+02 3.225251000000000090e+02 1.533094000000000108e+02 1.655354000000000099e+02 5.241306000000000154e+01 3.419870000000000232e+01 2.303304999999999936e+01 6.986328000000000316e+00 6.237793000000000365e-01 7.859619000000000355e+00
