2.774590000000000000e+06 1.551790000000000000e+06 9.710729000000000233e+05 6.046476999999999534e+05 3.558465999999999767e+05 1.521992000000000116e+05 6.773519999999999709e+04 2.566227999999999884e+04 5.069079999999999927e+03 1.898783999999999992e+02
1.551790000000000000e+06 1.209965000000000000e+06 6.305130999999999767e+05 3.951460000000000000e+05 2.295092999999999884e+05 1.000893999999999942e+05 4.429387000000000262e+04 1.556897999999999956e+04 3.715041999999999916e+03 2.636831999999999994e+02
9.710729000000000233e+05 6.305130999999999767e+05 5.016199000000000233e+05 2.518765000000000000e+05 1.474036000000000058e+05 6.311162000000000262e+04 2.800990999999999985e+04 9.866694999999999709e+03 2.065862999999999829e+03 1.483562000000000012e+02
6.046476999999999534e+05 3.951460000000000000e+05 2.518765000000000000e+05 2.174200000000000000e+05 9.474783000000000175e+04 4.085405000000000291e+04 1.746679000000000087e+04 6.347765000000000327e+03 1.247059999999999945e+03 1.217929000000000030e+02
3.558465999999999767e+05 2.295092999999999884e+05 1.474036000000000058e+05 9.474783000000000175e+04 8.104527000000000407e+04 2.332534999999999854e+04 9.902574000000000524e+03 3.879688999999999851e+03 8.915054000000000087e+02 5.992960000000000065e+01
1.521992000000000116e+05 1.000893999999999942e+05 6.311162000000000262e+04 4.085405000000000291e+04 2.332534999999999854e+04 2.062363999999999942e+04 4.816948000000000320e+03 1.886058999999999969e+03 4.600996000000000095e+02 1.359839000000000020e+01
6.773519999999999709e+04 4.429387000000000262e+04 2.800990999999999985e+04 1.746679000000000087e+04 9.902574000000000524e+03 4.816948000000000320e+03 6.236715000000000146e+03 4.996277000000000044e+02 2.320147000000000048e+02 1.517538000000000054e+01
2.566227999999999884e+04 1.556897999999999956e+04 9.866694999999999709e+03 6.347765000000000327e+03 3.879688999999999851e+03 1.886058999999999969e+03 4.996277000000000044e+02 1.237195999999999913e+03 6.905236999999999625e+01 -7.341103000000000378e+00
5.069079999999999927e+03 3.715041999999999916e+03 2.065862999999999829e+03 1.247059999999999945e+03 8.915054000000000087e+02 4.600996000000000095e+02 2.320147000000000048e+02 6.905236999999999625e+01 2.031024999999999920e+02 4.522400000000000198e+00
1.898783999999999992e+02 2.636831999999999994e+02 1.483562000000000012e+02 1.217929000000000030e+02 5.992960000000000065e+01 1.359839000000000020e+01 1.517538000000000054e+01 -7.341103000000000378e+00 4.522400000000000198e+00 1.264517999999999986e+01
