1.004187000000000000e+06 5.763634000000000233e+05 3.482760999999999767e+05 2.116390000000000000e+05 1.152223000000000029e+05 6.763688999999999942e+04 2.977927000000000044e+04 1.035184000000000015e+04 2.632628999999999905e+03 5.787501999999999498e+02
5.763634000000000233e+05 4.995840999999999767e+05 2.475298999999999942e+05 1.477137999999999884e+05 8.173224000000000524e+04 4.575520999999999913e+04 2.128479999999999927e+04 6.324521999999999935e+03 1.624040999999999940e+03 2.915466000000000122e+02
3.482760999999999767e+05 2.475298999999999942e+05 2.107392999999999884e+05 9.032441000000000349e+04 4.723304000000000087e+04 2.657686999999999898e+04 1.379513999999999942e+04 4.014389999999999873e+03 9.896103000000000520e+02 1.854301000000000101e+02
2.116390000000000000e+05 1.477137999999999884e+05 9.032441000000000349e+04 8.614786000000000058e+04 3.087400000000000000e+04 1.808679000000000087e+04 8.349181000000000495e+03 2.632869000000000142e+03 6.467265999999999622e+02 1.527147999999999968e+02
1.152223000000000029e+05 8.173224000000000524e+04 4.723304000000000087e+04 3.087400000000000000e+04 3.362406999999999971e+04 9.629655000000000655e+03 4.615000000000000000e+03 1.515768000000000029e+03 9.899376999999999782e+01 1.256758999999999986e+02
6.763688999999999942e+04 4.575520999999999913e+04 2.657686999999999898e+04 1.808679000000000087e+04 9.629655000000000655e+03 1.263328000000000065e+04 2.854539000000000215e+03 7.260167000000000144e+02 2.113363999999999976e+02 5.308362000000000336e+01
2.977927000000000044e+04 2.128479999999999927e+04 1.379513999999999942e+04 8.349181000000000495e+03 4.615000000000000000e+03 2.854539000000000215e+03 3.670809000000000196e+03 3.699673999999999978e+02 8.204256999999999778e+01 1.586349000000000053e+01
1.035184000000000015e+04 6.324521999999999935e+03 4.014389999999999873e+03 2.632869000000000142e+03 1.515768000000000029e+03 7.260167000000000144e+02 3.699673999999999978e+02 9.978577999999999975e+02 5.641304000000000229e+01 1.730012999999999934e+01
2.632628999999999905e+03 1.624040999999999940e+03 9.896103000000000520e+02 6.467265999999999622e+02 9.899376999999999782e+01 2.113363999999999976e+02 8.204256999999999778e+01 5.641304000000000229e+01 2.063149999999999977e+02 -7.563324000000000158e-01
5.787501999999999498e+02 2.915466000000000122e+02 1.854301000000000101e+02 1.527147999999999968e+02 1.256758999999999986e+02 5.308362000000000336e+01 1.586349000000000053e+01 1.730012999999999934e+01 -7.563324000000000158e-01 2.951840999999999937e+01
