3.152827999999999975e+03 5.285846999999999980e+02 1.911045000000000016e+02 1.185532000000000039e+02 7.018686999999999898e+01 4.806998999999999711e+01 2.402524999999999977e+01 2.597260999999999953e+01 4.003883000000000081e+00 3.994136999999999826e+00
5.285846999999999980e+02 1.723359999999999900e+03 2.747728000000000179e+02 9.990994999999999493e+01 4.912651999999999930e+01 2.993361000000000161e+01 3.085757999999999779e+00 1.354381000000000057e+01 -1.711494000000000071e+00 5.370350000000000179e+00
1.911045000000000016e+02 2.747728000000000179e+02 9.199633999999999787e+02 2.957882999999999996e+01 4.847155000000000058e+01 1.477576999999999963e+01 -8.688076000000000576e+00 4.249495999999999718e+00 4.120841999999999672e+00 -4.775809999999999778e-01
1.185532000000000039e+02 9.990994999999999493e+01 2.957882999999999996e+01 4.794289999999999736e+02 2.361784000000000106e+01 1.102529999999999966e+01 6.935646000000000200e+00 2.573090000000000099e+00 2.284591999999999956e+00 -7.836227000000000054e-01
7.018686999999999898e+01 4.912651999999999930e+01 4.847155000000000058e+01 2.361784000000000106e+01 2.097692000000000121e+02 1.174264999999999937e+01 6.990226999999999968e+00 1.107207999999999970e+00 3.048721000000000014e+00 -3.235855000000000259e-01
4.806998999999999711e+01 2.993361000000000161e+01 1.477576999999999963e+01 1.102529999999999966e+01 1.174264999999999937e+01 8.804644999999999300e+01 2.923964999999999925e+00 1.029236000000000040e+00 -9.824524000000000035e-01 8.343047999999999575e-01
2.402524999999999977e+01 3.085757999999999779e+00 -8.688076000000000576e+00 6.935646000000000200e+00 6.990226999999999968e+00 2.923964999999999925e+00 3.625522000000000133e+01 1.325531000000000070e-01 -4.327468999999999899e-01 -7.212448000000000470e-02
2.597260999999999953e+01 1.354381000000000057e+01 4.249495999999999718e+00 2.573090000000000099e+00 1.107207999999999970e+00 1.029236000000000040e+00 1.325531000000000070e-01 1.169585999999999970e+01 -1.403503000000000112e-01 -2.339172000000000126e-02
4.003883000000000081e+00 -1.711494000000000071e+00 4.120841999999999672e+00 2.284591999999999956e+00 3.048721000000000014e+00 -9.824524000000000035e-01 -4.327468999999999899e-01 -1.403503000000000112e-01 5.918105999999999867e+00 -1.169586000000000063e-02
3.994136999999999826e+00 5.370350000000000179e+00 -4.775809999999999778e-01 -7.836227000000000054e-01 -3.235855000000000259e-01 8.343047999999999575e-01 -7.212448000000000470e-02 -2.339172000000000126e-02 -1.169586000000000063e-02 9.960976000000000274e-01
