2.191794000000000000e+06 1.165915000000000000e+06 7.470835999999999767e+05 4.518835999999999767e+05 2.359488999999999942e+05 1.143711999999999971e+05 4.764523999999999796e+04 1.550095999999999913e+04 3.135114999999999782e+03 4.878188000000000102e+02
1.165915000000000000e+06 8.869803000000000466e+05 4.677247000000000116e+05 2.783342000000000116e+05 1.385972999999999884e+05 6.900039999999999418e+04 2.930979000000000087e+04 8.693202999999999520e+03 1.872585000000000036e+03 3.217375999999999863e+02
7.470835999999999767e+05 4.677247000000000116e+05 3.923800999999999767e+05 1.793713999999999942e+05 9.075422000000000116e+04 4.260258000000000175e+04 1.956268999999999869e+04 5.692770000000000437e+03 1.383042999999999893e+03 2.883186000000000035e+02
4.518835999999999767e+05 2.783342000000000116e+05 1.793713999999999942e+05 1.557062999999999884e+05 5.778280999999999767e+04 2.707740000000000146e+04 1.228562999999999920e+04 3.589896999999999935e+03 7.714901999999999589e+02 1.792429999999999950e+02
2.359488999999999942e+05 1.385972999999999884e+05 9.075422000000000116e+04 5.778280999999999767e+04 5.114527999999999884e+04 1.491044000000000051e+04 6.637113000000000284e+03 2.054456000000000131e+03 4.795615000000000236e+02 8.241683999999999344e+01
1.143711999999999971e+05 6.900039999999999418e+04 4.260258000000000175e+04 2.707740000000000146e+04 1.491044000000000051e+04 1.532987000000000080e+04 3.565873000000000047e+03 1.073126999999999953e+03 2.859404000000000110e+02 5.297446000000000055e+01
4.764523999999999796e+04 2.930979000000000087e+04 1.956268999999999869e+04 1.228562999999999920e+04 6.637113000000000284e+03 3.565873000000000047e+03 4.257971999999999753e+03 5.164190999999999576e+02 1.432196999999999889e+02 1.769973999999999847e+01
1.550095999999999913e+04 8.693202999999999520e+03 5.692770000000000437e+03 3.589896999999999935e+03 2.054456000000000131e+03 1.073126999999999953e+03 5.164190999999999576e+02 8.748427000000000362e+02 2.644823999999999842e+01 4.974639999999999951e+00
3.135114999999999782e+03 1.872585000000000036e+03 1.383042999999999893e+03 7.714901999999999589e+02 4.795615000000000236e+02 2.859404000000000110e+02 1.432196999999999889e+02 2.644823999999999842e+01 1.297461000000000126e+02 3.992188000000000070e+00
4.878188000000000102e+02 3.217375999999999863e+02 2.883186000000000035e+02 1.792429999999999950e+02 8.241683999999999344e+01 5.297446000000000055e+01 1.769973999999999847e+01 4.974639999999999951e+00 3.992188000000000070e+00 1.169585999999999970e+01
