2.767649000000000000e+06 1.519183000000000000e+06 9.162156999999999534e+05 5.773485999999999767e+05 3.323305999999999767e+05 1.488601000000000058e+05 6.515094999999999709e+04 2.491047999999999956e+04 5.519307999999999993e+03 6.548396000000000186e+02
1.519183000000000000e+06 1.128145000000000000e+06 5.810474000000000233e+05 3.561180999999999767e+05 2.098741000000000058e+05 9.022411000000000058e+04 3.971629000000000087e+04 1.570161000000000058e+04 2.978757000000000062e+03 3.964800000000000182e+02
9.162156999999999534e+05 5.810474000000000233e+05 4.683852000000000116e+05 2.291333999999999942e+05 1.258678000000000029e+05 5.385898999999999796e+04 2.504952999999999884e+04 9.315587999999999738e+03 1.750691000000000031e+03 4.064058999999999742e+02
5.773485999999999767e+05 3.561180999999999767e+05 2.291333999999999942e+05 1.947198999999999942e+05 8.213317999999999302e+04 3.532123000000000320e+04 1.585637000000000080e+04 6.559125000000000000e+03 1.148970000000000027e+03 2.093325000000000102e+02
3.323305999999999767e+05 2.098741000000000058e+05 1.258678000000000029e+05 8.213317999999999302e+04 7.231919000000000233e+04 2.134054000000000087e+04 9.190959000000000742e+03 3.175418999999999869e+03 8.659615999999999758e+02 1.596640999999999906e+02
1.488601000000000058e+05 9.022411000000000058e+04 5.385898999999999796e+04 3.532123000000000320e+04 2.134054000000000087e+04 2.126200000000000000e+04 4.394105999999999767e+03 1.594507000000000062e+03 4.848403000000000134e+02 5.123761999999999972e+01
6.515094999999999709e+04 3.971629000000000087e+04 2.504952999999999884e+04 1.585637000000000080e+04 9.190959000000000742e+03 4.394105999999999767e+03 5.811609000000000378e+03 8.259442000000000235e+02 1.706270000000000095e+02 1.307402000000000086e+01
2.491047999999999956e+04 1.570161000000000058e+04 9.315587999999999738e+03 6.559125000000000000e+03 3.175418999999999869e+03 1.594507000000000062e+03 8.259442000000000235e+02 1.243579999999999927e+03 5.791011000000000308e+01 -5.087699999999999445e-01
5.519307999999999993e+03 2.978757000000000062e+03 1.750691000000000031e+03 1.148970000000000027e+03 8.659615999999999758e+02 4.848403000000000134e+02 1.706270000000000095e+02 5.791011000000000308e+01 1.890987000000000080e+02 5.536041000000000434e-01
6.548396000000000186e+02 3.964800000000000182e+02 4.064058999999999742e+02 2.093325000000000102e+02 1.596640999999999906e+02 5.123761999999999972e+01 1.307402000000000086e+01 -5.087699999999999445e-01 5.536041000000000434e-01 1.640344999999999942e+01
