7.956249000000000233e+05 3.732312999999999884e+05 2.126565000000000000e+05 1.167595000000000000e+05 5.634391999999999825e+04 2.125018999999999869e+04 9.495753000000000611e+03 2.784099000000000160e+03 5.841615000000000464e+02 7.567222999999999900e+01
3.732312999999999884e+05 2.968019000000000233e+05 1.257798999999999942e+05 7.157957000000000698e+04 3.336750000000000000e+04 1.240645999999999913e+04 6.134354999999999563e+03 1.820904999999999973e+03 4.381893999999999778e+02 3.313828000000000173e+01
2.126565000000000000e+05 1.257798999999999942e+05 1.145228999999999942e+05 4.149066999999999825e+04 1.935636000000000058e+04 7.566114999999999782e+03 3.076027000000000044e+03 1.077734999999999900e+03 2.460029999999999859e+02 3.868990999999999758e+01
1.167595000000000000e+05 7.157957000000000698e+04 4.149066999999999825e+04 4.192931999999999971e+04 1.148538999999999942e+04 4.292393000000000029e+03 2.327768999999999778e+03 5.530036999999999807e+02 1.890636000000000081e+02 1.360228999999999999e+01
5.634391999999999825e+04 3.336750000000000000e+04 1.935636000000000058e+04 1.148538999999999942e+04 1.420220000000000073e+04 2.134659000000000106e+03 1.042857999999999947e+03 3.040767999999999915e+02 2.606617999999999924e+01 8.990218999999999738e+00
2.125018999999999869e+04 1.240645999999999913e+04 7.566114999999999782e+03 4.292393000000000029e+03 2.134659000000000106e+03 3.130429000000000087e+03 3.092620000000000005e+02 1.039060000000000059e+02 2.640925999999999974e+01 6.152022999999999797e+00
9.495753000000000611e+03 6.134354999999999563e+03 3.076027000000000044e+03 2.327768999999999778e+03 1.042857999999999947e+03 3.092620000000000005e+02 9.069048999999999978e+02 2.967630000000000123e+01 1.649117000000000033e+01 3.095505000000000173e+00
2.784099000000000160e+03 1.820904999999999973e+03 1.077734999999999900e+03 5.530036999999999807e+02 3.040767999999999915e+02 1.039060000000000059e+02 2.967630000000000123e+01 1.698863000000000056e+02 8.904448999999999614e+00 -6.705626999999999560e-01
5.841615000000000464e+02 4.381893999999999778e+02 2.460029999999999859e+02 1.890636000000000081e+02 2.606617999999999924e+01 2.640925999999999974e+01 1.649117000000000033e+01 8.904448999999999614e+00 3.018311999999999884e+01 -1.169585999999999959e-01
7.567222999999999900e+01 3.313828000000000173e+01 3.868990999999999758e+01 1.360228999999999999e+01 8.990218999999999738e+00 6.152022999999999797e+00 3.095505000000000173e+00 -6.705626999999999560e-01 -1.169585999999999959e-01 1.988296999999999981e+00
