1.021998000000000000e+06 5.169007000000000116e+05 2.869832999999999884e+05 1.580038999999999942e+05 7.679110000000000582e+04 2.741115000000000146e+04 1.144504000000000087e+04 4.120908000000000357e+03 3.715346000000000117e+02 8.325114000000000658e+01
5.169007000000000116e+05 4.211920000000000000e+05 1.753613999999999942e+05 9.940302999999999884e+04 4.442873999999999796e+04 1.744038999999999942e+04 6.699984000000000378e+03 2.469528999999999996e+03 2.926831000000000245e+02 1.941902999999999935e+01
2.869832999999999884e+05 1.753613999999999942e+05 1.462326000000000058e+05 5.579069000000000233e+04 2.606418000000000029e+04 1.110330999999999949e+04 3.668213999999999942e+03 1.350391000000000076e+03 4.131562999999999874e+01 3.835072999999999865e+01
1.580038999999999942e+05 9.940302999999999884e+04 5.579069000000000233e+04 5.574113999999999942e+04 1.574693000000000029e+04 6.024796000000000276e+03 2.627739999999999782e+03 1.146701000000000022e+03 3.146187000000000111e+01 2.078744999999999976e+01
7.679110000000000582e+04 4.442873999999999796e+04 2.606418000000000029e+04 1.574693000000000029e+04 1.635798999999999978e+04 2.956152000000000044e+03 1.160540999999999940e+03 3.905482000000000085e+02 5.426879999999999704e+00 1.210131999999999941e+01
2.741115000000000146e+04 1.744038999999999942e+04 1.110330999999999949e+04 6.024796000000000276e+03 2.956152000000000044e+03 4.312060000000000400e+03 3.871428000000000225e+02 1.173738000000000028e+02 1.476603000000000065e+01 4.495110000000000383e+00
1.144504000000000087e+04 6.699984000000000378e+03 3.668213999999999942e+03 2.627739999999999782e+03 1.160540999999999940e+03 3.871428000000000225e+02 1.042380000000000109e+03 3.720649000000000228e+01 5.031170000000000364e+00 2.693947000000000092e+00
4.120908000000000357e+03 2.469528999999999996e+03 1.350391000000000076e+03 1.146701000000000022e+03 3.905482000000000085e+02 1.173738000000000028e+02 3.720649000000000228e+01 2.165897999999999968e+02 2.863536999999999999e+00 -7.056502999999999526e-01
3.715346000000000117e+02 2.926831000000000245e+02 4.131562999999999874e+01 3.146187000000000111e+01 5.426879999999999704e+00 1.476603000000000065e+01 5.031170000000000364e+00 2.863536999999999999e+00 2.192389000000000010e+01 -8.966826999999999437e-02
8.325114000000000658e+01 1.941902999999999935e+01 3.835072999999999865e+01 2.078744999999999976e+01 1.210131999999999941e+01 4.495110000000000383e+00 2.693947000000000092e+00 -7.056502999999999526e-01 -8.966826999999999437e-02 1.988296999999999981e+00
