1.290380000000000000e+06 6.680143000000000466e+05 3.846820000000000000e+05 2.178662000000000116e+05 1.042248999999999942e+05 4.082130999999999767e+04 1.517284000000000015e+04 4.448644000000000233e+03 9.115969000000000051e+02 1.825061000000000035e+02
6.680143000000000466e+05 5.372524000000000233e+05 2.415115000000000000e+05 1.365592999999999884e+05 6.543725000000000000e+04 2.399497999999999956e+04 8.650914000000000669e+03 2.583166000000000167e+03 5.355164999999999509e+02 1.205103000000000009e+02
3.846820000000000000e+05 2.415115000000000000e+05 1.961998999999999942e+05 8.115575999999999476e+04 3.644850000000000000e+04 1.567461000000000058e+04 5.794411000000000058e+03 1.683346000000000004e+03 2.469073999999999955e+02 7.606989000000000090e+01
2.178662000000000116e+05 1.365592999999999884e+05 8.115575999999999476e+04 7.214374000000000524e+04 2.166736000000000058e+04 8.948748999999999796e+03 3.699791000000000167e+03 1.087751999999999953e+03 1.810577999999999861e+02 3.373476000000000141e+01
1.042248999999999942e+05 6.543725000000000000e+04 3.644850000000000000e+04 2.166736000000000058e+04 2.127447000000000116e+04 3.907052999999999884e+03 1.714176999999999907e+03 4.986238000000000170e+02 7.747924000000000433e+01 1.832742000000000004e+01
4.082130999999999767e+04 2.399497999999999956e+04 1.567461000000000058e+04 8.948748999999999796e+03 3.907052999999999884e+03 5.710068000000000211e+03 7.698060000000000400e+02 1.328610999999999933e+02 5.432728000000000179e+01 8.366440000000000765e+00
1.517284000000000015e+04 8.650914000000000669e+03 5.794411000000000058e+03 3.699791000000000167e+03 1.714176999999999907e+03 7.698060000000000400e+02 1.324906999999999925e+03 5.554755000000000109e+01 8.140319999999999112e+00 3.680298000000000069e+00
4.448644000000000233e+03 2.583166000000000167e+03 1.683346000000000004e+03 1.087751999999999953e+03 4.986238000000000170e+02 1.328610999999999933e+02 5.554755000000000109e+01 2.428352999999999895e+02 4.458072999999999730e+00 -8.070144999999999680e-01
9.115969000000000051e+02 5.355164999999999509e+02 2.469073999999999955e+02 1.810577999999999861e+02 7.747924000000000433e+01 5.432728000000000179e+01 8.140319999999999112e+00 4.458072999999999730e+00 3.305834999999999724e+01 -1.208571999999999980e-01
1.825061000000000035e+02 1.205103000000000009e+02 7.606989000000000090e+01 3.373476000000000141e+01 1.832742000000000004e+01 8.366440000000000765e+00 3.680298000000000069e+00 -8.070144999999999680e-01 -1.208571999999999980e-01 1.988296999999999981e+00
