2.612744000000000142e+03 2.223987999999999943e+02 2.047322000000000060e+02 5.916935999999999751e+01 3.079520000000000124e+01 7.013618000000000130e+00 1.091224000000000061e+01 1.593561000000000050e+01 1.384009999999999962e+00
2.223987999999999943e+02 1.249334000000000060e+03 6.584770000000000323e+01 1.151068000000000069e+02 3.093554999999999922e+01 9.711463999999999430e+00 -4.479515000000000136e+00 1.073484999999999978e+01 -9.746551999999999993e-02
2.047322000000000060e+02 6.584770000000000323e+01 5.581264999999999645e+02 3.267043999999999926e+01 2.615194999999999936e+01 1.559448000000000084e-02 1.436251999999999995e+01 -1.801163000000000070e+00 4.070159999999999556e+00
5.916935999999999751e+01 1.151068000000000069e+02 3.267043999999999926e+01 2.090206000000000017e+02 1.126701000000000086e+01 5.933701000000000114e+00 1.130600000000000049e+00 4.058463999999999849e+00 2.261199999999999877e-01
3.079520000000000124e+01 3.093554999999999922e+01 2.615194999999999936e+01 1.126701000000000086e+01 8.270534000000000674e+01 -1.637421000000000015e-01 3.976592999999999933e-01 2.194923000000000179e+00 1.676406999999999980e+00
7.013618000000000130e+00 9.711463999999999430e+00 1.559448000000000084e-02 5.933701000000000114e+00 -1.637421000000000015e-01 2.463147999999999982e+01 1.489273000000000069e+00 -2.534102999999999772e-01 8.966827000000000547e-01
1.091224000000000061e+01 -4.479515000000000136e+00 1.436251999999999995e+01 1.130600000000000049e+00 3.976592999999999933e-01 1.489273000000000069e+00 1.178162999999999982e+01 -9.746551999999999993e-02 -3.898621000000000031e-02
1.593561000000000050e+01 1.073484999999999978e+01 -1.801163000000000070e+00 4.058463999999999849e+00 2.194923000000000179e+00 -2.534102999999999772e-01 -9.746551999999999993e-02 4.941501999999999839e+00 -1.949309999999999932e-02
1.384009999999999962e+00 -9.746551999999999993e-02 4.070159999999999556e+00 2.261199999999999877e-01 1.676406999999999980e+00 8.966827000000000547e-01 -3.898621000000000031e-02 -1.949309999999999932e-02 1.988296999999999981e+00
