1.424930000000000000e+06 7.607129000000000233e+05 4.574080999999999767e+05 2.681100999999999767e+05 1.308816000000000058e+05 5.975355000000000291e+04 2.350750999999999840e+04 6.192307999999999993e+03 3.724624999999999773e+02 -2.808955999999999875e+01
7.607129000000000233e+05 5.865344000000000233e+05 2.832382999999999884e+05 1.667867999999999884e+05 8.314383000000000175e+04 4.082698999999999796e+04 1.419632999999999993e+04 4.299534999999999854e+03 1.853208999999999946e+02 3.569966999999999757e+01
4.574080999999999767e+05 2.832382999999999884e+05 2.280087000000000116e+05 1.018918000000000029e+05 4.926525000000000000e+04 2.287606000000000131e+04 9.062441000000000713e+03 2.584827999999999975e+03 1.261243000000000052e+02 5.921614999999999895e+01
2.681100999999999767e+05 1.667867999999999884e+05 1.018918000000000029e+05 8.772583000000000175e+04 2.849979000000000087e+04 1.335434000000000015e+04 5.612547999999999774e+03 1.394240000000000009e+03 3.926691000000000287e+01 5.267815999999999832e+01
1.308816000000000058e+05 8.314383000000000175e+04 4.926525000000000000e+04 2.849979000000000087e+04 2.688100999999999840e+04 6.936087000000000444e+03 3.258961999999999989e+03 8.471897999999999911e+02 4.695888999999999669e+01 3.079910000000000148e-01
5.975355000000000291e+04 4.082698999999999796e+04 2.287606000000000131e+04 1.335434000000000015e+04 6.936087000000000444e+03 8.013128999999999905e+03 1.112511999999999944e+03 4.475908999999999764e+02 -3.814799999999999969e+00 7.066250000000000142e+00
2.350750999999999840e+04 1.419632999999999993e+04 9.062441000000000713e+03 5.612547999999999774e+03 3.258961999999999989e+03 1.112511999999999944e+03 2.133635000000000218e+03 1.896620000000000061e+02 1.329625000000000057e+01 -5.569180000000000241e+00
6.192307999999999993e+03 4.299534999999999854e+03 2.584827999999999975e+03 1.394240000000000009e+03 8.471897999999999911e+02 4.475908999999999764e+02 1.896620000000000061e+02 4.128152000000000044e+02 1.043856000000000073e+01 1.734885999999999928e-01
3.724624999999999773e+02 1.853208999999999946e+02 1.261243000000000052e+02 3.926691000000000287e+01 4.695888999999999669e+01 -3.814799999999999969e+00 1.329625000000000057e+01 1.043856000000000073e+01 6.139352999999999838e+01 -7.231940999999999509e-01
-2.808955999999999875e+01 3.569966999999999757e+01 5.921614999999999895e+01 5.267815999999999832e+01 3.079910000000000148e-01 7.066250000000000142e+00 -5.569180000000000241e+00 1.734885999999999928e-01 -7.231940999999999509e-01 6.890812000000000381e+00
