2.577542000000000000e+06 1.448545000000000000e+06 9.227070999999999767e+05 5.898048000000000466e+05 3.226579000000000233e+05 1.710881000000000058e+05 8.308144999999999709e+04 2.876288999999999942e+04 5.143381999999999607e+03 1.437345000000000027e+03
1.448545000000000000e+06 1.117521000000000000e+06 5.994895000000000000e+05 3.774192000000000116e+05 2.137698999999999942e+05 1.094913999999999942e+05 5.448391000000000349e+04 1.790554999999999927e+04 3.729420000000000073e+03 7.932912999999999784e+02
9.227070999999999767e+05 5.994895000000000000e+05 4.730075000000000000e+05 2.424325000000000000e+05 1.363600000000000000e+05 6.990082000000000698e+04 3.398322000000000116e+04 1.124123999999999978e+04 2.411541000000000167e+03 6.863775000000000546e+02
5.898048000000000466e+05 3.774192000000000116e+05 2.424325000000000000e+05 2.009910000000000000e+05 9.008766999999999825e+04 4.470387999999999738e+04 2.207215999999999985e+04 8.233079999999999927e+03 1.662609999999999900e+03 3.936397999999999797e+02
3.226579000000000233e+05 2.137698999999999942e+05 1.363600000000000000e+05 9.008766999999999825e+04 7.333036999999999534e+04 2.533286000000000058e+04 1.296130999999999949e+04 4.153387999999999920e+03 7.986402000000000498e+02 2.818390999999999735e+02
1.710881000000000058e+05 1.094913999999999942e+05 6.990082000000000698e+04 4.470387999999999738e+04 2.533286000000000058e+04 2.371556000000000131e+04 6.707148000000000138e+03 2.179804999999999836e+03 3.859089000000000169e+02 1.876406000000000063e+02
8.308144999999999709e+04 5.448391000000000349e+04 3.398322000000000116e+04 2.207215999999999985e+04 1.296130999999999949e+04 6.707148000000000138e+03 7.088609999999999673e+03 1.155998000000000047e+03 1.485237999999999943e+02 7.790418999999999983e+01
2.876288999999999942e+04 1.790554999999999927e+04 1.124123999999999978e+04 8.233079999999999927e+03 4.153387999999999920e+03 2.179804999999999836e+03 1.155998000000000047e+03 1.538207000000000107e+03 1.737907999999999902e+02 3.004861999999999966e+01
5.143381999999999607e+03 3.729420000000000073e+03 2.411541000000000167e+03 1.662609999999999900e+03 7.986402000000000498e+02 3.859089000000000169e+02 1.485237999999999943e+02 1.737907999999999902e+02 2.672407000000000039e+02 1.318318999999999974e+01
1.437345000000000027e+03 7.932912999999999784e+02 6.863775000000000546e+02 3.936397999999999797e+02 2.818390999999999735e+02 1.876406000000000063e+02 7.790418999999999983e+01 3.004861999999999966e+01 1.318318999999999974e+01 3.480494000000000199e+01
