2.867296000000000000e+06 1.613250000000000000e+06 1.017372000000000000e+06 6.277585000000000000e+05 3.369029000000000233e+05 1.861263999999999942e+05 7.993586999999999534e+04 2.462386999999999898e+04 4.454573999999999614e+03 8.847509999999999764e+02
1.613250000000000000e+06 1.241326000000000000e+06 6.479310000000000000e+05 4.021519000000000233e+05 2.206026000000000058e+05 1.184756000000000058e+05 5.355881999999999971e+04 1.580618000000000029e+04 3.169603999999999814e+03 4.335559000000000083e+02
1.017372000000000000e+06 6.479310000000000000e+05 5.112189000000000233e+05 2.540417999999999884e+05 1.410162000000000116e+05 7.368350999999999476e+04 3.211358000000000175e+04 9.842139999999999418e+03 1.782789999999999964e+03 4.345656000000000176e+02
6.277585000000000000e+05 4.021519000000000233e+05 2.540417999999999884e+05 2.114675000000000000e+05 8.697866000000000349e+04 4.606406999999999971e+04 2.093900999999999840e+04 6.504145000000000437e+03 1.533228000000000065e+03 2.582894999999999754e+02
3.369029000000000233e+05 2.206026000000000058e+05 1.410162000000000116e+05 8.697866000000000349e+04 7.234222999999999593e+04 2.597515999999999985e+04 1.173122999999999956e+04 3.369184000000000196e+03 6.116038999999999533e+02 1.645491000000000099e+02
1.861263999999999942e+05 1.184756000000000058e+05 7.368350999999999476e+04 4.606406999999999971e+04 2.597515999999999985e+04 2.469336000000000058e+04 5.905789999999999964e+03 1.731981999999999971e+03 2.857728000000000179e+02 1.099996000000000009e+02
7.993586999999999534e+04 5.355881999999999971e+04 3.211358000000000175e+04 2.093900999999999840e+04 1.173122999999999956e+04 5.905789999999999964e+03 6.230041000000000167e+03 8.455036000000000058e+02 1.627966000000000122e+02 3.841116000000000241e+01
2.462386999999999898e+04 1.580618000000000029e+04 9.842139999999999418e+03 6.504145000000000437e+03 3.369184000000000196e+03 1.731981999999999971e+03 8.455036000000000058e+02 1.197981999999999971e+03 7.706207999999999458e+01 1.933521000000000001e+01
4.454573999999999614e+03 3.169603999999999814e+03 1.782789999999999964e+03 1.533228000000000065e+03 6.116038999999999533e+02 2.857728000000000179e+02 1.627966000000000122e+02 7.706207999999999458e+01 2.147965000000000089e+02 7.270927000000000362e-01
8.847509999999999764e+02 4.335559000000000083e+02 4.345656000000000176e+02 2.582894999999999754e+02 1.645491000000000099e+02 1.099996000000000009e+02 3.841116000000000241e+01 1.933521000000000001e+01 7.270927000000000362e-01 1.825919000000000025e+01
