6.893967999999999302e+04 2.481720999999999913e+04 1.421711000000000058e+04 7.234615999999999985e+03 3.043360999999999876e+03 1.702643000000000029e+03 4.163609999999999900e+02 8.655328000000000088e+01 1.086467999999999989e+02 -4.134487000000000023e+00
2.481720999999999913e+04 2.830756999999999971e+04 7.865729999999999563e+03 3.732219999999999800e+03 1.785446999999999889e+03 8.098273000000000366e+02 2.597923999999999864e+02 6.122784000000000049e+01 4.527078000000000202e+01 1.052433000000000085e+01
1.421711000000000058e+04 7.865729999999999563e+03 1.051820000000000073e+04 2.175391000000000076e+03 8.858953000000000202e+02 4.500625999999999749e+02 1.619214000000000055e+02 -3.458076000000000150e+00 3.054958999999999847e+01 -2.543849999999999945e+00
7.234615999999999985e+03 3.732219999999999800e+03 2.175391000000000076e+03 4.062268999999999778e+03 4.006689999999999827e+02 3.160611999999999853e+02 4.505246000000000350e+01 3.750473000000000212e+01 1.066662999999999961e+01 -4.132538000000000045e-01
3.043360999999999876e+03 1.785446999999999889e+03 8.858953000000000202e+02 4.006689999999999827e+02 1.429569999999999936e+03 1.263036000000000030e+02 5.054950999999999794e+01 8.537978999999999985e+00 1.525140000000000029e+01 -1.212471000000000076e+00
1.702643000000000029e+03 8.098273000000000366e+02 4.500625999999999749e+02 3.160611999999999853e+02 1.263036000000000030e+02 5.078324000000000069e+02 1.294731999999999950e+01 1.230794999999999995e+01 3.415191999999999783e+00 -8.206596000000000446e-01
4.163609999999999900e+02 2.597923999999999864e+02 1.619214000000000055e+02 4.505246000000000350e+01 5.054950999999999794e+01 1.294731999999999950e+01 1.185725999999999942e+02 1.083817000000000030e+00 2.152038999999999813e+00 -2.300185999999999897e-01
8.655328000000000088e+01 6.122784000000000049e+01 -3.458076000000000150e+00 3.750473000000000212e+01 8.537978999999999985e+00 1.230794999999999995e+01 1.083817000000000030e+00 3.417531000000000319e+01 5.302124000000000281e-01 9.395675999999999473e-01
1.086467999999999989e+02 4.527078000000000202e+01 3.054958999999999847e+01 1.066662999999999961e+01 1.525140000000000029e+01 3.415191999999999783e+00 2.152038999999999813e+00 5.302124000000000281e-01 7.859619000000000355e+00 -1.559448000000000084e-02
-4.134487000000000023e+00 1.052433000000000085e+01 -2.543849999999999945e+00 -4.132538000000000045e-01 -1.212471000000000076e+00 -8.206596000000000446e-01 -2.300185999999999897e-01 9.395675999999999473e-01 -1.559448000000000084e-02 9.960976000000000274e-01
