1.684179000000000000e+06 9.289604000000000233e+05 5.784634000000000233e+05 3.364759000000000233e+05 1.617901000000000058e+05 7.605096000000000640e+04 3.044240000000000146e+04 8.869190000000000509e+03 1.077758000000000038e+03 -2.143461999999999890e+01
9.289604000000000233e+05 7.311554000000000233e+05 3.724475999999999767e+05 2.151671000000000058e+05 1.025786000000000058e+05 5.189800000000000000e+04 1.957652999999999884e+04 6.035260000000000218e+03 8.253106999999999971e+02 -3.751642999999999972e+01
5.784634000000000233e+05 3.724475999999999767e+05 2.915354000000000233e+05 1.355656000000000058e+05 6.478973999999999796e+04 3.086856000000000131e+04 1.239934000000000015e+04 3.625065999999999804e+03 4.052323999999999842e+02 2.097653000000000034e+01
3.364759000000000233e+05 2.151671000000000058e+05 1.355656000000000058e+05 1.114601999999999971e+05 3.799175000000000000e+04 1.819324000000000160e+04 7.521984999999999673e+03 2.468384000000000015e+03 1.840518999999999892e+02 1.364321999999999946e+01
1.617901000000000058e+05 1.025786000000000058e+05 6.478973999999999796e+04 3.799175000000000000e+04 3.292743000000000029e+04 9.669167999999999665e+03 4.050195000000000164e+03 1.216127999999999929e+03 9.433491999999999678e+01 8.113028999999999158e+00
7.605096000000000640e+04 5.189800000000000000e+04 3.086856000000000131e+04 1.819324000000000160e+04 9.669167999999999665e+03 9.914096999999999753e+03 1.708545000000000073e+03 5.914402000000000044e+02 5.551050999999999647e+01 1.071536000000000044e+01
3.044240000000000146e+04 1.957652999999999884e+04 1.239934000000000015e+04 7.521984999999999673e+03 4.050195000000000164e+03 1.708545000000000073e+03 2.423411999999999807e+03 3.024744999999999777e+02 4.969377000000000066e+01 -5.518496999999999986e+00
8.869190000000000509e+03 6.035260000000000218e+03 3.625065999999999804e+03 2.468384000000000015e+03 1.216127999999999929e+03 5.914402000000000044e+02 3.024744999999999777e+02 5.799822000000000344e+02 4.534095999999999904e+00 -2.311882000000000215e+00
1.077758000000000038e+03 8.253106999999999971e+02 4.052323999999999842e+02 1.840518999999999892e+02 9.433491999999999678e+01 5.551050999999999647e+01 4.969377000000000066e+01 4.534095999999999904e+00 7.807962000000000558e+01 -9.142265000000000530e-01
-2.143461999999999890e+01 -3.751642999999999972e+01 2.097653000000000034e+01 1.364321999999999946e+01 8.113028999999999158e+00 1.071536000000000044e+01 -5.518496999999999986e+00 -2.311882000000000215e+00 -9.142265000000000530e-01 6.890812000000000381e+00
