7.393520000000000000e+05 4.188344000000000233e+05 2.626872000000000116e+05 1.381100000000000000e+05 6.938355999999999767e+04 3.392104000000000087e+04 1.509518000000000029e+04 3.917708000000000084e+03 8.716068000000000211e+02 2.242331000000000074e+02
4.188344000000000233e+05 3.686777000000000116e+05 1.764642000000000116e+05 9.495211999999999534e+04 5.030329000000000087e+04 2.288588999999999942e+04 1.131273999999999978e+04 3.325398999999999887e+03 5.619471999999999525e+02 1.588025000000000091e+02
2.626872000000000116e+05 1.764642000000000116e+05 1.513068999999999942e+05 5.917258000000000175e+04 3.268256000000000131e+04 1.445759000000000015e+04 7.362670000000000073e+03 1.968211000000000013e+03 4.910079000000000065e+02 1.130366000000000071e+02
1.381100000000000000e+05 9.495211999999999534e+04 5.917258000000000175e+04 5.213747000000000116e+04 1.615070999999999913e+04 7.905185999999999694e+03 3.953824999999999818e+03 9.503900999999999613e+02 1.570675999999999988e+02 7.101726999999999634e+01
6.938355999999999767e+04 5.030329000000000087e+04 3.268256000000000131e+04 1.615070999999999913e+04 1.914577000000000044e+04 4.467814999999999600e+03 2.333394999999999982e+03 7.005977000000000317e+02 1.387441000000000031e+02 4.129028999999999883e+01
3.392104000000000087e+04 2.288588999999999942e+04 1.445759000000000015e+04 7.905185999999999694e+03 4.467814999999999600e+03 5.173125000000000000e+03 1.060592000000000098e+03 2.702056000000000040e+02 5.951633999999999958e+01 2.710125999999999991e+01
1.509518000000000029e+04 1.131273999999999978e+04 7.362670000000000073e+03 3.953824999999999818e+03 2.333394999999999982e+03 1.060592000000000098e+03 1.715198000000000093e+03 1.774963999999999942e+02 2.053792999999999935e+01 9.711463999999999430e+00
3.917708000000000084e+03 3.325398999999999887e+03 1.968211000000000013e+03 9.503900999999999613e+02 7.005977000000000317e+02 2.702056000000000040e+02 1.774963999999999942e+02 4.390158999999999878e+02 1.902526999999999902e+01 -1.013641000000000014e+00
8.716068000000000211e+02 5.619471999999999525e+02 4.910079000000000065e+02 1.570675999999999988e+02 1.387441000000000031e+02 5.951633999999999958e+01 2.053792999999999935e+01 1.902526999999999902e+01 7.681842000000000326e+01 7.797240999999999894e-03
2.242331000000000074e+02 1.588025000000000091e+02 1.130366000000000071e+02 7.101726999999999634e+01 4.129028999999999883e+01 2.710125999999999991e+01 9.711463999999999430e+00 -1.013641000000000014e+00 7.797240999999999894e-03 1.453210999999999942e+01
