1.028046000000000000e+06 5.546903000000000466e+05 3.557130999999999767e+05 1.997940000000000000e+05 1.054863999999999942e+05 4.654805999999999767e+04 2.064720000000000073e+04 7.137266999999999825e+03 1.029595000000000027e+03 2.124123999999999910e+02
5.546903000000000466e+05 4.474487000000000116e+05 2.267015000000000000e+05 1.257631999999999971e+05 6.772333000000000175e+04 3.278979000000000087e+04 1.371931999999999971e+04 5.521889000000000124e+03 8.268895999999999731e+02 8.435835000000000150e+01
3.557130999999999767e+05 2.267015000000000000e+05 1.971760000000000000e+05 8.119641999999999825e+04 4.388573000000000320e+04 2.038684000000000015e+04 8.632871999999999389e+03 3.332322999999999865e+03 4.636863000000000170e+02 8.860784999999999911e+01
1.997940000000000000e+05 1.257631999999999971e+05 8.119641999999999825e+04 6.964392999999999302e+04 2.371443999999999869e+04 1.149154999999999927e+04 5.243948999999999614e+03 1.782153000000000020e+03 1.938862000000000023e+02 8.762539999999999907e+01
1.054863999999999942e+05 6.772333000000000175e+04 4.388573000000000320e+04 2.371443999999999869e+04 2.447738000000000102e+04 6.170969000000000051e+03 2.989791999999999916e+03 1.195797000000000025e+03 1.807516999999999996e+02 4.073669000000000295e+01
4.654805999999999767e+04 3.278979000000000087e+04 2.038684000000000015e+04 1.149154999999999927e+04 6.170969000000000051e+03 7.270457999999999629e+03 1.405750999999999976e+03 4.521580999999999904e+02 7.810886000000000706e+01 1.425726000000000049e+01
2.064720000000000073e+04 1.371931999999999971e+04 8.632871999999999389e+03 5.243948999999999614e+03 2.989791999999999916e+03 1.405750999999999976e+03 2.112177000000000135e+03 3.082287999999999784e+02 5.650271000000000043e+01 -6.588669000000000331e-01
7.137266999999999825e+03 5.521889000000000124e+03 3.332322999999999865e+03 1.782153000000000020e+03 1.195797000000000025e+03 4.521580999999999904e+02 3.082287999999999784e+02 5.492299000000000433e+02 2.244826000000000121e+01 -1.520461999999999980e+00
1.029595000000000027e+03 8.268895999999999731e+02 4.636863000000000170e+02 1.938862000000000023e+02 1.807516999999999996e+02 7.810886000000000706e+01 5.650271000000000043e+01 2.244826000000000121e+01 9.000355999999999312e+01 2.534102999999999994e+00
2.124123999999999910e+02 8.435835000000000150e+01 8.860784999999999911e+01 8.762539999999999907e+01 4.073669000000000295e+01 1.425726000000000049e+01 -6.588669000000000331e-01 -1.520461999999999980e+00 2.534102999999999994e+00 1.359059000000000061e+01
