2.269890000000000000e+06 1.264251000000000000e+06 7.999405000000000000e+05 4.965622999999999884e+05 2.918475999999999767e+05 1.358802000000000116e+05 6.694000000000000000e+04 2.128404000000000087e+04 4.779287999999999556e+03 6.012921000000000049e+02
1.264251000000000000e+06 9.546270999999999767e+05 5.123692000000000116e+05 3.166182000000000116e+05 1.874811000000000058e+05 8.891260000000000582e+04 4.302480000000000291e+04 1.376675000000000000e+04 2.997773999999999887e+03 4.006845999999999890e+02
7.999405000000000000e+05 5.123692000000000116e+05 4.131174000000000233e+05 2.066521000000000058e+05 1.168233000000000029e+05 5.539655999999999767e+04 2.635841999999999825e+04 9.449756999999999607e+03 2.306672999999999774e+03 2.990398000000000138e+02
4.965622999999999884e+05 3.166182000000000116e+05 2.066521000000000058e+05 1.701188999999999942e+05 7.748483000000000175e+04 3.449866999999999825e+04 1.716091999999999825e+04 6.117310000000000400e+03 1.551238000000000056e+03 2.221434000000000140e+02
2.918475999999999767e+05 1.874811000000000058e+05 1.168233000000000029e+05 7.748483000000000175e+04 6.582338999999999942e+04 1.987054000000000087e+04 1.025743000000000029e+04 3.518956999999999880e+03 7.540946000000000140e+02 1.309781000000000120e+02
1.358802000000000116e+05 8.891260000000000582e+04 5.539655999999999767e+04 3.449866999999999825e+04 1.987054000000000087e+04 1.871474000000000160e+04 5.145930000000000291e+03 1.443737000000000080e+03 4.037567000000000235e+02 6.502898999999999319e+01
6.694000000000000000e+04 4.302480000000000291e+04 2.635841999999999825e+04 1.716091999999999825e+04 1.025743000000000029e+04 5.145930000000000291e+03 5.597046999999999571e+03 8.593183999999999969e+02 1.536991999999999905e+02 3.393359000000000236e+01
2.128404000000000087e+04 1.376675000000000000e+04 9.449756999999999607e+03 6.117310000000000400e+03 3.518956999999999880e+03 1.443737000000000080e+03 8.593183999999999969e+02 1.211130000000000109e+03 1.333640000000000043e+02 1.272509999999999941e+01
4.779287999999999556e+03 2.997773999999999887e+03 2.306672999999999774e+03 1.551238000000000056e+03 7.540946000000000140e+02 4.037567000000000235e+02 1.536991999999999905e+02 1.333640000000000043e+02 2.457378999999999962e+02 6.050658999999999565e+00
6.012921000000000049e+02 4.006845999999999890e+02 2.990398000000000138e+02 2.221434000000000140e+02 1.309781000000000120e+02 6.502898999999999319e+01 3.393359000000000236e+01 1.272509999999999941e+01 6.050658999999999565e+00 2.283032000000000039e+01
