1.847137000000000116e+05 7.792907000000000698e+04 3.934502999999999884e+04 2.171763999999999942e+04 9.640002000000000407e+03 4.686386000000000422e+03 1.651733999999999924e+03 3.459791999999999916e+02 -4.406611000000000189e+01 3.259441999999999950e+01
7.792907000000000698e+04 7.659594999999999709e+04 2.594966999999999825e+04 1.453257999999999993e+04 6.464778000000000247e+03 3.099663000000000011e+03 1.007136999999999944e+03 4.036163999999999987e+02 -4.659241000000000099e+01 2.047749999999999915e+01
3.934502999999999884e+04 2.594966999999999825e+04 2.920184000000000015e+04 8.232560999999999694e+03 3.283052000000000135e+03 1.536069999999999936e+03 7.044904999999999973e+02 8.430377000000000010e+01 -7.879112000000000116e+00 2.999988999999999795e+00
2.171763999999999942e+04 1.453257999999999993e+04 8.232560999999999694e+03 1.093047999999999956e+04 2.200257000000000062e+03 8.048468000000000302e+02 2.294415999999999940e+02 8.059229000000000553e+01 2.292389000000000010e+01 7.095489999999999853e+00
9.640002000000000407e+03 6.464778000000000247e+03 3.283052000000000135e+03 2.200257000000000062e+03 3.327456999999999880e+03 4.127937000000000012e+02 2.005996000000000095e+02 5.252221999999999724e+01 4.132538000000000267e+00 1.504868000000000094e+00
4.686386000000000422e+03 3.099663000000000011e+03 1.536069999999999936e+03 8.048468000000000302e+02 4.127937000000000012e+02 1.244234999999999900e+03 5.579120999999999952e+01 7.953185999999999645e+00 6.530190000000000161e+00 9.727057999999999538e-01
1.651733999999999924e+03 1.007136999999999944e+03 7.044904999999999973e+02 2.294415999999999940e+02 2.005996000000000095e+02 5.579120999999999952e+01 3.296030000000000086e+02 5.146179000000000059e+00 -2.144241000000000064e-01 3.762169000000000207e-01
3.459791999999999916e+02 4.036163999999999987e+02 8.430377000000000010e+01 8.059229000000000553e+01 5.252221999999999724e+01 7.953185999999999645e+00 5.146179000000000059e+00 8.333691000000000315e+01 -1.808959999999999901e+00 -1.559447999999999945e-01
-4.406611000000000189e+01 -4.659241000000000099e+01 -7.879112000000000116e+00 2.292389000000000010e+01 4.132538000000000267e+00 6.530190000000000161e+00 -2.144241000000000064e-01 -1.808959999999999901e+00 1.932936000000000121e+01 -3.508759000000000183e-02
3.259441999999999950e+01 2.047749999999999915e+01 2.999988999999999795e+00 7.095489999999999853e+00 1.504868000000000094e+00 9.727057999999999538e-01 3.762169000000000207e-01 -1.559447999999999945e-01 -3.508759000000000183e-02 9.960976000000000274e-01
