2.885921000000000000e+06 1.514787000000000000e+06 9.655375000000000000e+05 6.128756999999999534e+05 3.435740999999999767e+05 1.744450000000000000e+05 7.220635000000000582e+04 2.240104999999999927e+04 2.758898000000000138e+03 1.344653999999999883e+02
1.514787000000000000e+06 1.135718000000000000e+06 5.785435000000000000e+05 3.692497999999999884e+05 2.118600000000000000e+05 1.076233000000000029e+05 4.376508000000000175e+04 1.428361000000000058e+04 1.446356999999999971e+03 1.497460000000000093e+02
9.655375000000000000e+05 5.785435000000000000e+05 4.887339000000000233e+05 2.308118999999999942e+05 1.378237999999999884e+05 6.835661999999999534e+04 2.857404999999999927e+04 7.947104000000000269e+03 1.160946999999999889e+03 7.336033999999999367e+01
6.128756999999999534e+05 3.692497999999999884e+05 2.308118999999999942e+05 2.065032999999999884e+05 8.570364999999999418e+04 4.260591999999999825e+04 1.697822000000000116e+04 5.329788999999999760e+03 4.245754000000000019e+02 -2.701744000000000145e+00
3.435740999999999767e+05 2.118600000000000000e+05 1.378237999999999884e+05 8.570364999999999418e+04 7.796467999999999302e+04 2.571431000000000131e+04 1.040236000000000058e+04 3.064206999999999880e+03 5.815961999999999534e+02 2.481277000000000044e+01
1.744450000000000000e+05 1.076233000000000029e+05 6.835661999999999534e+04 4.260591999999999825e+04 2.571431000000000131e+04 2.495213999999999942e+04 5.321078999999999724e+03 1.549155999999999949e+03 2.256210000000000093e+02 4.384389000000000181e+01
7.220635000000000582e+04 4.376508000000000175e+04 2.857404999999999927e+04 1.697822000000000116e+04 1.040236000000000058e+04 5.321078999999999724e+03 5.865332000000000335e+03 7.745312000000000126e+02 2.596480999999999995e+01 1.489077999999999946e+01
2.240104999999999927e+04 1.428361000000000058e+04 7.947104000000000269e+03 5.329788999999999760e+03 3.064206999999999880e+03 1.549155999999999949e+03 7.745312000000000126e+02 1.186553000000000111e+03 2.457689999999999841e+01 7.407378999999999714e+00
2.758898000000000138e+03 1.446356999999999971e+03 1.160946999999999889e+03 4.245754000000000019e+02 5.815961999999999534e+02 2.256210000000000093e+02 2.596480999999999995e+01 2.457689999999999841e+01 1.475861999999999910e+02 1.138397000000000103e+00
1.344653999999999883e+02 1.497460000000000093e+02 7.336033999999999367e+01 -2.701744000000000145e+00 2.481277000000000044e+01 4.384389000000000181e+01 1.489077999999999946e+01 7.407378999999999714e+00 1.138397000000000103e+00 6.890812000000000381e+00
