2.519663000000000000e+06 1.365780000000000000e+06 8.499839000000000233e+05 5.210517000000000116e+05 2.749119000000000233e+05 1.329193999999999942e+05 5.393169000000000233e+04 1.650231000000000131e+04 2.419824999999999818e+03 1.354107999999999947e+02
1.365780000000000000e+06 1.035150000000000000e+06 5.253090999999999767e+05 3.255215000000000000e+05 1.768812999999999884e+05 8.425492999999999302e+04 3.383487000000000262e+04 1.004295000000000073e+04 1.746339999999999918e+03 1.100815000000000055e+02
8.499839000000000233e+05 5.253090999999999767e+05 4.285892999999999884e+05 2.062796000000000058e+05 1.078288000000000029e+05 5.146984999999999854e+04 2.181636000000000058e+04 5.765382999999999811e+03 5.961009999999999991e+02 3.871719999999999828e+01
5.210517000000000116e+05 3.255215000000000000e+05 2.062796000000000058e+05 1.762275000000000000e+05 6.874138000000000466e+04 3.508754000000000087e+04 1.377001000000000022e+04 4.545349000000000160e+03 4.996804000000000201e+02 7.948117999999999483e+01
2.749119000000000233e+05 1.768812999999999884e+05 1.078288000000000029e+05 6.874138000000000466e+04 6.025748000000000320e+04 1.866068999999999869e+04 7.250768000000000029e+03 2.048735000000000127e+03 4.612556000000000154e+02 2.159446000000000154e+01
1.329193999999999942e+05 8.425492999999999302e+04 5.146984999999999854e+04 3.508754000000000087e+04 1.866068999999999869e+04 1.810345000000000073e+04 3.689748000000000047e+03 1.008385999999999967e+03 1.849350000000000023e+02 -2.067828000000000088e+01
5.393169000000000233e+04 3.383487000000000262e+04 2.181636000000000058e+04 1.377001000000000022e+04 7.250768000000000029e+03 3.689748000000000047e+03 4.569487000000000080e+03 4.756277999999999793e+02 3.734488999999999947e+01 7.617905000000000371e+00
1.650231000000000131e+04 1.004295000000000073e+04 5.765382999999999811e+03 4.545349000000000160e+03 2.048735000000000127e+03 1.008385999999999967e+03 4.756277999999999793e+02 9.235189000000000306e+02 2.988487999999999900e+01 5.711478999999999751e+00
2.419824999999999818e+03 1.746339999999999918e+03 5.961009999999999991e+02 4.996804000000000201e+02 4.612556000000000154e+02 1.849350000000000023e+02 3.734488999999999947e+01 2.988487999999999900e+01 1.100639000000000038e+02 -1.169586000000000063e-02
1.354107999999999947e+02 1.100815000000000055e+02 3.871719999999999828e+01 7.948117999999999483e+01 2.159446000000000154e+01 -2.067828000000000088e+01 7.617905000000000371e+00 5.711478999999999751e+00 -1.169586000000000063e-02 1.178162999999999982e+01
