1.219803000000000000e+06 6.101115999999999767e+05 3.798624000000000233e+05 2.081013999999999942e+05 9.793617999999999302e+04 3.980630999999999767e+04 1.253962000000000080e+04 2.122815000000000055e+03 4.196046000000000049e+02 7.445586000000000126e+01
6.101115999999999767e+05 5.008659000000000233e+05 2.193923999999999942e+05 1.261015000000000000e+05 5.877593000000000029e+04 2.337779000000000087e+04 7.165805000000000291e+03 1.589125000000000000e+03 3.742617000000000189e+02 4.527467999999999648e+01
3.798624000000000233e+05 2.193923999999999942e+05 1.942581000000000058e+05 7.732585000000000582e+04 3.554616000000000349e+04 1.491012000000000080e+04 5.185663999999999760e+03 1.060362000000000080e+03 1.870480000000000018e+02 3.525912000000000290e+01
2.081013999999999942e+05 1.261015000000000000e+05 7.732585000000000582e+04 6.990769000000000233e+04 2.182931999999999971e+04 9.047599000000000160e+03 2.983942000000000007e+03 6.765198000000000320e+02 8.383983999999999526e+01 2.171531999999999840e+01
9.793617999999999302e+04 5.877593000000000029e+04 3.554616000000000349e+04 2.182931999999999971e+04 2.096768000000000029e+04 4.029992000000000189e+03 1.040448000000000093e+03 3.789615000000000009e+02 4.976003999999999650e+01 1.081866999999999912e+01
3.980630999999999767e+04 2.337779000000000087e+04 1.491012000000000080e+04 9.047599000000000160e+03 4.029992000000000189e+03 6.067743000000000393e+03 4.815887999999999920e+02 1.258474999999999966e+02 2.604667999999999850e+01 8.927841000000000804e+00
1.253962000000000080e+04 7.165805000000000291e+03 5.185663999999999760e+03 2.983942000000000007e+03 1.040448000000000093e+03 4.815887999999999920e+02 1.237452999999999975e+03 3.256127999999999645e+01 -3.384002999999999872e+00 2.183228000000000113e-01
2.122815000000000055e+03 1.589125000000000000e+03 1.060362000000000080e+03 6.765198000000000320e+02 3.789615000000000009e+02 1.258474999999999966e+02 3.256127999999999645e+01 2.364123999999999910e+02 -2.916167999999999871e+00 1.153991999999999907e+00
4.196046000000000049e+02 3.742617000000000189e+02 1.870480000000000018e+02 8.383983999999999526e+01 4.976003999999999650e+01 2.604667999999999850e+01 -3.384002999999999872e+00 -2.916167999999999871e+00 3.280883999999999645e+01 -1.286545000000000050e-01
7.445586000000000126e+01 4.527467999999999648e+01 3.525912000000000290e+01 2.171531999999999840e+01 1.081866999999999912e+01 8.927841000000000804e+00 2.183228000000000113e-01 1.153991999999999907e+00 -1.286545000000000050e-01 1.988296999999999981e+00
