1.428295000000000000e+06 7.466420000000000000e+05 4.673664000000000233e+05 2.537791000000000058e+05 1.311255000000000000e+05 5.646505999999999767e+04 1.574538999999999942e+04 4.388427999999999884e+03 7.223754000000000133e+02 1.474535999999999945e+02
7.466420000000000000e+05 6.180240000000000000e+05 2.773497000000000116e+05 1.603046000000000058e+05 8.248896000000000640e+04 3.355361000000000058e+04 1.054537999999999920e+04 3.210795000000000073e+03 3.108369999999999891e+02 9.901716999999999302e+01
4.673664000000000233e+05 2.773497000000000116e+05 2.355656000000000058e+05 9.948064999999999418e+04 4.934934999999999854e+04 2.186109000000000015e+04 6.300127999999999702e+03 1.939739000000000033e+03 3.539576999999999884e+02 6.566642000000000223e+01
2.537791000000000058e+05 1.603046000000000058e+05 9.948064999999999418e+04 8.780291000000000349e+04 2.916661999999999898e+04 1.344126000000000022e+04 3.865603000000000065e+03 1.301044000000000096e+03 1.753189999999999884e+02 4.206027000000000271e+01
1.311255000000000000e+05 8.248896000000000640e+04 4.934934999999999854e+04 2.916661999999999898e+04 2.758875000000000000e+04 6.080371000000000095e+03 1.679144000000000005e+03 5.046607999999999947e+02 5.738380000000000081e+01 3.099014000000000024e+01
5.646505999999999767e+04 3.355361000000000058e+04 2.186109000000000015e+04 1.344126000000000022e+04 6.080371000000000095e+03 7.700943000000000211e+03 1.045505000000000109e+03 2.694766000000000190e+02 3.176011000000000095e+01 2.251648000000000138e+01
1.574538999999999942e+04 1.054537999999999920e+04 6.300127999999999702e+03 3.865603000000000065e+03 1.679144000000000005e+03 1.045505000000000109e+03 1.554575000000000045e+03 8.541877999999999815e+01 -1.598433999999999966e-01 4.573082000000000313e+00
4.388427999999999884e+03 3.210795000000000073e+03 1.939739000000000033e+03 1.301044000000000096e+03 5.046607999999999947e+02 2.694766000000000190e+02 8.541877999999999815e+01 3.567316000000000145e+02 -2.046775999999999929e+00 1.598433999999999966e-01
7.223754000000000133e+02 3.108369999999999891e+02 3.539576999999999884e+02 1.753189999999999884e+02 5.738380000000000081e+01 3.176011000000000095e+01 -1.598433999999999966e-01 -2.046775999999999929e+00 5.021227999999999980e+01 -2.865485999999999867e-01
1.474535999999999945e+02 9.901716999999999302e+01 6.566642000000000223e+01 4.206027000000000271e+01 3.099014000000000024e+01 2.251648000000000138e+01 4.573082000000000313e+00 1.598433999999999966e-01 -2.865485999999999867e-01 2.976596999999999937e+00
