2.293043000000000000e+06 1.201056000000000000e+06 8.100865000000000000e+05 4.474595000000000000e+05 2.357780000000000000e+05 1.116911999999999971e+05 4.134198999999999796e+04 9.816640999999999622e+03 1.560208000000000084e+03 6.535258000000000322e+01
1.201056000000000000e+06 9.267241999999999534e+05 4.866470000000000000e+05 2.769597000000000116e+05 1.452682000000000116e+05 6.617352999999999884e+04 2.652981000000000131e+04 6.424306999999999789e+03 9.499203999999999724e+02 5.422006999999999977e+01
8.100865000000000000e+05 4.866470000000000000e+05 4.108505000000000000e+05 1.792175000000000000e+05 9.435811999999999534e+04 4.478983999999999651e+04 1.745154999999999927e+04 3.616804999999999836e+03 5.139901999999999589e+02 1.555939000000000050e+01
4.474595000000000000e+05 2.769597000000000116e+05 1.792175000000000000e+05 1.487632999999999884e+05 5.481894000000000233e+04 2.600804000000000087e+04 9.834059999999999491e+03 2.863346000000000004e+03 3.894196000000000026e+02 4.548326000000000136e+01
2.357780000000000000e+05 1.452682000000000116e+05 9.435811999999999534e+04 5.481894000000000233e+04 4.936295999999999913e+04 1.404996999999999935e+04 5.070756000000000313e+03 1.156623000000000047e+03 2.262701000000000136e+02 1.731962000000000046e+01
1.116911999999999971e+05 6.617352999999999884e+04 4.478983999999999651e+04 2.600804000000000087e+04 1.404996999999999935e+04 1.391301000000000022e+04 2.430407999999999902e+03 6.147695999999999685e+02 1.337206999999999937e+02 1.651065999999999923e+00
4.134198999999999796e+04 2.652981000000000131e+04 1.745154999999999927e+04 9.834059999999999491e+03 5.070756000000000313e+03 2.430407999999999902e+03 3.489639999999999873e+03 2.544240000000000066e+02 1.014420999999999928e+01 5.216353999999999935e+00
9.816640999999999622e+03 6.424306999999999789e+03 3.616804999999999836e+03 2.863346000000000004e+03 1.156623000000000047e+03 6.147695999999999685e+02 2.544240000000000066e+02 6.199664000000000215e+02 2.242876000000000047e+01 6.276779000000000108e-01
1.560208000000000084e+03 9.499203999999999724e+02 5.139901999999999589e+02 3.894196000000000026e+02 2.262701000000000136e+02 1.337206999999999937e+02 1.014420999999999928e+01 2.242876000000000047e+01 6.360793999999999926e+01 -5.945395999999999459e-01
6.535258000000000322e+01 5.422006999999999977e+01 1.555939000000000050e+01 4.548326000000000136e+01 1.731962000000000046e+01 1.651065999999999923e+00 5.216353999999999935e+00 6.276779000000000108e-01 -5.945395999999999459e-01 4.941501999999999839e+00
