1.136320000000000073e+04 2.798903999999999996e+03 1.142756000000000085e+03 8.376947000000000116e+02 4.260237000000000194e+02 1.702916999999999916e+02 8.690415000000000134e+01 -1.742877999999999972e+01 6.666640999999999817e-01 8.450260000000000105e+00
2.798903999999999996e+03 5.450128999999999905e+03 9.239652999999999565e+02 6.771105000000000018e+02 2.311629000000000076e+02 1.468376000000000090e+02 3.558270999999999873e+01 4.317721999999999838e+00 2.865486000000000200e+00 2.282642000000000060e+00
1.142756000000000085e+03 9.239652999999999565e+02 2.270525000000000091e+03 3.109773999999999887e+02 2.142604000000000042e+02 1.102841999999999985e+02 2.275234999999999985e+01 -7.586716000000000015e+00 8.155913999999999220e+00 2.113052000000000152e+00
8.376947000000000116e+02 6.771105000000000018e+02 3.109773999999999887e+02 1.144711000000000013e+03 9.650450999999999624e+01 3.118895999999999891e+00 4.734094999999999942e+01 1.369000999999999912e+01 -9.746551999999999993e-02 3.982441000000000120e+00
4.260237000000000194e+02 2.311629000000000076e+02 2.142604000000000042e+02 9.650450999999999624e+01 4.862028000000000247e+02 2.158276000000000039e+01 5.033119000000000121e+00 3.015582999999999902e+00 3.859634000000000120e-01 1.384009999999999962e-01
1.702916999999999916e+02 1.468376000000000090e+02 1.102841999999999985e+02 3.118895999999999891e+00 2.158276000000000039e+01 2.115859000000000094e+02 3.243651999999999980e+00 1.247559000000000029e-01 2.495117000000000029e-01 -3.742675999999999781e-01
8.690415000000000134e+01 3.558270999999999873e+01 2.275234999999999985e+01 4.734094999999999942e+01 5.033119000000000121e+00 3.243651999999999980e+00 5.931360999999999706e+01 7.134475999999999596e-01 -1.325531000000000070e-01 -1.130599999999999938e-01
-1.742877999999999972e+01 4.317721999999999838e+00 -7.586716000000000015e+00 1.369000999999999912e+01 3.015582999999999902e+00 1.247559000000000029e-01 7.134475999999999596e-01 2.730398999999999887e+01 -5.653000000000000247e-01 -5.652999999999999692e-02
6.666640999999999817e-01 2.865486000000000200e+00 8.155913999999999220e+00 -9.746551999999999993e-02 3.859634000000000120e-01 2.495117000000000029e-01 -1.325531000000000070e-01 -5.653000000000000247e-01 9.785538000000000736e+00 -1.949309999999999932e-02
8.450260000000000105e+00 2.282642000000000060e+00 2.113052000000000152e+00 3.982441000000000120e+00 1.384009999999999962e-01 -3.742675999999999781e-01 -1.130599999999999938e-01 -5.652999999999999692e-02 -1.949309999999999932e-02 9.960976000000000274e-01
