2.758573000000000000e+06 1.446783000000000000e+06 9.299528000000000466e+05 5.828026999999999534e+05 3.121632999999999884e+05 1.572532000000000116e+05 6.539587000000000262e+04 2.221468000000000029e+04 2.539333000000000084e+03 8.369558999999999571e+01
1.446783000000000000e+06 1.101009000000000000e+06 5.665285999999999767e+05 3.617399000000000233e+05 1.993895000000000000e+05 9.956935000000000582e+04 4.247212000000000262e+04 1.246218000000000029e+04 1.574644999999999982e+03 7.990613000000000454e+01
9.299528000000000466e+05 5.665285999999999767e+05 4.725975999999999767e+05 2.254791000000000058e+05 1.269793000000000029e+05 6.246523000000000320e+04 2.627402999999999884e+04 7.799871000000000095e+03 6.961552000000000362e+02 1.192977999999999916e+01
5.828026999999999534e+05 3.617399000000000233e+05 2.254791000000000058e+05 1.994168999999999942e+05 8.227502000000000407e+04 4.067741999999999825e+04 1.666584999999999854e+04 5.358453000000000429e+03 5.605689999999999600e+02 4.979317999999999955e+01
3.121632999999999884e+05 1.993895000000000000e+05 1.269793000000000029e+05 8.227502000000000407e+04 7.131619999999999709e+04 2.233672000000000116e+04 9.296326999999999316e+03 2.596175000000000182e+03 4.153727000000000089e+02 -3.820647999999999822e+00
1.572532000000000116e+05 9.956935000000000582e+04 6.246523000000000320e+04 4.067741999999999825e+04 2.233672000000000116e+04 2.235043999999999869e+04 4.995699999999999818e+03 1.420263999999999896e+03 2.360654000000000110e+02 1.855743000000000009e+01
6.539587000000000262e+04 4.247212000000000262e+04 2.627402999999999884e+04 1.666584999999999854e+04 9.296326999999999316e+03 4.995699999999999818e+03 5.366240999999999985e+03 7.357827999999999520e+02 2.051063999999999865e+01 1.051068000000000069e+01
2.221468000000000029e+04 1.246218000000000029e+04 7.799871000000000095e+03 5.358453000000000429e+03 2.596175000000000182e+03 1.420263999999999896e+03 7.357827999999999520e+02 1.206106999999999971e+03 1.184206000000000003e+01 2.354766999999999832e+00
2.539333000000000084e+03 1.574644999999999982e+03 6.961552000000000362e+02 5.605689999999999600e+02 4.153727000000000089e+02 2.360654000000000110e+02 2.051063999999999865e+01 1.184206000000000003e+01 1.382119000000000142e+02 2.042876999999999832e+00
8.369558999999999571e+01 7.990613000000000454e+01 1.192977999999999916e+01 4.979317999999999955e+01 -3.820647999999999822e+00 1.855743000000000009e+01 1.051068000000000069e+01 2.354766999999999832e+00 2.042876999999999832e+00 7.859619000000000355e+00
