1.986453000000000000e+06 1.038386000000000000e+06 6.790164000000000233e+05 3.786655999999999767e+05 1.958838999999999942e+05 8.864372000000000116e+04 3.247650000000000000e+04 7.453226999999999862e+03 9.719963000000000193e+02 1.370755000000000052e+02
1.038386000000000000e+06 8.165061999999999534e+05 4.227470000000000000e+05 2.387197999999999884e+05 1.219425000000000000e+05 5.441102999999999884e+04 2.097538000000000102e+04 4.294331000000000131e+03 6.920226999999999862e+02 2.565291999999999906e+00
6.790164000000000233e+05 4.227470000000000000e+05 3.514595999999999767e+05 1.481842999999999884e+05 8.045175999999999476e+04 3.607005999999999767e+04 1.344846999999999935e+04 2.639195000000000164e+03 2.369601000000000113e+02 2.620653000000000077e+01
3.786655999999999767e+05 2.387197999999999884e+05 1.481842999999999884e+05 1.272688999999999942e+05 4.559606999999999971e+04 2.113197999999999956e+04 7.981793999999999869e+03 2.000522999999999911e+03 3.143301999999999907e+02 3.097063999999999950e+01
1.958838999999999942e+05 1.219425000000000000e+05 8.045175999999999476e+04 4.559606999999999971e+04 4.034722000000000116e+04 1.103770999999999913e+04 3.560099000000000160e+03 7.917943000000000211e+02 1.522215999999999951e+02 1.068221999999999916e+01
8.864372000000000116e+04 5.441102999999999884e+04 3.607005999999999767e+04 2.113197999999999956e+04 1.103770999999999913e+04 1.195823999999999978e+04 2.090458000000000084e+03 4.082479999999999905e+02 7.444221000000000288e+01 1.114226000000000028e+01
3.247650000000000000e+04 2.097538000000000102e+04 1.344846999999999935e+04 7.981793999999999869e+03 3.560099000000000160e+03 2.090458000000000084e+03 2.572230000000000018e+03 1.721162999999999954e+02 -1.050483000000000011e+01 5.076004000000000183e+00
7.453226999999999862e+03 4.294331000000000131e+03 2.639195000000000164e+03 2.000522999999999911e+03 7.917943000000000211e+02 4.082479999999999905e+02 1.721162999999999954e+02 5.108752000000000066e+02 7.999969000000000108e+00 1.559447999999999945e+00
9.719963000000000193e+02 6.920226999999999862e+02 2.369601000000000113e+02 3.143301999999999907e+02 1.522215999999999951e+02 7.444221000000000288e+01 -1.050483000000000011e+01 7.999969000000000108e+00 5.853974000000000188e+01 1.551650999999999891e+00
1.370755000000000052e+02 2.565291999999999906e+00 2.620653000000000077e+01 3.097063999999999950e+01 1.068221999999999916e+01 1.114226000000000028e+01 5.076004000000000183e+00 1.559447999999999945e+00 1.551650999999999891e+00 3.960999000000000159e+00
