3.758187000000000116e+05 2.129027000000000116e+05 1.650497000000000116e+05 1.364870000000000000e+05 1.076398999999999942e+05 7.505360000000000582e+04 5.577358999999999651e+04 3.984648999999999796e+04 3.287231999999999971e+04 2.262575000000000000e+04 1.532426000000000022e+04 1.103510000000000036e+04 5.796081000000000131e+03 4.359690999999999804e+03 2.330585999999999785e+03 1.040326999999999998e+03 2.734569999999999936e+02 4.257020999999999731e+02 1.381904999999999859e+02 7.907572000000000401e+01
2.129027000000000116e+05 2.561683999999999942e+05 1.430787000000000116e+05 1.193220000000000000e+05 9.116886000000000058e+04 6.251561000000000058e+04 4.567418000000000029e+04 3.267686999999999898e+04 2.625547000000000116e+04 2.012059000000000015e+04 1.152345000000000073e+04 9.219122999999999593e+03 4.952426000000000386e+03 3.514856000000000222e+03 2.213519999999999982e+03 1.217289999999999964e+03 2.213480999999999881e+02 4.685674000000000206e+02 7.176581000000000188e+01 4.885750999999999777e+01
1.650497000000000116e+05 1.430787000000000116e+05 1.691755000000000000e+05 9.157689999999999418e+04 6.961985000000000582e+04 4.784705999999999767e+04 3.615644999999999709e+04 2.576809999999999854e+04 2.276900999999999840e+04 1.663788999999999942e+04 1.021177000000000044e+04 7.688658999999999651e+03 4.098127000000000407e+03 2.488547999999999774e+03 1.447231999999999971e+03 1.150587999999999965e+03 1.262295000000000016e+02 2.458743000000000052e+02 4.180100999999999800e+01 3.886534999999999940e+01
1.364870000000000000e+05 1.193220000000000000e+05 9.157689999999999418e+04 1.199483999999999942e+05 5.892744999999999709e+04 4.079600000000000000e+04 3.131722999999999956e+04 2.200050999999999840e+04 1.912109000000000015e+04 1.290780999999999949e+04 7.917256000000000313e+03 5.568814999999999600e+03 3.479485999999999876e+03 2.344626999999999953e+03 1.554967000000000098e+03 8.421761000000000195e+02 1.777848999999999933e+02 1.935235999999999876e+02 5.904851000000000028e+01 4.898617000000000132e+01
1.076398999999999942e+05 9.116886000000000058e+04 6.961985000000000582e+04 5.892744999999999709e+04 7.874302999999999884e+04 3.341025000000000000e+04 2.248695000000000073e+04 1.904334999999999854e+04 1.384893000000000029e+04 1.093432999999999993e+04 5.522942000000000007e+03 4.286534999999999854e+03 3.017398000000000138e+03 1.664472999999999956e+03 1.174234999999999900e+03 6.561183999999999514e+02 1.266038000000000068e+02 2.052663000000000011e+02 5.764500000000000313e+01 2.483031000000000077e+01
7.505360000000000582e+04 6.251561000000000058e+04 4.784705999999999767e+04 4.079600000000000000e+04 3.341025000000000000e+04 4.355775000000000000e+04 1.776134000000000015e+04 1.253286000000000058e+04 9.551367000000000189e+03 6.554582999999999629e+03 4.163353000000000065e+03 2.778838999999999942e+03 1.950951999999999998e+03 1.270801999999999907e+03 6.228396999999999935e+02 5.159356999999999971e+02 1.654730999999999881e+02 1.251691000000000003e+02 2.293947999999999965e+01 8.475600999999999274e+00
5.577358999999999651e+04 4.567418000000000029e+04 3.615644999999999709e+04 3.131722999999999956e+04 2.248695000000000073e+04 1.776134000000000015e+04 2.916979000000000087e+04 9.967353999999999360e+03 8.378400999999999840e+03 5.426957999999999629e+03 3.733693000000000211e+03 2.427422000000000025e+03 1.413499000000000024e+03 1.082413000000000011e+03 5.716780999999999722e+02 4.008718000000000075e+02 8.826476999999999862e+01 5.392571999999999832e+01 1.216370000000000040e+01 1.107207999999999970e+01
3.984648999999999796e+04 3.267686999999999898e+04 2.576809999999999854e+04 2.200050999999999840e+04 1.904334999999999854e+04 1.253286000000000058e+04 9.967353999999999360e+03 1.754925999999999840e+04 5.466153000000000247e+03 3.632338999999999942e+03 2.721922999999999774e+03 1.841916999999999916e+03 1.151903999999999996e+03 5.865435999999999694e+02 4.863978000000000179e+02 2.971256000000000199e+02 7.640516999999999825e+01 6.337988000000000000e+01 2.123188999999999993e+01 6.124732999999999983e+00
3.287231999999999971e+04 2.625547000000000116e+04 2.276900999999999840e+04 1.912109000000000015e+04 1.384893000000000029e+04 9.551367000000000189e+03 8.378400999999999840e+03 5.466153000000000247e+03 1.092892000000000007e+04 3.134539999999999964e+03 2.049239999999999782e+03 1.380468000000000075e+03 9.126924000000000206e+02 5.697170999999999594e+02 4.798715000000000259e+02 2.718781000000000176e+02 4.493549999999999756e+01 5.179317000000000348e+01 2.057692000000000121e+01 1.078748000000000040e+01
2.262575000000000000e+04 2.012059000000000015e+04 1.663788999999999942e+04 1.290780999999999949e+04 1.093432999999999993e+04 6.554582999999999629e+03 5.426957999999999629e+03 3.632338999999999942e+03 3.134539999999999964e+03 6.758989999999999782e+03 1.406997000000000071e+03 9.608092000000000326e+02 5.108498999999999910e+02 3.671057999999999879e+02 2.017789999999999964e+02 8.769947000000000514e+01 2.159835999999999867e+00 5.116159999999999997e+01 9.302108999999999739e+00 7.645195000000000185e+00
1.532426000000000022e+04 1.152345000000000073e+04 1.021177000000000044e+04 7.917256000000000313e+03 5.522942000000000007e+03 4.163353000000000065e+03 3.733693000000000211e+03 2.721922999999999774e+03 2.049239999999999782e+03 1.406997000000000071e+03 3.900367000000000189e+03 6.889018999999999551e+02 4.718267000000000166e+02 2.370361000000000047e+02 1.779019000000000119e+02 4.840527000000000157e+01 2.395311999999999841e+01 2.045995999999999881e+01 4.990234000000000059e+00 5.489258000000000415e+00
1.103510000000000036e+04 9.219122999999999593e+03 7.688658999999999651e+03 5.568814999999999600e+03 4.286534999999999854e+03 2.778838999999999942e+03 2.427422000000000025e+03 1.841916999999999916e+03 1.380468000000000075e+03 9.608092000000000326e+02 6.889018999999999551e+02 2.351302999999999884e+03 3.227998999999999796e+02 2.332818000000000040e+02 7.654942000000000135e+00 6.780871000000000492e+01 3.703689999999999927e+00 2.125918000000000063e+01 1.052627999999999897e+00 1.000775999999999932e+01
5.796081000000000131e+03 4.952426000000000386e+03 4.098127000000000407e+03 3.479485999999999876e+03 3.017398000000000138e+03 1.950951999999999998e+03 1.413499000000000024e+03 1.151903999999999996e+03 9.126924000000000206e+02 5.108498999999999910e+02 4.718267000000000166e+02 3.227998999999999796e+02 1.102792999999999893e+03 1.172977999999999952e+02 5.986137000000000086e+01 6.326292000000000115e+01 -3.485367000000000104e+00 2.017536000000000129e+01 5.029220999999999719e+00 3.013634000000000146e+00
4.359690999999999804e+03 3.514856000000000222e+03 2.488547999999999774e+03 2.344626999999999953e+03 1.664472999999999956e+03 1.270801999999999907e+03 1.082413000000000011e+03 5.865435999999999694e+02 5.697170999999999594e+02 3.671057999999999879e+02 2.370361000000000047e+02 2.332818000000000040e+02 1.172977999999999952e+02 5.871557000000000244e+02 4.773861000000000132e+01 3.894722000000000151e+01 -1.481476000000000015e+00 3.672501000000000015e+00 1.575042999999999971e+00 1.785568000000000044e+00
2.330585999999999785e+03 2.213519999999999982e+03 1.447231999999999971e+03 1.554967000000000098e+03 1.174234999999999900e+03 6.228396999999999935e+02 5.716780999999999722e+02 4.863978000000000179e+02 4.798715000000000259e+02 2.017789999999999964e+02 1.779019000000000119e+02 7.654942000000000135e+00 5.986137000000000086e+01 4.773861000000000132e+01 3.186868999999999801e+02 8.393729999999999691e+00 6.011673000000000044e+00 1.890830999999999928e+00 -3.820647999999999822e-01 1.805061000000000027e+00
1.040326999999999998e+03 1.217289999999999964e+03 1.150587999999999965e+03 8.421761000000000195e+02 6.561183999999999514e+02 5.159356999999999971e+02 4.008718000000000075e+02 2.971256000000000199e+02 2.718781000000000176e+02 8.769947000000000514e+01 4.840527000000000157e+01 6.780871000000000492e+01 6.326292000000000115e+01 3.894722000000000151e+01 8.393729999999999691e+00 1.443346999999999980e+02 6.565277000000000029e+00 8.966827000000000547e-01 -1.107207999999999970e+00 -5.536041000000000434e-01
2.734569999999999936e+02 2.213480999999999881e+02 1.262295000000000016e+02 1.777848999999999933e+02 1.266038000000000068e+02 1.654730999999999881e+02 8.826476999999999862e+01 7.640516999999999825e+01 4.493549999999999756e+01 2.159835999999999867e+00 2.395311999999999841e+01 3.703689999999999927e+00 -3.485367000000000104e+00 -1.481476000000000015e+00 6.011673000000000044e+00 6.565277000000000029e+00 5.261578000000000088e+01 2.760222999999999871e+00 5.925903000000000143e-01 -2.027283000000000002e-01
4.257020999999999731e+02 4.685674000000000206e+02 2.458743000000000052e+02 1.935235999999999876e+02 2.052663000000000011e+02 1.251691000000000003e+02 5.392571999999999832e+01 6.337988000000000000e+01 5.179317000000000348e+01 5.116159999999999997e+01 2.045995999999999881e+01 2.125918000000000063e+01 2.017536000000000129e+01 3.672501000000000015e+00 1.890830999999999928e+00 8.966827000000000547e-01 2.760222999999999871e+00 2.500574999999999903e+01 -1.715393000000000057e-01 9.122772000000000103e-01
1.381904999999999859e+02 7.176581000000000188e+01 4.180100999999999800e+01 5.904851000000000028e+01 5.764500000000000313e+01 2.293947999999999965e+01 1.216370000000000040e+01 2.123188999999999993e+01 2.057692000000000121e+01 9.302108999999999739e+00 4.990234000000000059e+00 1.052627999999999897e+00 5.029220999999999719e+00 1.575042999999999971e+00 -3.820647999999999822e-01 -1.107207999999999970e+00 5.925903000000000143e-01 -1.715393000000000057e-01 3.960999000000000159e+00 -1.559448000000000084e-02
7.907572000000000401e+01 4.885750999999999777e+01 3.886534999999999940e+01 4.898617000000000132e+01 2.483031000000000077e+01 8.475600999999999274e+00 1.107207999999999970e+01 6.124732999999999983e+00 1.078748000000000040e+01 7.645195000000000185e+00 5.489258000000000415e+00 1.000775999999999932e+01 3.013634000000000146e+00 1.785568000000000044e+00 1.805061000000000027e+00 -5.536041000000000434e-01 -2.027283000000000002e-01 9.122772000000000103e-01 -1.559448000000000084e-02 1.988296999999999981e+00
