3.399398999999999796e+04 1.248234000000000015e+04 8.403230999999999767e+03 6.721590000000000146e+03 5.936317000000000007e+03 4.736818000000000211e+03 2.964780000000000200e+03 2.221755999999999858e+03 1.518327999999999975e+03 1.467957000000000107e+03 6.915626999999999498e+02 4.767604000000000042e+02 3.542169999999999845e+02 8.239735000000000298e+01 1.477498999999999967e+02 1.081359999999999957e+02 1.462762000000000029e+01 4.513627999999999929e+01 4.474056999999999817e+01 -7.175411000000000428e+00
1.248234000000000015e+04 2.034693000000000029e+04 7.188779999999999745e+03 5.285860999999999876e+03 4.005985000000000127e+03 3.258797000000000025e+03 2.312603000000000065e+03 1.642413000000000011e+03 9.728871000000000322e+02 6.529194999999999709e+02 7.337535000000000309e+02 1.681534000000000049e+02 6.950851000000000113e+01 9.875596000000000174e+01 1.643112999999999886e+02 6.620247999999999422e+01 1.799603000000000108e+01 4.280490000000000350e+01 1.199216000000000015e+01 6.368396999999999863e+00
8.403230999999999767e+03 7.188779999999999745e+03 1.584810000000000036e+04 3.906851000000000113e+03 3.594255000000000109e+03 2.678815999999999804e+03 1.316478000000000065e+03 1.117215999999999894e+03 7.088120999999999867e+02 4.440178000000000225e+02 4.324311000000000149e+02 3.444547999999999774e+02 8.810102999999999440e+01 4.894328000000000145e+01 7.121999999999999886e+01 5.079903000000000191e+01 4.035851999999999862e+01 1.279137000000000057e+01 9.200744999999999507e+00 -1.789466999999999919e+00
6.721590000000000146e+03 5.285860999999999876e+03 3.906851000000000113e+03 1.055705999999999949e+04 2.489085999999999785e+03 2.365369000000000142e+03 1.114782999999999902e+03 8.088370999999999640e+02 5.072008000000000152e+02 3.668192999999999984e+02 3.277160999999999831e+02 1.537947000000000060e+02 2.333675000000000068e+02 5.272883999999999816e+01 6.941884000000000299e+01 2.359055000000000035e+01 2.267437999999999931e+01 1.341319999999999979e+01 -3.633513999999999911e+00 -3.233906000000000169e+00
5.936317000000000007e+03 4.005985000000000127e+03 3.594255000000000109e+03 2.489085999999999785e+03 7.991541000000000167e+03 1.569074000000000069e+03 9.287839999999999918e+02 1.106759999999999991e+03 4.977173999999999978e+02 6.679468000000000529e+02 2.221160999999999888e+02 1.166895999999999987e+02 8.084959000000000628e+01 1.052237999999999971e+02 1.287013000000000034e+02 7.867416000000000409e+00 6.368786999999999665e+01 3.541116999999999848e+01 1.737225000000000108e+01 5.766060000000000407e+00
4.736818000000000211e+03 3.258797000000000025e+03 2.678815999999999804e+03 2.365369000000000142e+03 1.569074000000000069e+03 4.758466999999999643e+03 7.355878000000000156e+02 6.392002999999999702e+02 3.631390000000000100e+02 3.090885000000000105e+02 2.419153000000000020e+02 2.014202999999999975e+02 1.348728000000000122e+02 7.786714999999999520e+01 2.463147999999999982e+01 4.286533000000000015e+01 2.417145000000000010e+01 2.061786000000000030e+01 1.957107999999999848e+01 3.845988999999999880e+00
2.964780000000000200e+03 2.312603000000000065e+03 1.316478000000000065e+03 1.114782999999999902e+03 9.287839999999999918e+02 7.355878000000000156e+02 2.858896999999999935e+03 4.322751999999999839e+02 1.240502000000000038e+02 1.561748000000000047e+02 1.287441000000000031e+02 1.124401000000000010e+02 1.451767999999999859e+02 7.337203999999999837e+00 2.917727999999999966e+01 4.000764000000000209e+01 1.590637000000000079e+01 6.834281999999999968e+00 5.957092000000000276e+00 1.360619000000000023e+00
2.221755999999999858e+03 1.642413000000000011e+03 1.117215999999999894e+03 8.088370999999999640e+02 1.106759999999999991e+03 6.392002999999999702e+02 4.322751999999999839e+02 1.966150000000000091e+03 1.939543999999999926e+02 1.616115000000000066e+02 9.724523999999999546e+01 -6.095493000000000272e+00 4.052615999999999730e+01 5.269765000000000299e+01 2.781276000000000082e+01 9.898597999999999786e+00 2.891216999999999970e+01 1.645412999999999926e+01 -1.559448000000000084e-02 4.931754999999999889e-01
1.518327999999999975e+03 9.728871000000000322e+02 7.088120999999999867e+02 5.072008000000000152e+02 4.977173999999999978e+02 3.631390000000000100e+02 1.240502000000000038e+02 1.939543999999999926e+02 1.100734999999999900e+03 1.031556000000000068e+02 8.435639999999999361e+01 3.629811000000000121e+01 -1.251066999999999929e+01 8.050651999999999475e+00 1.867438999999999893e+01 3.021431000000000200e+00 4.335265999999999842e+00 8.362541000000000002e-01 -1.325531000000000015e+00 2.497065999999999786e+00
1.467957000000000107e+03 6.529194999999999709e+02 4.440178000000000225e+02 3.668192999999999984e+02 6.679468000000000529e+02 3.090885000000000105e+02 1.561748000000000047e+02 1.616115000000000066e+02 1.031556000000000068e+02 9.614447000000000116e+02 7.696461999999999648e+01 2.996675000000000111e+01 -8.580864000000000047e+00 2.957103999999999999e+01 6.074050999999999867e+00 -3.029227999999999810e+00 -1.153991999999999907e+00 9.974621000000000848e+00 2.417145000000000099e+00 -3.709537999999999780e+00
6.915626999999999498e+02 7.337535000000000309e+02 4.324311000000000149e+02 3.277160999999999831e+02 2.221160999999999888e+02 2.419153000000000020e+02 1.287441000000000031e+02 9.724523999999999546e+01 8.435639999999999361e+01 7.696461999999999648e+01 5.757463000000000193e+02 2.889853000000000094e+01 1.395316000000000045e+01 -1.753988999999999976e+01 5.606215999999999866e+00 -7.691977999999999760e+00 1.964904999999999902e+00 2.543849999999999945e+00 -5.146178999999999615e-01 -1.191028999999999893e+00
4.767604000000000042e+02 1.681534000000000049e+02 3.444547999999999774e+02 1.537947000000000060e+02 1.166895999999999987e+02 2.014202999999999975e+02 1.124401000000000010e+02 -6.095493000000000272e+00 3.629811000000000121e+01 2.996675000000000111e+01 2.889853000000000094e+01 3.114821999999999775e+02 -1.695899999999999963e+00 -1.953208999999999973e+00 3.688095000000000123e+00 2.483420999999999879e+00 3.274840999999999891e+00 -2.247555000000000192e+00 -1.855742999999999920e+00 1.773871999999999949e-01
3.542169999999999845e+02 6.950851000000000113e+01 8.810102999999999440e+01 2.333675000000000068e+02 8.084959000000000628e+01 1.348728000000000122e+02 1.451767999999999859e+02 4.052615999999999730e+01 -1.251066999999999929e+01 -8.580864000000000047e+00 1.395316000000000045e+01 -1.695899999999999963e+00 2.198744000000000085e+02 3.750472999999999946e+00 6.159820999999999991e+00 6.417130000000000223e+00 6.674438000000000315e+00 -1.758278000000000008e+00 -1.559447999999999945e-01 -1.181281999999999943e+00
8.239735000000000298e+01 9.875596000000000174e+01 4.894328000000000145e+01 5.272883999999999816e+01 1.052237999999999971e+02 7.786714999999999520e+01 7.337203999999999837e+00 5.269765000000000299e+01 8.050651999999999475e+00 2.957103999999999999e+01 -1.753988999999999976e+01 -1.953208999999999973e+00 3.750472999999999946e+00 9.349671999999999628e+01 -3.539947999999999873e+00 -3.664703000000000266e-01 2.807007000000000030e+00 5.594521000000000299e+00 1.403502999999999945e+00 -5.964890000000000470e-01
1.477498999999999967e+02 1.643112999999999886e+02 7.121999999999999886e+01 6.941884000000000299e+01 1.287013000000000034e+02 2.463147999999999982e+01 2.917727999999999966e+01 2.781276000000000082e+01 1.867438999999999893e+01 6.074050999999999867e+00 5.606215999999999866e+00 3.688095000000000123e+00 6.159820999999999991e+00 -3.539947999999999873e+00 6.883405000000000484e+01 -4.569182999999999772e+00 -1.122802999999999995e+00 7.017516999999999505e-02 -6.237792999999999810e-02 6.003876000000000213e-01
1.081359999999999957e+02 6.620247999999999422e+01 5.079903000000000191e+01 2.359055000000000035e+01 7.867416000000000409e+00 4.286533000000000015e+01 4.000764000000000209e+01 9.898597999999999786e+00 3.021431000000000200e+00 -3.029227999999999810e+00 -7.691977999999999760e+00 2.483420999999999879e+00 6.417130000000000223e+00 -3.664703000000000266e-01 -4.569182999999999772e+00 4.047547999999999746e+01 -3.118895999999999891e-01 -5.730971999999999733e-01 -6.549682999999999478e-01 7.524338000000000415e-01
1.462762000000000029e+01 1.799603000000000108e+01 4.035851999999999862e+01 2.267437999999999931e+01 6.368786999999999665e+01 2.417145000000000010e+01 1.590637000000000079e+01 2.891216999999999970e+01 4.335265999999999842e+00 -1.153991999999999907e+00 1.964904999999999902e+00 3.274840999999999891e+00 6.674438000000000315e+00 2.807007000000000030e+00 -1.122802999999999995e+00 -3.118895999999999891e-01 1.746582000000000079e+01 7.797241000000000311e-01 1.746582000000000079e+00 -9.356688999999999978e-02
4.513627999999999929e+01 4.280490000000000350e+01 1.279137000000000057e+01 1.341319999999999979e+01 3.541116999999999848e+01 2.061786000000000030e+01 6.834281999999999968e+00 1.645412999999999926e+01 8.362541000000000002e-01 9.974621000000000848e+00 2.543849999999999945e+00 -2.247555000000000192e+00 -1.758278000000000008e+00 5.594521000000000299e+00 7.017516999999999505e-02 -5.730971999999999733e-01 7.797241000000000311e-01 6.890812000000000381e+00 1.886932000000000054e+00 -4.093552000000000302e-02
4.474056999999999817e+01 1.199216000000000015e+01 9.200744999999999507e+00 -3.633513999999999911e+00 1.737225000000000108e+01 1.957107999999999848e+01 5.957092000000000276e+00 -1.559448000000000084e-02 -1.325531000000000015e+00 2.417145000000000099e+00 -5.146178999999999615e-01 -1.855742999999999920e+00 -1.559447999999999945e-01 1.403502999999999945e+00 -6.237792999999999810e-02 -6.549682999999999478e-01 1.746582000000000079e+00 1.886932000000000054e+00 7.859619000000000355e+00 -4.678344999999999726e-02
-7.175411000000000428e+00 6.368396999999999863e+00 -1.789466999999999919e+00 -3.233906000000000169e+00 5.766060000000000407e+00 3.845988999999999880e+00 1.360619000000000023e+00 4.931754999999999889e-01 2.497065999999999786e+00 -3.709537999999999780e+00 -1.191028999999999893e+00 1.773871999999999949e-01 -1.181281999999999943e+00 -5.964890000000000470e-01 6.003876000000000213e-01 7.524338000000000415e-01 -9.356688999999999978e-02 -4.093552000000000302e-02 -4.678344999999999726e-02 2.976596999999999937e+00
