2.540605000000000000e+06 1.394434000000000000e+06 8.737071999999999534e+05 4.991772000000000116e+05 2.802097999999999884e+05 1.616845000000000000e+05 6.437222000000000116e+04 2.249206000000000131e+04 4.654185000000000400e+03 5.228713000000000193e+02
1.394434000000000000e+06 1.069361000000000000e+06 5.560016999999999534e+05 3.195680999999999767e+05 1.725903999999999942e+05 1.030325000000000000e+05 3.963812999999999738e+04 1.321645999999999913e+04 2.862940000000000055e+03 1.922683000000000106e+02
8.737071999999999534e+05 5.560016999999999534e+05 4.625089000000000233e+05 2.066607999999999884e+05 1.160671999999999971e+05 6.517905999999999767e+04 2.721318999999999869e+04 8.925504000000000815e+03 2.027207000000000107e+03 2.259153000000000020e+02
4.991772000000000116e+05 3.195680999999999767e+05 2.066607999999999884e+05 1.705965000000000000e+05 6.943414999999999418e+04 4.065937000000000262e+04 1.493430999999999949e+04 5.304583999999999833e+03 9.210062000000000353e+02 1.243854999999999933e+02
2.802097999999999884e+05 1.725903999999999942e+05 1.160671999999999971e+05 6.943414999999999418e+04 6.426711000000000058e+04 2.234615999999999985e+04 9.035911000000000058e+03 2.910070999999999913e+03 6.022120999999999640e+02 5.774636999999999887e+01
1.616845000000000000e+05 1.030325000000000000e+05 6.517905999999999767e+04 4.065937000000000262e+04 2.234615999999999985e+04 2.434659000000000015e+04 5.378587999999999738e+03 1.748701000000000022e+03 3.020788000000000011e+02 6.018106000000000222e+01
6.437222000000000116e+04 3.963812999999999738e+04 2.721318999999999869e+04 1.493430999999999949e+04 9.035911000000000058e+03 5.378587999999999738e+03 5.463800000000000182e+03 8.520395999999999503e+02 1.554341000000000008e+02 1.554379999999999917e+01
2.249206000000000131e+04 1.321645999999999913e+04 8.925504000000000815e+03 5.304583999999999833e+03 2.910070999999999913e+03 1.748701000000000022e+03 8.520395999999999503e+02 1.188563000000000102e+03 3.000183000000000177e+01 6.146175000000000388e+00
4.654185000000000400e+03 2.862940000000000055e+03 2.027207000000000107e+03 9.210062000000000353e+02 6.022120999999999640e+02 3.020788000000000011e+02 1.554341000000000008e+02 3.000183000000000177e+01 1.687770999999999901e+02 -1.136447999999999903e+00
5.228713000000000193e+02 1.922683000000000106e+02 2.259153000000000020e+02 1.243854999999999933e+02 5.774636999999999887e+01 6.018106000000000222e+01 1.554379999999999917e+01 6.146175000000000388e+00 -1.136447999999999903e+00 1.264517999999999986e+01
