2.909474000000000000e+06 1.567789000000000000e+06 1.010138000000000000e+06 6.406139000000000233e+05 3.259634000000000233e+05 2.169641000000000058e+05 9.924561000000000058e+04 3.616805999999999767e+04 1.060311000000000058e+04 1.648203999999999951e+03
1.567789000000000000e+06 1.235479000000000000e+06 6.529375000000000000e+05 4.081695999999999767e+05 2.053048999999999942e+05 1.376845000000000000e+05 6.123605000000000291e+04 2.015206000000000131e+04 6.351886000000000422e+03 1.040871000000000095e+03
1.010138000000000000e+06 6.529375000000000000e+05 5.535485000000000000e+05 2.670845000000000000e+05 1.397541000000000058e+05 8.722186999999999534e+04 4.231669999999999709e+04 1.375706999999999971e+04 3.694193000000000211e+03 9.283940999999999804e+02
6.406139000000000233e+05 4.081695999999999767e+05 2.670845000000000000e+05 2.234355000000000000e+05 8.758905000000000291e+04 5.555520999999999913e+04 2.499484999999999854e+04 8.234253000000000611e+03 2.683920000000000073e+03 5.410271999999999935e+02
3.259634000000000233e+05 2.053048999999999942e+05 1.397541000000000058e+05 8.758905000000000291e+04 7.631830000000000291e+04 2.992872999999999956e+04 1.402771999999999935e+04 4.403855999999999767e+03 1.308809999999999945e+03 3.043399999999999750e+02
2.169641000000000058e+05 1.376845000000000000e+05 8.722186999999999534e+04 5.555520999999999913e+04 2.992872999999999956e+04 3.205443999999999869e+04 9.355757999999999811e+03 3.321778999999999996e+03 7.943633999999999560e+02 1.698764999999999930e+02
9.924561000000000058e+04 6.123605000000000291e+04 4.231669999999999709e+04 2.499484999999999854e+04 1.402771999999999935e+04 9.355757999999999811e+03 9.611745000000000800e+03 1.590983999999999924e+03 4.747973999999999819e+02 1.026624000000000052e+02
3.616805999999999767e+04 2.015206000000000131e+04 1.375706999999999971e+04 8.234253000000000611e+03 4.403855999999999767e+03 3.321778999999999996e+03 1.590983999999999924e+03 2.259840999999999894e+03 2.063579000000000008e+02 5.452416000000000196e+01
1.060311000000000058e+04 6.351886000000000422e+03 3.694193000000000211e+03 2.683920000000000073e+03 1.308809999999999945e+03 7.943633999999999560e+02 4.747973999999999819e+02 2.063579000000000008e+02 3.541741000000000099e+02 1.690052000000000021e+01
1.648203999999999951e+03 1.040871000000000095e+03 9.283940999999999804e+02 5.410271999999999935e+02 3.043399999999999750e+02 1.698764999999999930e+02 1.026624000000000052e+02 5.452416000000000196e+01 1.690052000000000021e+01 3.963922999999999774e+01
