1.481931000000000000e+06 7.533935000000000000e+05 5.007255000000000000e+05 2.752680000000000000e+05 1.644137000000000116e+05 8.864221000000000640e+04 3.680922000000000116e+04 9.059793999999999869e+03 4.342291000000000167e+03 4.968792000000000257e+02
7.533935000000000000e+05 5.871003000000000466e+05 3.023419000000000233e+05 1.701941000000000058e+05 1.011816999999999971e+05 5.210983999999999651e+04 2.145447999999999956e+04 5.089060999999999694e+03 2.750192000000000007e+03 2.218588000000000022e+02
5.007255000000000000e+05 3.023419000000000233e+05 2.707212999999999884e+05 1.171806000000000058e+05 6.623933000000000175e+04 3.471705000000000291e+04 1.435257999999999993e+04 3.591101000000000113e+03 1.504644999999999982e+03 1.725957999999999970e+02
2.752680000000000000e+05 1.701941000000000058e+05 1.171806000000000058e+05 1.026106000000000058e+05 3.876991999999999825e+04 1.941386000000000058e+04 9.000846999999999753e+03 2.141442000000000007e+03 9.489475999999999658e+02 1.022920000000000016e+02
1.644137000000000116e+05 1.011816999999999971e+05 6.623933000000000175e+04 3.876991999999999825e+04 3.645054000000000087e+04 1.239179999999999927e+04 5.261586000000000240e+03 1.128191000000000031e+03 4.859630999999999972e+02 1.594536000000000087e+01
8.864221000000000640e+04 5.210983999999999651e+04 3.471705000000000291e+04 1.941386000000000058e+04 1.239179999999999927e+04 1.372088999999999942e+04 2.893034000000000106e+03 8.182346999999999753e+02 1.906036000000000001e+02 2.648723000000000027e+01
3.680922000000000116e+04 2.145447999999999956e+04 1.435257999999999993e+04 9.000846999999999753e+03 5.261586000000000240e+03 2.893034000000000106e+03 4.062416999999999916e+03 4.045599000000000274e+02 1.001400000000000006e+02 1.424555999999999933e+01
9.059793999999999869e+03 5.089060999999999694e+03 3.591101000000000113e+03 2.141442000000000007e+03 1.128191000000000031e+03 8.182346999999999753e+02 4.045599000000000274e+02 7.353655999999999722e+02 2.620653000000000077e+01 1.504087999999999958e+01
4.342291000000000167e+03 2.750192000000000007e+03 1.504644999999999982e+03 9.489475999999999658e+02 4.859630999999999972e+02 1.906036000000000001e+02 1.001400000000000006e+02 2.620653000000000077e+01 1.778317000000000121e+02 -2.128646999999999956e+00
4.968792000000000257e+02 2.218588000000000022e+02 1.725957999999999970e+02 1.022920000000000016e+02 1.594536000000000087e+01 2.648723000000000027e+01 1.424555999999999933e+01 1.504087999999999958e+01 -2.128646999999999956e+00 2.300966000000000022e+01
