2.894387999999999884e+05 1.368293999999999942e+05 7.898008000000000175e+04 4.356240000000000146e+04 2.151579999999999927e+04 1.065713999999999942e+04 3.818831000000000131e+03 9.863139999999999645e+02 4.603276999999999930e+02 5.625710000000000122e+01
1.368293999999999942e+05 1.300143999999999942e+05 5.148673999999999796e+04 2.884586999999999898e+04 1.366830999999999949e+04 6.379395000000000437e+03 2.495413000000000011e+03 5.892258000000000493e+02 1.843618999999999915e+02 4.084194999999999709e+01
7.898008000000000175e+04 5.148673999999999796e+04 5.069447000000000116e+04 1.586059000000000015e+04 8.165582999999999629e+03 4.143176999999999680e+03 1.381468000000000075e+03 2.762445999999999913e+02 1.835198000000000036e+02 3.572695999999999827e+01
4.356240000000000146e+04 2.884586999999999898e+04 1.586059000000000015e+04 1.986368000000000029e+04 4.538056999999999789e+03 2.076494999999999891e+03 8.852208000000000538e+02 1.567518000000000029e+02 1.080035000000000025e+02 1.130599999999999916e+01
2.151579999999999927e+04 1.366830999999999949e+04 8.165582999999999629e+03 4.538056999999999789e+03 7.426966000000000349e+03 1.489803000000000111e+03 3.419558000000000106e+02 7.557085999999999615e+01 6.955138999999999960e+00 6.237793000000000365e-01
1.065713999999999942e+04 6.379395000000000437e+03 4.143176999999999680e+03 2.076494999999999891e+03 1.489803000000000111e+03 2.380635999999999967e+03 2.401939999999999884e+02 4.296085000000000065e+01 1.047753999999999941e+01 7.836227000000000054e+00
3.818831000000000131e+03 2.495413000000000011e+03 1.381468000000000075e+03 8.852208000000000538e+02 3.419558000000000106e+02 2.401939999999999884e+02 5.823292000000000144e+02 2.461589000000000027e+01 7.087691999999999659e+00 7.173462000000000449e-01
9.863139999999999645e+02 5.892258000000000493e+02 2.762445999999999913e+02 1.567518000000000029e+02 7.557085999999999615e+01 4.296085000000000065e+01 2.461589000000000027e+01 1.524964999999999975e+02 6.235844000000000165e+00 -1.146193999999999935e+00
4.603276999999999930e+02 1.843618999999999915e+02 1.835198000000000036e+02 1.080035000000000025e+02 6.955138999999999960e+00 1.047753999999999941e+01 7.087691999999999659e+00 6.235844000000000165e+00 2.752231000000000094e+01 7.875214000000000381e-01
5.625710000000000122e+01 4.084194999999999709e+01 3.572695999999999827e+01 1.130599999999999916e+01 6.237793000000000365e-01 7.836227000000000054e+00 7.173462000000000449e-01 -1.146193999999999935e+00 7.875214000000000381e-01 3.960999000000000159e+00
