2.020244000000000000e+06 1.063188000000000000e+06 6.856624000000000233e+05 4.044305999999999767e+05 2.330651000000000058e+05 1.208508000000000029e+05 4.907395999999999913e+04 1.552498999999999978e+04 4.486720000000000255e+03 3.975969000000000051e+02
1.063188000000000000e+06 8.349014000000000233e+05 4.371905999999999767e+05 2.542970000000000000e+05 1.475206000000000058e+05 7.357641999999999825e+04 2.785936000000000058e+04 9.141843999999999141e+03 2.752550999999999931e+03 2.758195999999999799e+02
6.856624000000000233e+05 4.371905999999999767e+05 3.685567000000000116e+05 1.709140000000000000e+05 9.997014999999999418e+04 4.757162000000000262e+04 1.923597999999999956e+04 6.806632999999999811e+03 1.526825000000000045e+03 1.844670999999999879e+02
4.044305999999999767e+05 2.542970000000000000e+05 1.709140000000000000e+05 1.478305000000000000e+05 6.030563999999999942e+04 2.972420000000000073e+04 1.158248999999999978e+04 3.732090999999999894e+03 1.129117999999999938e+03 1.313562000000000012e+02
2.330651000000000058e+05 1.475206000000000058e+05 9.997014999999999418e+04 6.030563999999999942e+04 5.509750000000000000e+04 1.760615000000000146e+04 7.037695999999999913e+03 1.868277000000000044e+03 6.487148999999999432e+02 7.575020000000000309e+00
1.208508000000000029e+05 7.357641999999999825e+04 4.757162000000000262e+04 2.972420000000000073e+04 1.760615000000000146e+04 1.667284000000000015e+04 3.581615999999999985e+03 1.000620000000000005e+03 2.438352999999999895e+02 1.741903999999999897e+01
4.907395999999999913e+04 2.785936000000000058e+04 1.923597999999999956e+04 1.158248999999999978e+04 7.037695999999999913e+03 3.581615999999999985e+03 4.726251000000000204e+03 5.972686999999999671e+02 1.075395999999999930e+02 3.187511999999999901e+01
1.552498999999999978e+04 9.141843999999999141e+03 6.806632999999999811e+03 3.732090999999999894e+03 1.868277000000000044e+03 1.000620000000000005e+03 5.972686999999999671e+02 1.007956999999999994e+03 3.514996000000000009e+01 -4.249495999999999718e+00
4.486720000000000255e+03 2.752550999999999931e+03 1.526825000000000045e+03 1.129117999999999938e+03 6.487148999999999432e+02 2.438352999999999895e+02 1.075395999999999930e+02 3.514996000000000009e+01 1.505802999999999940e+02 -5.302124000000000281e-01
3.975969000000000051e+02 2.758195999999999799e+02 1.844670999999999879e+02 1.313562000000000012e+02 7.575020000000000309e+00 1.741903999999999897e+01 3.187511999999999901e+01 -4.249495999999999718e+00 -5.302124000000000281e-01 2.300966000000000022e+01
