3.084984999999999854e+04 7.460123999999999796e+03 4.693373999999999796e+03 2.482992000000000189e+03 1.209105999999999995e+03 5.968007999999999811e+02 1.117403000000000048e+02 4.298229000000000077e+00 2.915193999999999974e+01
7.460123999999999796e+03 1.146929999999999927e+04 3.465414000000000215e+03 1.322584000000000060e+03 5.661343000000000529e+02 3.548679999999999950e+02 2.124474999999999909e+02 4.327078999999999809e+01 -1.061594000000000015e+01
4.693373999999999796e+03 3.465414000000000215e+03 5.754106999999999971e+03 7.357632999999999583e+02 4.098931999999999789e+02 2.155157000000000096e+02 1.442607000000000141e+02 1.495900999999999925e+01 -9.551619999999999555e-01
2.482992000000000189e+03 1.322584000000000060e+03 7.357632999999999583e+02 2.330657999999999902e+03 2.556715000000000089e+02 8.845189999999999486e+01 5.664695999999999998e+01 2.138783000000000101e+01 7.742661000000000016e+00
1.209105999999999995e+03 5.661343000000000529e+02 4.098931999999999789e+02 2.556715000000000089e+02 8.929945999999999913e+02 4.247937000000000296e+01 1.358669000000000082e+01 2.256131999999999849e+01 4.105247000000000313e+00
5.968007999999999811e+02 3.548679999999999950e+02 2.155157000000000096e+02 8.845189999999999486e+01 4.247937000000000296e+01 4.027119000000000142e+02 -1.153991999999999907e+00 -3.586730999999999892e+00 -1.559447999999999945e-01
1.117403000000000048e+02 2.124474999999999909e+02 1.442607000000000141e+02 5.664695999999999998e+01 1.358669000000000082e+01 -1.153991999999999907e+00 1.359039999999999964e+02 1.013836000000000048e+01 1.417148999999999992e+00
4.298229000000000077e+00 4.327078999999999809e+01 1.495900999999999925e+01 2.138783000000000101e+01 2.256131999999999849e+01 -3.586730999999999892e+00 1.013836000000000048e+01 4.530002000000000351e+01 -9.161758000000000401e-02
2.915193999999999974e+01 -1.061594000000000015e+01 -9.551619999999999555e-01 7.742661000000000016e+00 4.105247000000000313e+00 -1.559447999999999945e-01 1.417148999999999992e+00 -9.161758000000000401e-02 1.264517999999999986e+01
