2.386587000000000000e+06 1.234948000000000000e+06 8.120390999999999767e+05 4.442602999999999884e+05 2.666375999999999767e+05 1.351720000000000000e+05 5.196491999999999825e+04 1.650868999999999869e+04 4.309457000000000335e+03 1.405843000000000131e+02
1.234948000000000000e+06 9.566624000000000233e+05 5.060007000000000116e+05 2.797035000000000000e+05 1.670881000000000058e+05 8.256022000000000116e+04 2.917604000000000087e+04 1.003575000000000000e+04 2.593393999999999778e+03 3.097063999999999950e+01
8.120390999999999767e+05 5.060007000000000116e+05 4.200112999999999884e+05 1.857007000000000116e+05 1.105746999999999971e+05 5.318220999999999913e+04 2.098333000000000175e+04 7.120706000000000131e+03 1.544944999999999936e+03 1.222918999999999983e+02
4.442602999999999884e+05 2.797035000000000000e+05 1.857007000000000116e+05 1.538792999999999884e+05 6.389072000000000116e+04 3.357523000000000320e+04 1.136671999999999935e+04 3.439737000000000080e+03 9.946160999999999603e+02 5.732531999999999783e+01
2.666375999999999767e+05 1.670881000000000058e+05 1.105746999999999971e+05 6.389072000000000116e+04 5.906441000000000349e+04 1.865100000000000000e+04 7.028994999999999891e+03 2.058721000000000004e+03 6.292685999999999922e+02 2.545019999999999882e+01
1.351720000000000000e+05 8.256022000000000116e+04 5.318220999999999913e+04 3.357523000000000320e+04 1.865100000000000000e+04 1.881106000000000131e+04 3.628835999999999785e+03 9.909981999999999971e+02 2.695973999999999933e+02 -6.113037000000000276e+00
5.196491999999999825e+04 2.917604000000000087e+04 2.098333000000000175e+04 1.136671999999999935e+04 7.028994999999999891e+03 3.628835999999999785e+03 4.444770999999999731e+03 4.620645000000000095e+02 1.303075000000000045e+02 1.241320999999999941e+01
1.650868999999999869e+04 1.003575000000000000e+04 7.120706000000000131e+03 3.439737000000000080e+03 2.058721000000000004e+03 9.909981999999999971e+02 4.620645000000000095e+02 9.905303000000000111e+02 4.746959999999999980e+01 1.434692000000000078e+00
4.309457000000000335e+03 2.593393999999999778e+03 1.544944999999999936e+03 9.946160999999999603e+02 6.292685999999999922e+02 2.695973999999999933e+02 1.303075000000000045e+02 4.746959999999999980e+01 1.156487000000000052e+02 -8.732910000000000394e-01
1.405843000000000131e+02 3.097063999999999950e+01 1.222918999999999983e+02 5.732531999999999783e+01 2.545019999999999882e+01 -6.113037000000000276e+00 1.241320999999999941e+01 1.434692000000000078e+00 -8.732910000000000394e-01 7.859619000000000355e+00
