2.979057000000000000e+06 1.654829000000000000e+06 1.028243000000000000e+06 6.403756999999999534e+05 3.521807000000000116e+05 2.138902000000000116e+05 1.050333000000000029e+05 3.516161000000000058e+04 1.082795000000000073e+04 1.418317999999999984e+03
1.654829000000000000e+06 1.292629000000000000e+06 6.797335999999999767e+05 4.182559000000000233e+05 2.248966000000000058e+05 1.372520000000000000e+05 6.400476999999999680e+04 2.143697999999999956e+04 6.588167999999999665e+03 1.099333000000000084e+03
1.028243000000000000e+06 6.797335999999999767e+05 5.716665999999999767e+05 2.608732000000000116e+05 1.469818999999999942e+05 8.873769000000000233e+04 4.409573000000000320e+04 1.276154000000000087e+04 3.913813999999999851e+03 9.309593999999999596e+02
6.403756999999999534e+05 4.182559000000000233e+05 2.608732000000000116e+05 2.227236000000000058e+05 9.122366000000000349e+04 5.149237000000000262e+04 2.477638000000000102e+04 7.952929000000000087e+03 2.533119000000000142e+03 4.367547000000000139e+02
3.521807000000000116e+05 2.248966000000000058e+05 1.469818999999999942e+05 9.122366000000000349e+04 8.350050000000000000e+04 3.127654000000000087e+04 1.483328000000000065e+04 4.710072000000000116e+03 1.397321999999999889e+03 3.208253000000000270e+02
2.138902000000000116e+05 1.372520000000000000e+05 8.873769000000000233e+04 5.149237000000000262e+04 3.127654000000000087e+04 3.149120000000000073e+04 9.560279000000000451e+03 2.963443000000000211e+03 7.742485000000000355e+02 1.278592000000000013e+02
1.050333000000000029e+05 6.400476999999999680e+04 4.409573000000000320e+04 2.477638000000000102e+04 1.483328000000000065e+04 9.560279000000000451e+03 9.828384000000000015e+03 1.679291999999999916e+03 5.076198999999999728e+02 1.266584000000000003e+02
3.516161000000000058e+04 2.143697999999999956e+04 1.276154000000000087e+04 7.952929000000000087e+03 4.710072000000000116e+03 2.963443000000000211e+03 1.679291999999999916e+03 2.046712999999999965e+03 2.195625000000000000e+02 4.983997000000000099e+01
1.082795000000000073e+04 6.588167999999999665e+03 3.913813999999999851e+03 2.533119000000000142e+03 1.397321999999999889e+03 7.742485000000000355e+02 5.076198999999999728e+02 2.195625000000000000e+02 3.679811000000000263e+02 8.592560000000000642e+00
1.418317999999999984e+03 1.099333000000000084e+03 9.309593999999999596e+02 4.367547000000000139e+02 3.208253000000000270e+02 1.278592000000000013e+02 1.266584000000000003e+02 4.983997000000000099e+01 8.592560000000000642e+00 3.879907000000000039e+01
