1.799628000000000000e+06 9.295593000000000466e+05 5.983053000000000466e+05 3.383985999999999767e+05 1.981052999999999884e+05 9.268644000000000233e+04 3.789769999999999709e+04 1.143840999999999985e+04 3.720003000000000156e+03 1.259761000000000024e+02
9.295593000000000466e+05 6.943101999999999534e+05 3.656240999999999767e+05 2.045726000000000058e+05 1.225083000000000029e+05 5.493438999999999942e+04 2.293049000000000160e+04 6.094065999999999804e+03 2.361277999999999793e+03 1.074616000000000042e+02
5.983053000000000466e+05 3.656240999999999767e+05 3.086199000000000233e+05 1.384592000000000116e+05 8.159836000000000058e+04 3.507952999999999884e+04 1.439496999999999935e+04 4.032318000000000211e+03 1.224320999999999913e+03 9.459223000000000070e+01
3.383985999999999767e+05 2.045726000000000058e+05 1.384592000000000116e+05 1.176276999999999971e+05 4.630640000000000146e+04 2.115838000000000102e+04 8.651788000000000466e+03 2.476139000000000124e+03 7.283714999999999691e+02 3.926691000000000287e+01
1.981052999999999884e+05 1.225083000000000029e+05 8.159836000000000058e+04 4.630640000000000146e+04 4.537101999999999680e+04 1.277689999999999964e+04 5.330603000000000065e+03 9.620567999999999529e+02 3.904488000000000056e+02 -5.419083000000000094e-01
9.268644000000000233e+04 5.493438999999999942e+04 3.507952999999999884e+04 2.115838000000000102e+04 1.277689999999999964e+04 1.293854999999999927e+04 2.496123000000000047e+03 5.684851999999999634e+02 1.754261999999999944e+02 2.305643999999999849e+01
3.789769999999999709e+04 2.293049000000000160e+04 1.439496999999999935e+04 8.651788000000000466e+03 5.330603000000000065e+03 2.496123000000000047e+03 3.760757999999999811e+03 4.116591999999999985e+02 9.984757000000000460e+01 4.514603000000000144e+00
1.143840999999999985e+04 6.094065999999999804e+03 4.032318000000000211e+03 2.476139000000000124e+03 9.620567999999999529e+02 5.684851999999999634e+02 4.116591999999999985e+02 6.630131000000000085e+02 3.397062999999999988e+01 3.037024999999999864e+00
3.720003000000000156e+03 2.361277999999999793e+03 1.224320999999999913e+03 7.283714999999999691e+02 3.904488000000000056e+02 1.754261999999999944e+02 9.984757000000000460e+01 3.397062999999999988e+01 1.342197999999999922e+02 -4.405440999999999940e-01
1.259761000000000024e+02 1.074616000000000042e+02 9.459223000000000070e+01 3.926691000000000287e+01 -5.419083000000000094e-01 2.305643999999999849e+01 4.514603000000000144e+00 3.037024999999999864e+00 -4.405440999999999940e-01 9.785538000000000736e+00
