2.655719000000000000e+06 1.418414000000000000e+06 9.482395000000000000e+05 5.810735000000000000e+05 3.066764000000000233e+05 1.985996000000000058e+05 9.621716999999999825e+04 3.107054999999999927e+04 1.180382999999999993e+04 1.101269000000000005e+03
1.418414000000000000e+06 1.107388000000000000e+06 5.972584000000000233e+05 3.622322000000000116e+05 1.906592000000000116e+05 1.236148000000000029e+05 5.625456999999999971e+04 1.814504999999999927e+04 6.538828999999999724e+03 7.456345999999999776e+02
9.482395000000000000e+05 5.972584000000000233e+05 5.270195000000000000e+05 2.449127999999999884e+05 1.358718999999999942e+05 8.484669000000000233e+04 3.950869000000000233e+04 1.312896999999999935e+04 4.488108000000000175e+03 8.161177000000000135e+02
5.810735000000000000e+05 3.622322000000000116e+05 2.449127999999999884e+05 2.097145000000000000e+05 8.044864999999999418e+04 5.145995999999999913e+04 2.365463000000000102e+04 7.809770999999999731e+03 2.954514999999999873e+03 4.201659999999999968e+02
3.066764000000000233e+05 1.906592000000000116e+05 1.358718999999999942e+05 8.044864999999999418e+04 7.324983000000000175e+04 2.948372999999999956e+04 1.475807999999999993e+04 4.362485999999999876e+03 1.562925999999999931e+03 1.881981000000000108e+02
1.985996000000000058e+05 1.236148000000000029e+05 8.484669000000000233e+04 5.145995999999999913e+04 2.948372999999999956e+04 3.165704999999999927e+04 8.908342000000000553e+03 3.044858000000000175e+03 8.276693999999999960e+02 1.825392999999999972e+02
9.621716999999999825e+04 5.625456999999999971e+04 3.950869000000000233e+04 2.365463000000000102e+04 1.475807999999999993e+04 8.908342000000000553e+03 9.227112999999999374e+03 1.857251999999999953e+03 4.972690999999999804e+02 1.298415999999999997e+02
3.107054999999999927e+04 1.814504999999999927e+04 1.312896999999999935e+04 7.809770999999999731e+03 4.362485999999999876e+03 3.044858000000000175e+03 1.857251999999999953e+03 2.188458999999999833e+03 1.788218999999999994e+02 4.917329999999999757e+01
1.180382999999999993e+04 6.538828999999999724e+03 4.488108000000000175e+03 2.954514999999999873e+03 1.562925999999999931e+03 8.276693999999999960e+02 4.972690999999999804e+02 1.788218999999999994e+02 3.824703000000000088e+02 -1.676406999999999980e+00
1.101269000000000005e+03 7.456345999999999776e+02 8.161177000000000135e+02 4.201659999999999968e+02 1.881981000000000108e+02 1.825392999999999972e+02 1.298415999999999997e+02 4.917329999999999757e+01 -1.676406999999999980e+00 5.740133999999999759e+01
