-2.690476013283579215e-01 7.706729083870978991e-01 2.983910641704642930e-01 -3.894902331792649552e-01 -1.846758438157673765e-01 1.286624739797839756e-01 -1.375995710357402202e-01 1.527872577472571824e-01
7.593506804254095410e-01 3.686079566567866950e-01 -4.761766678851735435e-01 -8.718347681586774423e-03 -1.674187433710702111e-01 1.766677126316763824e-01 -3.813075684381264652e-02 1.373547070071253569e-04
1.828324873757285474e-01 -4.623210853003872356e-01 9.119649813212633849e-02 -7.904351484278586693e-01 -1.822215184160269619e-01 2.359911596353363172e-01 1.075971770058853499e-01 1.387562928498436154e-01
-5.321510133301791123e-01 -1.368941481790050645e-02 -7.906621082893388053e-01 -1.491614701345179705e-01 -2.480019988341897186e-01 -5.149970607953786167e-02 2.860781116934664817e-02 6.524237322815097662e-02
-5.676838267411901673e-02 1.398505193738855679e-01 1.485058044526827358e-03 1.227275166343011065e-01 1.414093662879987168e-01 2.893417940360700213e-01 8.953734521430506410e-01 2.382142581169782725e-01
1.607420481183096939e-01 2.062065024944668631e-02 1.158237918178565834e-01 -9.125148267601789279e-03 -4.415933694451729674e-01 -7.858001790023672051e-01 2.552388967952687326e-01 2.874105843086898204e-01
-2.367244191372974010e-02 9.239889076462419470e-02 5.552167877131237994e-02 -1.453359511788809566e-01 -2.254365959736236991e-01 -9.465468504511356795e-02 3.096825825154488898e-01 -9.005622659439355138e-01
6.903964888184870030e-02 1.665602670978502120e-01 -1.850815227591333656e-01 -4.060992862017915872e-01 7.598244219971485025e-01 -4.286377671804357248e-01 6.688070663871702182e-02 -5.275307904686052374e-02
