1.018315000000000000e+06 5.123920999999999767e+05 3.085902999999999884e+05 1.665228999999999942e+05 7.822830000000000291e+04 3.347730000000000291e+04 1.031387999999999920e+04 2.141746000000000095e+03 3.096283999999999992e+02 8.533691000000000315e+01
5.123920999999999767e+05 3.906850999999999767e+05 1.800413999999999942e+05 9.662825000000000000e+04 4.616605000000000291e+04 1.943943000000000029e+04 6.729673999999999978e+03 1.440337999999999965e+03 3.832889999999999873e+02 7.980280999999999381e+01
3.085902999999999884e+05 1.800413999999999942e+05 1.617972000000000116e+05 6.118086000000000058e+04 2.814983000000000175e+04 1.291915999999999985e+04 3.660025000000000091e+03 8.651195000000000164e+02 1.047480999999999938e+02 5.534091999999999700e+01
1.665228999999999942e+05 9.662825000000000000e+04 6.118086000000000058e+04 5.517451999999999680e+04 1.518679999999999927e+04 6.231773000000000138e+03 1.454497000000000071e+03 6.274284000000000106e+02 7.177361000000000502e+01 3.866456999999999766e+01
7.822830000000000291e+04 4.616605000000000291e+04 2.814983000000000175e+04 1.518679999999999927e+04 1.597845000000000073e+04 3.187137999999999920e+03 9.939298999999999751e+02 3.025330000000000155e+02 4.194915999999999912e+01 -3.820647999999999822e-01
3.347730000000000291e+04 1.943943000000000029e+04 1.291915999999999985e+04 6.231773000000000138e+03 3.187137999999999920e+03 4.650399000000000342e+03 5.105009999999999764e+02 1.142763999999999953e+02 5.614014000000000060e+00 9.824524000000000257e+00
1.031387999999999920e+04 6.729673999999999978e+03 3.660025000000000091e+03 1.454497000000000071e+03 9.939298999999999751e+02 5.105009999999999764e+02 8.797782999999999447e+02 4.441308999999999685e+01 1.247559000000000029e-01 2.713439999999999852e+00
2.141746000000000095e+03 1.440337999999999965e+03 8.651195000000000164e+02 6.274284000000000106e+02 3.025330000000000155e+02 1.142763999999999953e+02 4.441308999999999685e+01 1.931220999999999890e+02 4.865478999999999665e+00 2.807007000000000252e-01
3.096283999999999992e+02 3.832889999999999873e+02 1.047480999999999938e+02 7.177361000000000502e+01 4.194915999999999912e+01 5.614014000000000060e+00 1.247559000000000029e-01 4.865478999999999665e+00 4.213629000000000246e+01 5.691985999999999990e-01
8.533691000000000315e+01 7.980280999999999381e+01 5.534091999999999700e+01 3.866456999999999766e+01 -3.820647999999999822e-01 9.824524000000000257e+00 2.713439999999999852e+00 2.807007000000000252e-01 5.691985999999999990e-01 4.941501999999999839e+00
