1.836206000000000000e+06 9.726165000000000000e+05 6.042500000000000000e+05 3.525522999999999884e+05 2.115200000000000000e+05 8.650672999999999593e+04 3.442912000000000262e+04 9.667218000000000757e+03 8.137083999999999833e+02 2.616714999999999804e+02
9.726165000000000000e+05 7.419863000000000466e+05 3.803375000000000000e+05 2.196842000000000116e+05 1.303378000000000029e+05 5.346508000000000175e+04 2.218522999999999956e+04 6.237887999999999920e+03 7.747943000000000211e+02 1.978413999999999930e+02
6.042500000000000000e+05 3.803375000000000000e+05 3.228494000000000233e+05 1.395902000000000116e+05 8.734333999999999651e+04 3.369052999999999884e+04 1.443901000000000022e+04 3.767784999999999854e+03 5.541635999999999740e+02 2.181142000000000110e+02
3.525522999999999884e+05 2.196842000000000116e+05 1.395902000000000116e+05 1.226270000000000000e+05 4.984901999999999680e+04 2.012163000000000102e+04 7.611600999999999658e+03 2.390266000000000076e+03 2.383089999999999975e+02 8.080866000000000327e+01
2.115200000000000000e+05 1.303378000000000029e+05 8.734333999999999651e+04 4.984901999999999680e+04 4.931481999999999971e+04 1.232260000000000036e+04 5.247376000000000204e+03 1.626413000000000011e+03 7.865662000000000376e+01 9.055131000000000085e+01
8.650672999999999593e+04 5.346508000000000175e+04 3.369052999999999884e+04 2.012163000000000102e+04 1.232260000000000036e+04 1.248154000000000087e+04 2.162782999999999902e+03 6.828902000000000498e+02 8.772675999999999874e+01 6.799974000000000274e+01
3.442912000000000262e+04 2.218522999999999956e+04 1.443901000000000022e+04 7.611600999999999658e+03 5.247376000000000204e+03 2.162782999999999902e+03 3.281570000000000164e+03 2.099757999999999925e+02 3.997256000000000142e+01 1.430793999999999899e+00
9.667218000000000757e+03 6.237887999999999920e+03 3.767784999999999854e+03 2.390266000000000076e+03 1.626413000000000011e+03 6.828902000000000498e+02 2.099757999999999925e+02 5.842141000000000304e+02 -5.502902999999999878e+00 9.019458999999999449e+00
8.137083999999999833e+02 7.747943000000000211e+02 5.541635999999999740e+02 2.383089999999999975e+02 7.865662000000000376e+01 8.772675999999999874e+01 3.997256000000000142e+01 -5.502902999999999878e+00 1.209333000000000027e+02 -8.167609999999999593e-01
2.616714999999999804e+02 1.978413999999999930e+02 2.181142000000000110e+02 8.080866000000000327e+01 9.055131000000000085e+01 6.799974000000000274e+01 1.430793999999999899e+00 9.019458999999999449e+00 -8.167609999999999593e-01 1.640344999999999942e+01
