2.750900000000000000e+06 1.460399000000000000e+06 9.378600000000000000e+05 5.861440000000000000e+05 3.325867999999999884e+05 1.380412000000000116e+05 7.228530000000000291e+04 1.479565999999999985e+04 2.825007000000000062e+03 5.827872999999999593e+02
1.460399000000000000e+06 1.103554000000000000e+06 5.738048000000000466e+05 3.696717999999999884e+05 2.021612000000000116e+05 8.758297000000000116e+04 4.093363999999999942e+04 8.799416999999999462e+03 1.679428000000000111e+03 2.958682999999999765e+02
9.378600000000000000e+05 5.738048000000000466e+05 4.656385999999999767e+05 2.323482000000000116e+05 1.307840000000000000e+05 5.596676000000000204e+04 2.804529999999999927e+04 5.831306999999999789e+03 9.869124000000000478e+02 1.968803000000000054e+02
5.861440000000000000e+05 3.696717999999999884e+05 2.323482000000000116e+05 2.073331000000000058e+05 8.549211999999999534e+04 3.829491000000000349e+04 1.773452999999999884e+04 3.943431000000000040e+03 4.958344000000000165e+02 1.551534000000000049e+02
3.325867999999999884e+05 2.021612000000000116e+05 1.307840000000000000e+05 8.549211999999999534e+04 7.174157000000000698e+04 2.094565000000000146e+04 1.007137999999999920e+04 2.078291999999999916e+03 3.277803999999999860e+02 1.044284999999999997e+02
1.380412000000000116e+05 8.758297000000000116e+04 5.596676000000000204e+04 3.829491000000000349e+04 2.094565000000000146e+04 1.961299000000000160e+04 4.746289999999999964e+03 1.195294000000000096e+03 2.413791999999999973e+02 8.186713000000000306e+01
7.228530000000000291e+04 4.093363999999999942e+04 2.804529999999999927e+04 1.773452999999999884e+04 1.007137999999999920e+04 4.746289999999999964e+03 5.484984999999999673e+03 5.533390000000000555e+02 4.614406999999999925e+01 3.877568000000000126e+01
1.479565999999999985e+04 8.799416999999999462e+03 5.831306999999999789e+03 3.943431000000000040e+03 2.078291999999999916e+03 1.195294000000000096e+03 5.533390000000000555e+02 9.095872000000000526e+02 1.511885000000000012e+01 4.962944000000000244e+00
2.825007000000000062e+03 1.679428000000000111e+03 9.869124000000000478e+02 4.958344000000000165e+02 3.277803999999999860e+02 2.413791999999999973e+02 4.614406999999999925e+01 1.511885000000000012e+01 1.405296999999999912e+02 -1.040931999999999968e+00
5.827872999999999593e+02 2.958682999999999765e+02 1.968803000000000054e+02 1.551534000000000049e+02 1.044284999999999997e+02 8.186713000000000306e+01 3.877568000000000126e+01 4.962944000000000244e+00 -1.040931999999999968e+00 1.453210999999999942e+01
