2.425572000000000000e+06 1.338988000000000000e+06 8.417028000000000466e+05 5.366971999999999534e+05 2.986235999999999767e+05 1.237788000000000029e+05 6.468540000000000146e+04 1.699220000000000073e+04 2.176101000000000113e+03 7.737124000000000024e+02
1.338988000000000000e+06 1.017804000000000000e+06 5.250178000000000466e+05 3.445500000000000000e+05 1.850762999999999884e+05 7.855599000000000524e+04 3.802359999999999854e+04 1.129342000000000007e+04 1.264845000000000027e+03 3.272463000000000193e+02
8.417028000000000466e+05 5.250178000000000466e+05 4.412822000000000116e+05 2.180197999999999884e+05 1.211971999999999971e+05 5.163143000000000029e+04 2.604331000000000131e+04 7.594140999999999622e+03 8.485503999999999678e+02 2.989501000000000204e+02
5.366971999999999534e+05 3.445500000000000000e+05 2.180197999999999884e+05 1.937917000000000116e+05 7.911921000000000640e+04 3.462562000000000262e+04 1.625621999999999935e+04 4.967863999999999578e+03 4.434134999999999991e+02 2.131297999999999888e+02
2.986235999999999767e+05 1.850762999999999884e+05 1.211971999999999971e+05 7.911921000000000640e+04 6.761686000000000058e+04 1.913859999999999854e+04 9.340174999999999272e+03 2.633842000000000098e+03 1.602644999999999982e+02 1.206935000000000002e+02
1.237788000000000029e+05 7.855599000000000524e+04 5.163143000000000029e+04 3.462562000000000262e+04 1.913859999999999854e+04 1.853359999999999854e+04 4.536489999999999782e+03 1.372823000000000093e+03 2.216210000000000093e+02 1.004791000000000025e+02
6.468540000000000146e+04 3.802359999999999854e+04 2.604331000000000131e+04 1.625621999999999935e+04 9.340174999999999272e+03 4.536489999999999782e+03 5.502201000000000022e+03 6.593736999999999853e+02 5.261578000000000088e+01 4.187118999999999858e+01
1.699220000000000073e+04 1.129342000000000007e+04 7.594140999999999622e+03 4.967863999999999578e+03 2.633842000000000098e+03 1.372823000000000093e+03 6.593736999999999853e+02 1.058006000000000085e+03 8.210494999999999877e+00 1.084985999999999962e+01
2.176101000000000113e+03 1.264845000000000027e+03 8.485503999999999678e+02 4.434134999999999991e+02 1.602644999999999982e+02 2.216210000000000093e+02 5.261578000000000088e+01 8.210494999999999877e+00 1.541671000000000049e+02 -2.916167999999999871e+00
7.737124000000000024e+02 3.272463000000000193e+02 2.989501000000000204e+02 2.131297999999999888e+02 1.206935000000000002e+02 1.004791000000000025e+02 4.187118999999999858e+01 1.084985999999999962e+01 -2.916167999999999871e+00 2.662757999999999825e+01
