6.574808000000000175e+04 2.239561000000000058e+04 1.281314999999999964e+04 7.453382999999999811e+03 3.419405999999999949e+03 1.431343000000000075e+03 7.185937999999999874e+02 1.420851999999999862e+02 1.466739000000000033e+02 3.183614000000000033e+01
2.239561000000000058e+04 2.630002999999999884e+04 6.859887999999999920e+03 3.787338000000000193e+03 2.011096000000000004e+03 7.269836000000000240e+02 2.764590000000000032e+02 1.508609999999999900e+02 6.905236999999999625e+01 9.668578999999999368e+00
1.281314999999999964e+04 6.859887999999999920e+03 1.183352000000000044e+04 2.670679999999999836e+03 9.424486000000000558e+02 3.237998999999999796e+02 2.515078000000000031e+02 5.797639000000000209e+01 5.078343000000000274e+01 1.566465999999999958e+01
7.453382999999999811e+03 3.787338000000000193e+03 2.670679999999999836e+03 5.002086000000000240e+03 5.937287000000000035e+02 2.505877000000000123e+02 1.826425999999999874e+02 4.087313999999999936e+01 2.579326999999999970e+01 1.656134000000000128e+01
3.419405999999999949e+03 2.011096000000000004e+03 9.424486000000000558e+02 5.937287000000000035e+02 1.707250999999999976e+03 5.564695999999999998e+01 2.744629000000000119e+01 7.007770999999999972e+00 2.481472000000000122e+01 4.136435999999999780e+00
1.431343000000000075e+03 7.269836000000000240e+02 3.237998999999999796e+02 2.505877000000000123e+02 5.564695999999999998e+01 6.743191000000000486e+02 4.990234000000000059e-01 2.055158000000000129e+01 8.580864000000000047e+00 -1.742682999999999982e+00
7.185937999999999874e+02 2.764590000000000032e+02 2.515078000000000031e+02 1.826425999999999874e+02 2.744629000000000119e+01 4.990234000000000059e-01 2.834452999999999747e+02 6.487305000000000099e+00 5.988280999999999743e+00 0.000000000000000000e+00
1.420851999999999862e+02 1.508609999999999900e+02 5.797639000000000209e+01 4.087313999999999936e+01 7.007770999999999972e+00 2.055158000000000129e+01 6.487305000000000099e+00 7.926479999999999393e+01 -1.306038000000000032e+00 -9.005813999999999764e-01
1.466739000000000033e+02 6.905236999999999625e+01 5.078343000000000274e+01 2.579326999999999970e+01 2.481472000000000122e+01 8.580864000000000047e+00 5.988280999999999743e+00 -1.306038000000000032e+00 2.101357000000000141e+01 7.407378999999999492e-01
3.183614000000000033e+01 9.668578999999999368e+00 1.566465999999999958e+01 1.656134000000000128e+01 4.136435999999999780e+00 -1.742682999999999982e+00 0.000000000000000000e+00 -9.005813999999999764e-01 7.407378999999999492e-01 5.918105999999999867e+00
