3.508476000000000113e+03 5.162260999999999740e+02 2.398685000000000116e+02 7.042273000000000138e+01 1.485374000000000017e+01 1.537616000000000049e+01 3.150084999999999980e+01 1.012082000000000015e+01 1.534301999999999921e+01
5.162260999999999740e+02 1.573980000000000018e+03 6.077754999999999797e+01 5.316353999999999758e+01 1.377773000000000003e+01 7.329406999999999783e+00 2.089660999999999902e+01 3.228057999999999872e+00 1.093368000000000073e+01
2.398685000000000116e+02 6.077754999999999797e+01 7.884083000000000538e+02 1.396681000000000061e+01 1.337227000000000032e+01 7.204651000000000138e+00 7.672484999999999999e+00 2.916167999999999871e+00 -5.672492999999999563e-01
7.042273000000000138e+01 5.316353999999999758e+01 1.396681000000000061e+01 4.044877000000000180e+02 2.495897000000000077e+01 -7.079894999999999605e+00 6.549682999999999922e+00 -2.604279000000000011e+00 -1.904476000000000058e+00
1.485374000000000017e+01 1.377773000000000003e+01 1.337227000000000032e+01 2.495897000000000077e+01 1.831103999999999985e+02 3.742675999999999781e-01 -1.247559000000000085e+00 -5.614014000000000504e-01 -2.417144999999999988e-01
1.537616000000000049e+01 7.329406999999999783e+00 7.204651000000000138e+00 -7.079894999999999605e+00 3.742675999999999781e-01 8.134081999999999368e+01 -1.996094000000000035e+00 7.485351999999999562e-01 1.902527000000000079e+00
3.150084999999999980e+01 2.089660999999999902e+01 7.672484999999999999e+00 6.549682999999999922e+00 -1.247559000000000085e+00 -1.996094000000000035e+00 3.393359000000000236e+01 -4.990234000000000059e-01 5.614014000000000504e-01
1.012082000000000015e+01 3.228057999999999872e+00 2.916167999999999871e+00 -2.604279000000000011e+00 -5.614014000000000504e-01 7.485351999999999562e-01 -4.990234000000000059e-01 7.859619000000000355e+00 -1.091614000000000057e-01
1.534301999999999921e+01 1.093368000000000073e+01 -5.672492999999999563e-01 -1.904476000000000058e+00 -2.417144999999999988e-01 1.902527000000000079e+00 5.614014000000000504e-01 -1.091614000000000057e-01 6.890812000000000381e+00
