7.711025000000000000e+05 3.997619000000000233e+05 2.126023999999999942e+05 1.150158000000000029e+05 5.158187000000000262e+04 2.142715999999999985e+04 6.227376000000000204e+03 1.219988000000000056e+03 8.240125000000000455e+01 1.084128000000000043e+02
3.997619000000000233e+05 3.256679000000000233e+05 1.371016000000000058e+05 7.448378999999999360e+04 3.085874000000000160e+04 1.516944000000000051e+04 3.838838999999999942e+03 8.580552000000000135e+02 2.664551000000000158e+02 9.258444000000000074e+01
2.126023999999999942e+05 1.371016000000000058e+05 1.176073000000000029e+05 4.139437000000000262e+04 1.844097000000000116e+04 7.174927999999999884e+03 1.748391000000000076e+03 7.094865999999999531e+02 4.971520999999999901e+01 4.403882000000000119e+01
1.150158000000000029e+05 7.448378999999999360e+04 4.139437000000000262e+04 3.789855000000000291e+04 9.246109000000000378e+03 4.159632999999999811e+03 8.322618999999999687e+02 3.089891000000000076e+02 3.307589999999999719e+01 2.036638999999999911e+01
5.158187000000000262e+04 3.085874000000000160e+04 1.844097000000000116e+04 9.246109000000000378e+03 1.093907999999999993e+04 1.809026000000000067e+03 5.247464999999999691e+02 1.197811999999999983e+02 -8.498993000000000242e-01 4.834289999999999976e-01
2.142715999999999985e+04 1.516944000000000051e+04 7.174927999999999884e+03 4.159632999999999811e+03 1.809026000000000067e+03 3.428601000000000113e+03 2.451958999999999946e+02 6.873268000000000200e+01 1.945022000000000162e+01 1.136058000000000057e+01
6.227376000000000204e+03 3.838838999999999942e+03 1.748391000000000076e+03 8.322618999999999687e+02 5.247464999999999691e+02 2.451958999999999946e+02 6.596387999999999465e+02 2.440536000000000172e+01 -1.949309999999999932e-01 -9.512633999999999812e-01
1.219988000000000056e+03 8.580552000000000135e+02 7.094865999999999531e+02 3.089891000000000076e+02 1.197811999999999983e+02 6.873268000000000200e+01 2.440536000000000172e+01 1.317110000000000127e+02 2.697845000000000049e+00 3.118896000000000168e-02
8.240125000000000455e+01 2.664551000000000158e+02 4.971520999999999901e+01 3.307589999999999719e+01 -8.498993000000000242e-01 1.945022000000000162e+01 -1.949309999999999932e-01 2.697845000000000049e+00 2.463147999999999982e+01 7.953185999999999867e-01
1.084128000000000043e+02 9.258444000000000074e+01 4.403882000000000119e+01 2.036638999999999911e+01 4.834289999999999976e-01 1.136058000000000057e+01 -9.512633999999999812e-01 3.118896000000000168e-02 7.953185999999999867e-01 3.960999000000000159e+00
