2.135153000000000000e+06 1.146125000000000000e+06 7.293539000000000233e+05 4.382737000000000116e+05 2.601657999999999884e+05 1.054683999999999942e+05 4.667144999999999709e+04 1.479846999999999935e+04 2.257786999999999807e+03 3.693378000000000156e+02
1.146125000000000000e+06 8.909583000000000466e+05 4.561190000000000000e+05 2.743975999999999767e+05 1.571455000000000000e+05 6.619461000000000058e+04 2.980779000000000087e+04 9.456465000000000146e+03 1.333977000000000089e+03 2.118257000000000119e+02
7.293539000000000233e+05 4.561190000000000000e+05 3.830754000000000233e+05 1.766176000000000058e+05 1.045235000000000000e+05 4.317866000000000349e+04 2.114845999999999913e+04 5.926770999999999731e+03 8.686925999999999704e+02 1.440911000000000115e+02
4.382737000000000116e+05 2.743975999999999767e+05 1.766176000000000058e+05 1.500300000000000000e+05 6.429266000000000349e+04 2.735938000000000102e+04 1.100355999999999949e+04 3.871637999999999920e+03 6.291242999999999483e+02 6.610890999999999451e+01
2.601657999999999884e+05 1.571455000000000000e+05 1.045235000000000000e+05 6.429266000000000349e+04 6.015906999999999971e+04 1.507446999999999935e+04 7.342407000000000153e+03 2.059974999999999909e+03 1.741416000000000111e+02 9.057470000000000709e+01
1.054683999999999942e+05 6.619461000000000058e+04 4.317866000000000349e+04 2.735938000000000102e+04 1.507446999999999935e+04 1.648188000000000102e+04 3.274987999999999829e+03 1.248130000000000109e+03 1.634633000000000038e+02 9.492167000000000598e+01
4.667144999999999709e+04 2.980779000000000087e+04 2.114845999999999913e+04 1.100355999999999949e+04 7.342407000000000153e+03 3.274987999999999829e+03 4.272012999999999920e+03 4.688032999999999788e+02 7.319464999999999577e+01 1.346388999999999925e+01
1.479846999999999935e+04 9.456465000000000146e+03 5.926770999999999731e+03 3.871637999999999920e+03 2.059974999999999909e+03 1.248130000000000109e+03 4.688032999999999788e+02 8.041118999999999915e+02 -1.253212000000000081e+01 9.959025999999999712e+00
2.257786999999999807e+03 1.333977000000000089e+03 8.686925999999999704e+02 6.291242999999999483e+02 1.741416000000000111e+02 1.634633000000000038e+02 7.319464999999999577e+01 -1.253212000000000081e+01 1.398961999999999932e+02 -3.428837000000000135e+00
3.693378000000000156e+02 2.118257000000000119e+02 1.440911000000000115e+02 6.610890999999999451e+01 9.057470000000000709e+01 9.492167000000000598e+01 1.346388999999999925e+01 9.959025999999999712e+00 -3.428837000000000135e+00 3.151450000000000173e+01
