1.245293000000000000e+06 6.446696999999999534e+05 3.930235999999999767e+05 2.249366000000000058e+05 1.116888999999999942e+05 5.027248000000000320e+04 1.779195999999999913e+04 3.678413000000000011e+03 1.073086000000000013e+03 1.026213999999999942e+02
6.446696999999999534e+05 5.016352000000000116e+05 2.407956000000000058e+05 1.369652999999999884e+05 7.042053999999999360e+04 2.952465000000000146e+04 1.169367000000000007e+04 2.089704000000000178e+03 6.028085999999999558e+02 7.042077999999999349e+01
3.930235999999999767e+05 2.407956000000000058e+05 2.024970000000000000e+05 8.704913000000000466e+04 4.103350000000000000e+04 1.907122000000000116e+04 6.812195999999999913e+03 1.292973999999999933e+03 5.168283999999999878e+02 3.123965000000000103e+01
2.249366000000000058e+05 1.369652999999999884e+05 8.704913000000000466e+04 7.722958000000000175e+04 2.407336999999999898e+04 1.151915999999999985e+04 3.544056999999999789e+03 8.059930000000000518e+02 2.281707000000000107e+02 4.782048000000000343e+01
1.116888999999999942e+05 7.042053999999999360e+04 4.103350000000000000e+04 2.407336999999999898e+04 2.405922000000000116e+04 5.403465000000000146e+03 1.842671000000000049e+03 4.738267000000000166e+02 1.243465000000000060e+02 -3.442482000000000042e+00
5.027248000000000320e+04 2.952465000000000146e+04 1.907122000000000116e+04 1.151915999999999985e+04 5.403465000000000146e+03 7.215372000000000298e+03 1.115711000000000013e+03 2.242604000000000042e+02 7.368783000000000527e+01 1.431184000000000012e+01
1.779195999999999913e+04 1.169367000000000007e+04 6.812195999999999913e+03 3.544056999999999789e+03 1.842671000000000049e+03 1.115711000000000013e+03 1.532202999999999975e+03 4.772106999999999744e+01 4.077761999999999887e+01 3.456126999999999949e+00
3.678413000000000011e+03 2.089704000000000178e+03 1.292973999999999933e+03 8.059930000000000518e+02 4.738267000000000166e+02 2.242604000000000042e+02 4.772106999999999744e+01 3.214159000000000219e+02 5.896664000000000350e+00 2.703692999999999902e+00
1.073086000000000013e+03 6.028085999999999558e+02 5.168283999999999878e+02 2.281707000000000107e+02 1.243465000000000060e+02 7.368783000000000527e+01 4.077761999999999887e+01 5.896664000000000350e+00 7.586521000000000470e+01 -3.177376000000000089e-01
1.026213999999999942e+02 7.042077999999999349e+01 3.123965000000000103e+01 4.782048000000000343e+01 -3.442482000000000042e+00 1.431184000000000012e+01 3.456126999999999949e+00 2.703692999999999902e+00 -3.177376000000000089e-01 8.824528000000000816e+00
