1.456671000000000000e+06 7.654480999999999767e+05 4.787334000000000233e+05 2.877575000000000000e+05 1.570220000000000000e+05 6.223783000000000175e+04 2.550422999999999956e+04 6.536201000000000022e+03 1.124596000000000004e+03 5.286140000000000327e+02
7.654480999999999767e+05 5.944865999999999767e+05 3.012392999999999884e+05 1.821653999999999942e+05 9.845955000000000291e+04 4.109894999999999709e+04 1.708741999999999825e+04 4.503694000000000415e+03 7.966440999999999804e+02 2.763107999999999720e+02
4.787334000000000233e+05 3.012392999999999884e+05 2.664647999999999884e+05 1.152598000000000029e+05 6.406981999999999971e+04 2.479379000000000087e+04 1.143206999999999971e+04 2.736952999999999975e+03 6.218066000000000031e+02 2.389191999999999894e+02
2.877575000000000000e+05 1.821653999999999942e+05 1.152598000000000029e+05 1.029986999999999971e+05 3.784701000000000204e+04 1.565988999999999942e+04 6.484391999999999825e+03 1.375720000000000027e+03 3.445405999999999835e+02 1.719584000000000117e+02
1.570220000000000000e+05 9.845955000000000291e+04 6.406981999999999971e+04 3.784701000000000204e+04 3.681131999999999971e+04 9.369694999999999709e+03 3.543833999999999833e+03 1.004352999999999952e+03 2.013831999999999880e+02 9.788461999999999819e+01
6.223783000000000175e+04 4.109894999999999709e+04 2.479379000000000087e+04 1.565988999999999942e+04 9.369694999999999709e+03 8.969945999999999913e+03 1.790682999999999993e+03 3.958815000000000168e+02 9.986706999999999823e+01 2.747747999999999990e+01
2.550422999999999956e+04 1.708741999999999825e+04 1.143206999999999971e+04 6.484391999999999825e+03 3.543833999999999833e+03 1.790682999999999993e+03 2.705074000000000069e+03 1.367675000000000125e+02 5.081461999999999790e+01 1.804671000000000092e+01
6.536201000000000022e+03 4.503694000000000415e+03 2.736952999999999975e+03 1.375720000000000027e+03 1.004352999999999952e+03 3.958815000000000168e+02 1.367675000000000125e+02 4.458754999999999882e+02 7.933692999999999884e+00 1.039176999999999929e+01
1.124596000000000004e+03 7.966440999999999804e+02 6.218066000000000031e+02 3.445405999999999835e+02 2.013831999999999880e+02 9.986706999999999823e+01 5.081461999999999790e+01 7.933692999999999884e+00 1.034771999999999963e+02 -7.836227000000000054e-01
5.286140000000000327e+02 2.763107999999999720e+02 2.389191999999999894e+02 1.719584000000000117e+02 9.788461999999999819e+01 2.747747999999999990e+01 1.804671000000000092e+01 1.039176999999999929e+01 -7.836227000000000054e-01 1.825919000000000025e+01
