3.145640999999999963e+02 2.562952999999999903e+01 3.146186999999999845e+00 1.173094999999999999e+01 2.085761999999999894e+00 -5.730971999999999733e-01 -1.146193999999999935e+00 1.699799000000000060e+00 4.249495999999999829e-01
2.562952999999999903e+01 1.698472999999999900e+02 -2.093558999999999948e+00 9.984367000000000658e+00 8.382034000000000429e-01 -3.235855000000000259e-01 3.508759000000000183e-01 -2.962951999999999808e-01 -3.235855000000000259e-01
3.146186999999999845e+00 -2.093558999999999948e+00 1.036546000000000021e+02 1.842098000000000013e+00 2.321629000000000165e+00 -1.929817000000000060e-01 -3.859634000000000120e-01 2.261199999999999877e-01 8.050652000000000363e-01
1.173094999999999999e+01 9.984367000000000658e+00 1.842098000000000013e+00 3.425912999999999897e+01 6.257285999999999682e-01 9.259224000000000343e-01 -1.442489999999999883e-01 1.707595999999999892e+00 -7.212448000000000470e-02
2.085761999999999894e+00 8.382034000000000429e-01 2.321629000000000165e+00 6.257285999999999682e-01 1.825919000000000025e+01 -3.703689999999999760e-02 -7.407379000000000047e-02 -1.481475999999999904e-01 -3.703689999999999760e-02
-5.730971999999999733e-01 -3.235855000000000259e-01 -1.929817000000000060e-01 9.259224000000000343e-01 -3.703689999999999760e-02 9.960976000000000274e-01 -3.898621000000000118e-03 -7.797240999999999894e-03 -1.949310000000000105e-03
-1.146193999999999935e+00 3.508759000000000183e-01 -3.859634000000000120e-01 -1.442489999999999883e-01 -7.407379000000000047e-02 -3.898621000000000118e-03 1.988296999999999981e+00 -1.559448000000000084e-02 -3.898621000000000118e-03
1.699799000000000060e+00 -2.962951999999999808e-01 2.261199999999999877e-01 1.707595999999999892e+00 -1.481475999999999904e-01 -7.797240999999999894e-03 -1.559448000000000084e-02 5.957092000000000276e+00 -7.797240999999999894e-03
4.249495999999999829e-01 -3.235855000000000259e-01 8.050652000000000363e-01 -7.212448000000000470e-02 -3.703689999999999760e-02 -1.949310000000000105e-03 -3.898621000000000118e-03 -7.797240999999999894e-03 9.960976000000000274e-01
