2.126134000000000000e+06 1.133687000000000000e+06 6.801360999999999767e+05 3.901350000000000000e+05 2.167661000000000058e+05 9.776211999999999534e+04 4.131456999999999971e+04 1.227570000000000073e+04 3.461797999999999774e+03 4.700917999999999779e+02
1.133687000000000000e+06 8.434731999999999534e+05 4.204202000000000116e+05 2.424151000000000058e+05 1.356802000000000116e+05 6.175798999999999796e+04 2.726166999999999825e+04 7.795400999999999840e+03 2.465547999999999774e+03 5.321811999999999898e+02
6.801360999999999767e+05 4.204202000000000116e+05 3.285042000000000116e+05 1.489592999999999884e+05 8.387978999999999360e+04 3.637981999999999971e+04 1.555317000000000007e+04 6.246369999999999891e+03 1.228519999999999982e+03 2.933595000000000255e+02
3.901350000000000000e+05 2.424151000000000058e+05 1.489592999999999884e+05 1.216718999999999942e+05 4.662148000000000320e+04 2.326838000000000102e+04 9.456852999999999156e+03 3.269695000000000164e+03 7.889112000000000080e+02 1.650481000000000051e+02
2.167661000000000058e+05 1.356802000000000116e+05 8.387978999999999360e+04 4.662148000000000320e+04 4.493259999999999854e+04 1.137007999999999993e+04 5.996904999999999745e+03 1.806371000000000095e+03 3.950219000000000165e+02 7.398412000000000432e+01
9.776211999999999534e+04 6.175798999999999796e+04 3.637981999999999971e+04 2.326838000000000102e+04 1.137007999999999993e+04 1.161737000000000080e+04 2.445916999999999916e+03 7.730185000000000173e+02 2.376968999999999994e+02 4.518110999999999677e+01
4.131456999999999971e+04 2.726166999999999825e+04 1.555317000000000007e+04 9.456852999999999156e+03 5.996904999999999745e+03 2.445916999999999916e+03 3.283449000000000069e+03 2.961703999999999724e+02 1.152900000000000063e+02 3.514996000000000009e+01
1.227570000000000073e+04 7.795400999999999840e+03 6.246369999999999891e+03 3.269695000000000164e+03 1.806371000000000095e+03 7.730185000000000173e+02 2.961703999999999724e+02 7.360596000000000458e+02 5.255340999999999951e+01 1.316173999999999999e+01
3.461797999999999774e+03 2.465547999999999774e+03 1.228519999999999982e+03 7.889112000000000080e+02 3.950219000000000165e+02 2.376968999999999994e+02 1.152900000000000063e+02 5.255340999999999951e+01 1.187032999999999987e+02 6.085746999999999574e+00
4.700917999999999779e+02 5.321811999999999898e+02 2.933595000000000255e+02 1.650481000000000051e+02 7.398412000000000432e+01 4.518110999999999677e+01 3.514996000000000009e+01 1.316173999999999999e+01 6.085746999999999574e+00 2.132545000000000002e+01
