1.178676000000000000e+06 6.145315000000000000e+05 3.921972000000000116e+05 2.206695000000000000e+05 1.128105000000000000e+05 5.812812000000000262e+04 2.366511999999999898e+04 6.232850000000000364e+03 1.880067000000000007e+03 5.558614000000000033e+02
6.145315000000000000e+05 4.864047999999999884e+05 2.400562999999999884e+05 1.367790000000000000e+05 7.327788999999999942e+04 3.482855999999999767e+04 1.561670000000000073e+04 4.341659999999999854e+03 1.071472999999999956e+03 2.354533000000000129e+02
3.921972000000000116e+05 2.400562999999999884e+05 2.037201000000000058e+05 8.853591000000000349e+04 4.529533999999999651e+04 2.365354000000000087e+04 9.393734000000000378e+03 3.019014000000000124e+03 6.525628000000000384e+02 2.337105999999999995e+02
2.206695000000000000e+05 1.367790000000000000e+05 8.853591000000000349e+04 7.498913000000000466e+04 2.596016999999999825e+04 1.355030999999999949e+04 5.976492000000000189e+03 1.525888999999999896e+03 3.716164999999999736e+02 1.032667000000000002e+02
1.128105000000000000e+05 7.327788999999999942e+04 4.529533999999999651e+04 2.596016999999999825e+04 2.535600000000000000e+04 6.591371000000000095e+03 2.929563999999999851e+03 9.136807000000000016e+02 2.120459999999999923e+02 3.442481999999999687e+01
5.812812000000000262e+04 3.482855999999999767e+04 2.365354000000000087e+04 1.355030999999999949e+04 6.591371000000000095e+03 8.466975000000000364e+03 1.350739000000000033e+03 4.352264000000000124e+02 1.012121000000000066e+02 4.000374999999999659e+01
2.366511999999999898e+04 1.561670000000000073e+04 9.393734000000000378e+03 5.976492000000000189e+03 2.929563999999999851e+03 1.350739000000000033e+03 2.323670999999999822e+03 2.137692000000000121e+02 4.314992999999999768e+01 2.200381000000000142e+01
6.232850000000000364e+03 4.341659999999999854e+03 3.019014000000000124e+03 1.525888999999999896e+03 9.136807000000000016e+02 4.352264000000000124e+02 2.137692000000000121e+02 5.388206000000000131e+02 8.826477000000000572e+00 2.092780000000000129e+01
1.880067000000000007e+03 1.071472999999999956e+03 6.525628000000000384e+02 3.716164999999999736e+02 2.120459999999999923e+02 1.012121000000000066e+02 4.314992999999999768e+01 8.826477000000000572e+00 8.800745999999999469e+01 2.830398999999999887e+00
5.558614000000000033e+02 2.354533000000000129e+02 2.337105999999999995e+02 1.032667000000000002e+02 3.442481999999999687e+01 4.000374999999999659e+01 2.200381000000000142e+01 2.092780000000000129e+01 2.830398999999999887e+00 1.932936000000000121e+01
