3.399142000000000116e+05 1.551451000000000058e+05 8.146227000000000407e+04 4.558970999999999913e+04 2.084713000000000102e+04 8.686466000000000349e+03 3.165208000000000084e+03 8.682773999999999432e+02 1.386311000000000035e+02 7.125508999999999560e+01
1.551451000000000058e+05 1.327732999999999884e+05 4.932820999999999913e+04 2.697597000000000116e+04 1.280712999999999920e+04 5.329168999999999869e+03 1.988768000000000029e+03 5.403410000000000082e+02 1.139372000000000043e+02 6.666250999999999749e+01
8.146227000000000407e+04 4.932820999999999913e+04 4.430826000000000204e+04 1.504714999999999964e+04 6.767666000000000167e+03 2.844389000000000124e+03 1.340862000000000080e+03 2.785914999999999964e+02 5.263333000000000084e+01 4.028640000000000043e+01
4.558970999999999913e+04 2.697597000000000116e+04 1.504714999999999964e+04 1.552930999999999949e+04 3.585253000000000156e+03 1.738232999999999947e+03 7.475779999999999745e+02 1.692586000000000013e+02 4.819669999999999987e+01 1.038397999999999932e+01
2.084713000000000102e+04 1.280712999999999920e+04 6.767666000000000167e+03 3.585253000000000156e+03 5.215784999999999854e+03 8.064180000000000064e+02 3.307862999999999829e+02 8.350065999999999633e+01 -3.060417000000000165e+00 1.795315000000000083e+01
8.686466000000000349e+03 5.329168999999999869e+03 2.844389000000000124e+03 1.738232999999999947e+03 8.064180000000000064e+02 1.684701000000000022e+03 1.444341000000000008e+02 4.474446999999999974e+01 7.452213000000000420e+00 8.477551000000000059e+00
3.165208000000000084e+03 1.988768000000000029e+03 1.340862000000000080e+03 7.475779999999999745e+02 3.307862999999999829e+02 1.444341000000000008e+02 4.819923000000000002e+02 1.162179000000000073e+01 2.680302000000000184e+00 9.631541999999999604e+00
8.682773999999999432e+02 5.403410000000000082e+02 2.785914999999999964e+02 1.692586000000000013e+02 8.350065999999999633e+01 4.474446999999999974e+01 1.162179000000000073e+01 9.536805999999999983e+01 1.142295999999999978e+00 4.951247999999999760e-01
1.386311000000000035e+02 1.139372000000000043e+02 5.263333000000000084e+01 4.819669999999999987e+01 -3.060417000000000165e+00 7.452213000000000420e+00 2.680302000000000184e+00 1.142295999999999978e+00 1.640344999999999942e+01 -9.941482999999999570e-02
7.125508999999999560e+01 6.666250999999999749e+01 4.028640000000000043e+01 1.038397999999999932e+01 1.795315000000000083e+01 8.477551000000000059e+00 9.631541999999999604e+00 4.951247999999999760e-01 -9.941482999999999570e-02 2.976596999999999937e+00
