5.057077999999999884e+05 2.340268999999999942e+05 1.317907999999999884e+05 6.792436000000000058e+04 3.292141999999999825e+04 1.377726000000000022e+04 3.733782999999999902e+03 1.427183999999999969e+03 3.045991999999999962e+02 -2.397652000000000116e-01
2.340268999999999942e+05 1.953198999999999942e+05 7.986711000000000058e+04 4.304441000000000349e+04 2.036045000000000073e+04 8.459823000000000320e+03 2.537467999999999847e+03 8.768232000000000426e+02 1.941279000000000110e+02 1.823969999999999914e+01
1.317907999999999884e+05 7.986711000000000058e+04 7.170719000000000233e+04 2.242131999999999971e+04 1.127973999999999978e+04 4.460930000000000291e+03 1.676372000000000071e+03 5.343060000000000400e+02 1.517733000000000061e+02 1.407596999999999987e+01
6.792436000000000058e+04 4.304441000000000349e+04 2.242131999999999971e+04 2.238229000000000087e+04 5.687317000000000007e+03 2.661842000000000098e+03 8.219032999999999447e+02 3.006693999999999960e+02 7.470537000000000205e+01 3.385952000000000073e+00
3.292141999999999825e+04 2.036045000000000073e+04 1.127973999999999978e+04 5.687317000000000007e+03 7.372305000000000291e+03 1.350540999999999940e+03 4.291641000000000190e+02 1.747439999999999998e+02 3.355152999999999963e+01 5.370350000000000179e+00
1.377726000000000022e+04 8.459823000000000320e+03 4.460930000000000291e+03 2.661842000000000098e+03 1.350540999999999940e+03 2.127141999999999825e+03 1.817146999999999935e+02 7.040909000000000617e+01 1.507986000000000004e+01 3.847939000000000220e+00
3.733782999999999902e+03 2.537467999999999847e+03 1.676372000000000071e+03 8.219032999999999447e+02 4.291641000000000190e+02 1.817146999999999935e+02 5.534715999999999667e+02 3.214023000000000252e+01 1.461203000000000074e+01 8.187102999999999742e-02
1.427183999999999969e+03 8.768232000000000426e+02 5.343060000000000400e+02 3.006693999999999960e+02 1.747439999999999998e+02 7.040909000000000617e+01 3.214023000000000252e+01 1.042647000000000048e+02 -9.044799999999999507e-01 -1.949309999999999932e-01
3.045991999999999962e+02 1.941279000000000110e+02 1.517733000000000061e+02 7.470537000000000205e+01 3.355152999999999963e+01 1.507986000000000004e+01 1.461203000000000074e+01 -9.044799999999999507e-01 2.317340000000000089e+01 -3.898621000000000031e-02
-2.397652000000000116e-01 1.823969999999999914e+01 1.407596999999999987e+01 3.385952000000000073e+00 5.370350000000000179e+00 3.847939000000000220e+00 8.187102999999999742e-02 -1.949309999999999932e-01 -3.898621000000000031e-02 9.960976000000000274e-01
