1.638669000000000000e+06 8.819376999999999534e+05 5.200634000000000233e+05 2.918884000000000233e+05 1.503147000000000116e+05 7.050822000000000116e+04 2.723570999999999913e+04 8.623700000000000728e+03 1.792449000000000069e+03 4.239846999999999753e+02
8.819376999999999534e+05 6.660190999999999767e+05 3.283269000000000233e+05 1.862945000000000000e+05 9.675494999999999709e+04 4.495081999999999971e+04 1.744200000000000000e+04 5.689643000000000029e+03 1.164384999999999991e+03 2.884393999999999778e+02
5.200634000000000233e+05 3.283269000000000233e+05 2.570422999999999884e+05 1.128576999999999971e+05 5.606788999999999942e+04 2.749197000000000116e+04 9.858672000000000480e+03 3.739226000000000113e+03 6.180483000000000402e+02 1.917381000000000029e+02
2.918884000000000233e+05 1.862945000000000000e+05 1.128576999999999971e+05 9.257094000000000233e+04 3.360843000000000029e+04 1.622573999999999978e+04 6.455010000000000218e+03 1.923089999999999918e+03 4.247898000000000138e+02 1.140951000000000022e+02
1.503147000000000116e+05 9.675494999999999709e+04 5.606788999999999942e+04 3.360843000000000029e+04 3.015595999999999913e+04 8.138923999999999978e+03 3.476563999999999851e+03 9.718714999999999691e+02 2.341822999999999979e+02 1.401163999999999987e+01
7.050822000000000116e+04 4.495081999999999971e+04 2.749197000000000116e+04 1.622573999999999978e+04 8.138923999999999978e+03 9.142217000000000553e+03 1.493509000000000015e+03 4.322653999999999996e+02 1.279175999999999931e+02 2.694531999999999883e+01
2.723570999999999913e+04 1.744200000000000000e+04 9.858672000000000480e+03 6.455010000000000218e+03 3.476563999999999851e+03 1.493509000000000015e+03 2.272052000000000135e+03 1.886055000000000064e+02 3.428056999999999732e+01 1.519876999999999967e+01
8.623700000000000728e+03 5.689643000000000029e+03 3.739226000000000113e+03 1.923089999999999918e+03 9.718714999999999691e+02 4.322653999999999996e+02 1.886055000000000064e+02 5.021872000000000185e+02 2.946188000000000073e+01 1.643853000000000009e+01
1.792449000000000069e+03 1.164384999999999991e+03 6.180483000000000402e+02 4.247898000000000138e+02 2.341822999999999979e+02 1.279175999999999931e+02 3.428056999999999732e+01 2.946188000000000073e+01 7.596851999999999805e+01 3.317725999999999953e+00
4.239846999999999753e+02 2.884393999999999778e+02 1.917381000000000029e+02 1.140951000000000022e+02 1.401163999999999987e+01 2.694531999999999883e+01 1.519876999999999967e+01 1.643853000000000009e+01 3.317725999999999953e+00 1.273873999999999995e+01
