1.316720000000000073e+04 2.965882999999999811e+03 1.391885999999999967e+03 1.146990000000000009e+03 4.164585000000000150e+02 1.193212000000000046e+02 1.030172000000000025e+02 8.023360999999999521e+00 1.270950000000000024e+01 -5.255340999999999596e+00
2.965882999999999811e+03 5.422264000000000124e+03 8.164959000000000060e+02 7.129484999999999673e+02 1.878667000000000087e+02 9.985147000000000617e+01 5.607775999999999783e+01 1.886932000000000054e+00 9.325499999999999901e+00 3.337219000000000158e+00
1.391885999999999967e+03 8.164959000000000060e+02 2.271920999999999822e+03 3.255425999999999931e+02 1.322840999999999951e+02 8.040125000000000455e+01 3.766067999999999927e+01 1.732937000000000083e+01 -1.567244999999999999e+00 -1.567244999999999999e+00
1.146990000000000009e+03 7.129484999999999673e+02 3.255425999999999931e+02 1.047442000000000007e+03 1.043700000000000045e+02 3.689265000000000327e+01 4.350861000000000089e+00 3.076011999999999968e+00 1.738785000000000025e+00 -2.573090000000000099e-01
4.164585000000000150e+02 1.878667000000000087e+02 1.322840999999999951e+02 1.043700000000000045e+02 3.557237999999999829e+02 2.066854000000000013e+01 5.575027000000000399e+00 -2.150088999999999917e+00 -1.298240999999999978e+00 -3.001938000000000106e-01
1.193212000000000046e+02 9.985147000000000617e+01 8.040125000000000455e+01 3.689265000000000327e+01 2.066854000000000013e+01 1.112490999999999985e+02 -2.378159000000000134e+00 -2.553596000000000199e-01 -4.093551999999999746e-01 -4.093551999999999746e-01
1.030172000000000025e+02 5.607775999999999783e+01 3.766067999999999927e+01 4.350861000000000089e+00 5.575027000000000399e+00 -2.378159000000000134e+00 3.539947999999999695e+01 -7.719268999999999714e-01 8.576964999999999728e-01 -1.403503000000000112e-01
8.023360999999999521e+00 1.886932000000000054e+00 1.732937000000000083e+01 3.076011999999999968e+00 -2.150088999999999917e+00 -2.553596000000000199e-01 -7.719268999999999714e-01 1.273873999999999995e+01 -4.288482999999999878e-02 9.551619999999999555e-01
1.270950000000000024e+01 9.325499999999999901e+00 -1.567244999999999999e+00 1.738785000000000025e+00 -1.298240999999999978e+00 -4.093551999999999746e-01 8.576964999999999728e-01 -4.288482999999999878e-02 1.988296999999999981e+00 -7.797240999999999894e-03
-5.255340999999999596e+00 3.337219000000000158e+00 -1.567244999999999999e+00 -2.573090000000000099e-01 -3.001938000000000106e-01 -4.093551999999999746e-01 -1.403503000000000112e-01 9.551619999999999555e-01 -7.797240999999999894e-03 1.988296999999999981e+00
