9.064655999999999767e+05 4.628162999999999884e+05 2.807640000000000000e+05 1.588101000000000058e+05 7.600353999999999360e+04 3.946166000000000349e+04 1.527386000000000058e+04 3.489070999999999913e+03 1.029431000000000040e+03 4.438346000000000231e+02
4.628162999999999884e+05 3.718900999999999767e+05 1.722185000000000000e+05 9.923842999999999302e+04 4.735656999999999971e+04 2.394770999999999913e+04 9.069689000000000306e+03 2.491403999999999996e+03 4.616220000000000141e+02 2.316132000000000062e+02
2.807640000000000000e+05 1.722185000000000000e+05 1.480510000000000000e+05 6.208350000000000000e+04 2.788868999999999869e+04 1.519197999999999956e+04 6.310837999999999738e+03 1.251479000000000042e+03 3.834703000000000088e+02 1.679408999999999992e+02
1.588101000000000058e+05 9.923842999999999302e+04 6.208350000000000000e+04 5.401727999999999884e+04 1.575320999999999913e+04 8.248768000000000029e+03 3.553420999999999822e+03 9.065813000000000557e+02 1.785919000000000096e+02 8.736808999999999514e+01
7.600353999999999360e+04 4.735656999999999971e+04 2.788868999999999869e+04 1.575320999999999913e+04 1.618384000000000015e+04 4.127667000000000371e+03 1.453094000000000051e+03 3.306478999999999928e+02 1.368044999999999902e+02 1.201164999999999949e+01
3.946166000000000349e+04 2.394770999999999913e+04 1.519197999999999956e+04 8.248768000000000029e+03 4.127667000000000371e+03 5.657645000000000437e+03 8.616263000000000147e+02 2.283908999999999878e+02 5.446958000000000055e+01 5.509141000000000332e+01
1.527386000000000058e+04 9.069689000000000306e+03 6.310837999999999738e+03 3.553420999999999822e+03 1.453094000000000051e+03 8.616263000000000147e+02 1.423214999999999918e+03 1.017383999999999986e+02 2.775817999999999941e+01 1.808960000000000079e+01
3.489070999999999913e+03 2.491403999999999996e+03 1.251479000000000042e+03 9.065813000000000557e+02 3.306478999999999928e+02 2.283908999999999878e+02 1.017383999999999986e+02 3.259383000000000266e+02 6.902508000000000088e+00 9.454155000000000086e+00
1.029431000000000040e+03 4.616220000000000141e+02 3.834703000000000088e+02 1.785919000000000096e+02 1.368044999999999902e+02 5.446958000000000055e+01 2.775817999999999941e+01 6.902508000000000088e+00 4.821618999999999744e+01 3.037024999999999864e+00
4.438346000000000231e+02 2.316132000000000062e+02 1.679408999999999992e+02 8.736808999999999514e+01 1.201164999999999949e+01 5.509141000000000332e+01 1.808960000000000079e+01 9.454155000000000086e+00 3.037024999999999864e+00 9.785538000000000736e+00
