2.504542000000000000e+06 1.377594000000000000e+06 8.093844000000000233e+05 4.724145999999999767e+05 2.589102000000000116e+05 1.218513999999999942e+05 5.161083999999999651e+04 1.546302000000000044e+04 3.976250000000000000e+03 7.897981999999999516e+02
1.377594000000000000e+06 9.992828000000000466e+05 4.920432999999999884e+05 2.893220999999999767e+05 1.628546000000000058e+05 7.765122000000000116e+04 3.139252999999999884e+04 9.306086999999999534e+03 2.717340999999999894e+03 5.122377999999999929e+02
8.093844000000000233e+05 4.920432999999999884e+05 3.832772000000000116e+05 1.767626000000000058e+05 9.502900999999999476e+04 4.641736000000000058e+04 1.991138999999999942e+04 7.036368999999999687e+03 1.591164999999999964e+03 3.583709999999999809e+02
4.724145999999999767e+05 2.893220999999999767e+05 1.767626000000000058e+05 1.428981000000000058e+05 5.872030999999999767e+04 2.844350999999999840e+04 1.178865999999999985e+04 4.228716999999999643e+03 9.751463999999999714e+02 2.012077999999999918e+02
2.589102000000000116e+05 1.628546000000000058e+05 9.502900999999999476e+04 5.872030999999999767e+04 5.224825000000000000e+04 1.451007999999999993e+04 6.727457999999999629e+03 2.378947999999999865e+03 5.125223999999999478e+02 4.768598000000000070e+01
1.218513999999999942e+05 7.765122000000000116e+04 4.641736000000000058e+04 2.844350999999999840e+04 1.451007999999999993e+04 1.423975000000000000e+04 3.369628000000000156e+03 1.029933999999999969e+03 2.573518000000000256e+02 6.727849999999999397e+01
5.161083999999999651e+04 3.139252999999999884e+04 1.991138999999999942e+04 1.178865999999999985e+04 6.727457999999999629e+03 3.369628000000000156e+03 3.947023999999999887e+03 4.061836000000000126e+02 1.466134999999999877e+02 3.483612000000000108e+01
1.546302000000000044e+04 9.306086999999999534e+03 7.036368999999999687e+03 4.228716999999999643e+03 2.378947999999999865e+03 1.029933999999999969e+03 4.061836000000000126e+02 8.533437000000000126e+02 6.502703999999999951e+01 8.680279000000000522e+00
3.976250000000000000e+03 2.717340999999999894e+03 1.591164999999999964e+03 9.751463999999999714e+02 5.125223999999999478e+02 2.573518000000000256e+02 1.466134999999999877e+02 6.502703999999999951e+01 1.618531999999999869e+02 7.853771000000000058e+00
7.897981999999999516e+02 5.122377999999999929e+02 3.583709999999999809e+02 2.012077999999999918e+02 4.768598000000000070e+01 6.727849999999999397e+01 3.483612000000000108e+01 8.680279000000000522e+00 7.853771000000000058e+00 1.652819999999999823e+01
