1.763395999999999913e+04 5.818222999999999956e+03 2.631217999999999847e+03 1.321288999999999987e+03 9.166515000000000555e+02 3.079988000000000170e+02 5.707580999999999705e+01 6.056897000000000020e+01 1.797263999999999839e+01 1.442490000000000050e+00
5.818222999999999956e+03 9.603698000000000320e+03 1.873611000000000104e+03 1.000979000000000042e+03 5.403215000000000146e+02 1.732429999999999950e+02 5.523566000000000287e+01 1.706035999999999930e+01 2.735661999999999949e+01 8.362541000000000224e+00
2.631217999999999847e+03 1.873611000000000104e+03 3.675336999999999989e+03 5.686059999999999945e+02 2.980905000000000200e+02 6.084382000000000090e+01 3.722402999999999906e+01 2.312661999999999907e+01 7.050654999999999895e+00 5.662746000000000279e+00
1.321288999999999987e+03 1.000979000000000042e+03 5.686059999999999945e+02 1.522520999999999958e+03 6.939544999999999675e+01 5.005828999999999951e+01 3.268603999999999843e+01 1.771533000000000158e+01 2.775818000000000119e+00 2.526305999999999941e+00
9.166515000000000555e+02 5.403215000000000146e+02 2.980905000000000200e+02 6.939544999999999675e+01 6.018202999999999747e+02 -2.348918999999999979e+00 1.479916000000000054e+01 1.093172999999999995e+01 7.966830999999999996e+00 9.960976000000000274e-01
3.079988000000000170e+02 1.732429999999999950e+02 6.084382000000000090e+01 5.005828999999999951e+01 -2.348918999999999979e+00 1.926366999999999905e+02 6.877167000000000030e+00 5.504851999999999634e+00 -1.812858999999999998e-01 -3.528252000000000055e-01
5.707580999999999705e+01 5.523566000000000287e+01 3.722402999999999906e+01 3.268603999999999843e+01 1.479916000000000054e+01 6.877167000000000030e+00 9.069750999999999408e+01 -1.247559000000000029e-01 -5.458068999999999837e-01 -1.715393000000000057e-01
6.056897000000000020e+01 1.706035999999999930e+01 2.312661999999999907e+01 1.771533000000000158e+01 1.093172999999999995e+01 5.504851999999999634e+00 -1.247559000000000029e-01 2.482641999999999882e+01 -4.210510000000000086e-01 -4.678344999999999726e-02
1.797263999999999839e+01 2.735661999999999949e+01 7.050654999999999895e+00 2.775818000000000119e+00 7.966830999999999996e+00 -1.812858999999999998e-01 -5.458068999999999837e-01 -4.210510000000000086e-01 1.082061999999999991e+01 -1.754379000000000008e-02
1.442490000000000050e+00 8.362541000000000224e+00 5.662746000000000279e+00 2.526305999999999941e+00 9.960976000000000274e-01 -3.528252000000000055e-01 -1.715393000000000057e-01 -4.678344999999999726e-02 -1.754379000000000008e-02 9.960976000000000274e-01
