2.220182000000000000e+06 1.242242000000000000e+06 7.943093000000000466e+05 4.636755000000000000e+05 2.653945999999999767e+05 1.431392999999999884e+05 6.086448999999999796e+04 1.836556999999999971e+04 7.187141999999999825e+03 7.143130999999999631e+02
1.242242000000000000e+06 9.694999000000000233e+05 5.169819000000000233e+05 3.002842999999999884e+05 1.755816000000000058e+05 8.915352000000000407e+04 3.887650000000000000e+04 1.194198999999999978e+04 4.500295000000000073e+03 3.803025999999999840e+02
7.943093000000000466e+05 5.169819000000000233e+05 4.031039000000000233e+05 1.927477999999999884e+05 1.095683000000000029e+05 5.879347000000000116e+04 2.506009000000000015e+04 7.444261999999999716e+03 2.855010999999999967e+03 3.437570000000000050e+02
4.636755000000000000e+05 3.002842999999999884e+05 1.927477999999999884e+05 1.588111000000000058e+05 6.753871000000000640e+04 3.235861000000000058e+04 1.491812000000000080e+04 4.238408999999999651e+03 1.873240000000000009e+03 1.928102000000000089e+02
2.653945999999999767e+05 1.755816000000000058e+05 1.095683000000000029e+05 6.753871000000000640e+04 6.249556999999999971e+04 1.950227000000000044e+04 7.797552999999999884e+03 3.020168000000000120e+03 8.340240999999999758e+02 7.254552999999999940e+01
1.431392999999999884e+05 8.915352000000000407e+04 5.879347000000000116e+04 3.235861000000000058e+04 1.950227000000000044e+04 2.049536000000000058e+04 5.008854000000000269e+03 1.123153999999999996e+03 6.352101000000000113e+02 2.753986000000000089e+01
6.086448999999999796e+04 3.887650000000000000e+04 2.506009000000000015e+04 1.491812000000000080e+04 7.797552999999999884e+03 5.008854000000000269e+03 5.076783999999999651e+03 6.033115000000000236e+02 3.715074000000000183e+02 3.296674000000000149e+01
1.836556999999999971e+04 1.194198999999999978e+04 7.444261999999999716e+03 4.238408999999999651e+03 3.020168000000000120e+03 1.123153999999999996e+03 6.033115000000000236e+02 1.066988000000000056e+03 6.708356000000000563e+01 2.939560000000000173e+00
7.187141999999999825e+03 4.500295000000000073e+03 2.855010999999999967e+03 1.873240000000000009e+03 8.340240999999999758e+02 6.352101000000000113e+02 3.715074000000000183e+02 6.708356000000000563e+01 2.261122000000000014e+02 9.621795999999999793e+00
7.143130999999999631e+02 3.803025999999999840e+02 3.437570000000000050e+02 1.928102000000000089e+02 7.254552999999999940e+01 2.753986000000000089e+01 3.296674000000000149e+01 2.939560000000000173e+00 9.621795999999999793e+00 2.716559000000000168e+01
