1.694431000000000000e+06 9.182158000000000466e+05 5.699409000000000233e+05 3.471437999999999884e+05 1.781693999999999942e+05 9.132778999999999360e+04 3.781323000000000320e+04 1.297920999999999913e+04 1.829138999999999896e+03 3.812031999999999812e+02
9.182158000000000466e+05 7.278208000000000466e+05 3.694429000000000233e+05 2.188172000000000116e+05 1.133401999999999971e+05 5.854168000000000029e+04 2.354581000000000131e+04 7.765000000000000000e+03 1.329039999999999964e+03 1.133037000000000063e+02
5.699409000000000233e+05 3.694429000000000233e+05 2.985622999999999884e+05 1.376068999999999942e+05 7.188491999999999825e+04 3.524937000000000262e+04 1.542373999999999978e+04 5.317274000000000342e+03 7.216970999999999776e+02 1.313113999999999919e+02
3.471437999999999884e+05 2.188172000000000116e+05 1.376068999999999942e+05 1.236836999999999971e+05 4.720195999999999913e+04 2.185336999999999898e+04 9.433387000000000626e+03 3.411036000000000058e+03 4.772379000000000246e+02 4.339750000000000085e+01
1.781693999999999942e+05 1.133401999999999971e+05 7.188491999999999825e+04 4.720195999999999913e+04 4.059130999999999767e+04 1.116910000000000036e+04 4.948153000000000247e+03 1.876094000000000051e+03 1.217929000000000030e+02 5.491206999999999994e+01
9.132778999999999360e+04 5.854168000000000029e+04 3.524937000000000262e+04 2.185336999999999898e+04 1.116910000000000036e+04 1.366782999999999993e+04 2.797498000000000047e+03 6.511865999999999985e+02 1.843112000000000137e+02 1.688688000000000144e+01
3.781323000000000320e+04 2.354581000000000131e+04 1.542373999999999978e+04 9.433387000000000626e+03 4.948153000000000247e+03 2.797498000000000047e+03 3.213516000000000076e+03 3.987977000000000203e+02 1.244128000000000043e+02 -9.695869000000000071e+00
1.297920999999999913e+04 7.765000000000000000e+03 5.317274000000000342e+03 3.411036000000000058e+03 1.876094000000000051e+03 6.511865999999999985e+02 3.987977000000000203e+02 7.544922000000000253e+02 2.389075000000000060e+01 3.329422000000000104e+00
1.829138999999999896e+03 1.329039999999999964e+03 7.216970999999999776e+02 4.772379000000000246e+02 1.217929000000000030e+02 1.843112000000000137e+02 1.244128000000000043e+02 2.389075000000000060e+01 1.376057000000000130e+02 1.419097999999999971e+00
3.812031999999999812e+02 1.133037000000000063e+02 1.313113999999999919e+02 4.339750000000000085e+01 5.491206999999999994e+01 1.688688000000000144e+01 -9.695869000000000071e+00 3.329422000000000104e+00 1.419097999999999971e+00 1.074264999999999937e+01
