3.194240000000000000e+06 1.793973000000000000e+06 1.140122000000000000e+06 6.924013000000000466e+05 4.160690999999999767e+05 2.543593999999999942e+05 1.047931000000000058e+05 4.183287999999999738e+04 1.051460000000000036e+04 1.986209000000000060e+03
1.793973000000000000e+06 1.353969000000000000e+06 7.257770999999999767e+05 4.397697999999999884e+05 2.579221000000000058e+05 1.566892000000000116e+05 6.584852999999999884e+04 2.555486000000000058e+04 6.576759000000000015e+03 1.236932999999999993e+03
1.140122000000000000e+06 7.257770999999999767e+05 5.958359000000000233e+05 2.791292000000000116e+05 1.704812999999999884e+05 1.029801000000000058e+05 4.333123000000000320e+04 1.480651000000000022e+04 5.035551999999999680e+03 7.478021999999999707e+02
6.924013000000000466e+05 4.397697999999999884e+05 2.791292000000000116e+05 2.401000000000000000e+05 1.039180000000000000e+05 6.212119999999999709e+04 2.506383000000000175e+04 9.246279000000000451e+03 2.899251999999999953e+03 4.106669999999999732e+02
4.160690999999999767e+05 2.579221000000000058e+05 1.704812999999999884e+05 1.039180000000000000e+05 9.208366999999999825e+04 3.795719999999999709e+04 1.555882999999999993e+04 5.730145999999999731e+03 1.744242999999999938e+03 2.479054999999999893e+02
2.543593999999999942e+05 1.566892000000000116e+05 1.029801000000000058e+05 6.212119999999999709e+04 3.795719999999999709e+04 3.825866000000000349e+04 1.062130999999999949e+04 3.488436999999999898e+03 7.692640999999999849e+02 2.233928999999999974e+02
1.047931000000000058e+05 6.584852999999999884e+04 4.333123000000000320e+04 2.506383000000000175e+04 1.555882999999999993e+04 1.062130999999999949e+04 8.731904000000000451e+03 1.586773999999999887e+03 4.580022000000000162e+02 4.135267000000000337e+01
4.183287999999999738e+04 2.555486000000000058e+04 1.480651000000000022e+04 9.246279000000000451e+03 5.730145999999999731e+03 3.488436999999999898e+03 1.586773999999999887e+03 2.244481000000000222e+03 1.336641999999999939e+02 2.991216999999999970e+01
1.051460000000000036e+04 6.576759000000000015e+03 5.035551999999999680e+03 2.899251999999999953e+03 1.744242999999999938e+03 7.692640999999999849e+02 4.580022000000000162e+02 1.336641999999999939e+02 4.428131000000000199e+02 1.410910999999999937e+01
1.986209000000000060e+03 1.236932999999999993e+03 7.478021999999999707e+02 4.106669999999999732e+02 2.479054999999999893e+02 2.233928999999999974e+02 4.135267000000000337e+01 2.991216999999999970e+01 1.410910999999999937e+01 4.859046000000000021e+01
