2.604261000000000000e+06 1.454961000000000000e+06 9.132976999999999534e+05 5.139997999999999884e+05 3.030494000000000233e+05 1.694652000000000116e+05 6.623511999999999534e+04 2.311888000000000102e+04 4.862752999999999702e+03 6.154479000000000042e+02
1.454961000000000000e+06 1.114944000000000000e+06 5.868228000000000466e+05 3.423949000000000233e+05 1.950061000000000058e+05 1.053915000000000000e+05 4.183018000000000029e+04 1.414819000000000051e+04 3.838250000000000000e+03 1.648687999999999931e+02
9.132976999999999534e+05 5.868228000000000466e+05 4.688405000000000000e+05 2.112697999999999884e+05 1.312797999999999884e+05 7.069264999999999418e+04 2.840399000000000160e+04 8.444537000000000262e+03 1.960625999999999976e+03 2.152642999999999915e+02
5.139997999999999884e+05 3.423949000000000233e+05 2.112697999999999884e+05 1.725278999999999942e+05 7.263499000000000524e+04 3.676020999999999913e+04 1.469793000000000029e+04 4.941766999999999825e+03 1.415656999999999925e+03 1.066526000000000067e+02
3.030494000000000233e+05 1.950061000000000058e+05 1.312797999999999884e+05 7.263499000000000524e+04 6.854291999999999825e+04 2.286916999999999825e+04 1.019762999999999920e+04 3.088081999999999880e+03 7.104728999999999814e+02 9.050647999999999627e+01
1.694652000000000116e+05 1.053915000000000000e+05 7.069264999999999418e+04 3.676020999999999913e+04 2.286916999999999825e+04 2.301225000000000000e+04 5.409801999999999680e+03 1.576602000000000089e+03 3.312871999999999844e+02 6.309917000000000442e+00
6.623511999999999534e+04 4.183018000000000029e+04 2.840399000000000160e+04 1.469793000000000029e+04 1.019762999999999920e+04 5.409801999999999680e+03 5.450706000000000131e+03 5.860406000000000404e+02 2.198646999999999991e+02 5.514598999999999585e+00
2.311888000000000102e+04 1.414819000000000051e+04 8.444537000000000262e+03 4.941766999999999825e+03 3.088081999999999880e+03 1.576602000000000089e+03 5.860406000000000404e+02 1.085875000000000000e+03 7.953185999999999467e+01 1.353600999999999921e+01
4.862752999999999702e+03 3.838250000000000000e+03 1.960625999999999976e+03 1.415656999999999925e+03 7.104728999999999814e+02 3.312871999999999844e+02 2.198646999999999991e+02 7.953185999999999467e+01 2.016971000000000060e+02 8.524333999999999634e+00
6.154479000000000042e+02 1.648687999999999931e+02 2.152642999999999915e+02 1.066526000000000067e+02 9.050647999999999627e+01 6.309917000000000442e+00 5.514598999999999585e+00 1.353600999999999921e+01 8.524333999999999634e+00 2.025527999999999906e+01
