1.944796000000000000e+06 1.080727000000000000e+06 7.061845000000000000e+05 4.026067999999999884e+05 2.249333999999999942e+05 1.096573000000000029e+05 5.003333999999999651e+04 1.751245000000000073e+04 3.585858000000000175e+03 6.783600000000000136e+02
1.080727000000000000e+06 8.344989000000000233e+05 4.482702999999999884e+05 2.567365000000000000e+05 1.388813999999999942e+05 6.992649000000000524e+04 3.171284999999999854e+04 1.071740999999999985e+04 2.205106999999999971e+03 4.330822000000000003e+02
7.061845000000000000e+05 4.482702999999999884e+05 3.692244000000000233e+05 1.693067999999999884e+05 9.458311000000000058e+04 4.477986000000000058e+04 2.089538999999999942e+04 6.924039999999999964e+03 1.352087999999999965e+03 3.350552999999999884e+02
4.026067999999999884e+05 2.567365000000000000e+05 1.693067999999999884e+05 1.388501000000000058e+05 5.591723999999999796e+04 2.626995999999999913e+04 1.204656999999999971e+04 4.342609000000000378e+03 9.607371000000000549e+02 2.030829999999999984e+02
2.249333999999999942e+05 1.388813999999999942e+05 9.458311000000000058e+04 5.591723999999999796e+04 5.135169000000000233e+04 1.415689999999999964e+04 6.006948000000000320e+03 2.688650999999999840e+03 4.317409999999999854e+02 8.798017000000000110e+01
1.096573000000000029e+05 6.992649000000000524e+04 4.477986000000000058e+04 2.626995999999999913e+04 1.415689999999999964e+04 1.585453000000000065e+04 3.648891000000000076e+03 1.004904999999999973e+03 2.803107999999999720e+02 4.393744999999999834e+01
5.003333999999999651e+04 3.171284999999999854e+04 2.089538999999999942e+04 1.204656999999999971e+04 6.006948000000000320e+03 3.648891000000000076e+03 4.270518000000000029e+03 6.009646000000000186e+02 2.475780000000000030e+02 1.412860000000000049e+01
1.751245000000000073e+04 1.071740999999999985e+04 6.924039999999999964e+03 4.342609000000000378e+03 2.688650999999999840e+03 1.004904999999999973e+03 6.009646000000000186e+02 8.766418999999999642e+02 5.051832999999999885e+01 3.972694000000000170e+00
3.585858000000000175e+03 2.205106999999999971e+03 1.352087999999999965e+03 9.607371000000000549e+02 4.317409999999999854e+02 2.803107999999999720e+02 2.475780000000000030e+02 5.051832999999999885e+01 1.449351000000000056e+02 3.789458999999999911e+00
6.783600000000000136e+02 4.330822000000000003e+02 3.350552999999999884e+02 2.030829999999999984e+02 8.798017000000000110e+01 4.393744999999999834e+01 1.412860000000000049e+01 3.972694000000000170e+00 3.789458999999999911e+00 1.932936000000000121e+01
