2.413260000000000000e+05 1.056936999999999971e+05 6.692199000000000524e+04 3.362130999999999767e+04 1.630432999999999993e+04 8.551783999999999651e+03 2.733762999999999920e+03 7.798020999999999958e+02 4.586415000000000077e+02 1.393172000000000139e+02
1.056936999999999971e+05 1.060726000000000058e+05 3.995125000000000000e+04 2.009561999999999898e+04 1.251515999999999985e+04 4.926163999999999760e+03 1.862222999999999956e+03 5.316783000000000357e+02 2.301589999999999918e+02 7.794902000000000442e+01
6.692199000000000524e+04 3.995125000000000000e+04 4.240372000000000116e+04 1.356410000000000036e+04 7.280791000000000167e+03 3.002418999999999869e+03 8.583807000000000471e+02 2.316014999999999873e+02 1.201047999999999973e+02 2.251257999999999981e+01
3.362130999999999767e+04 2.009561999999999898e+04 1.356410000000000036e+04 1.587445000000000073e+04 3.914425999999999931e+03 1.718185999999999922e+03 4.511503000000000156e+02 2.039211999999999989e+02 7.919267999999999574e+01 3.765093000000000245e+01
1.630432999999999993e+04 1.251515999999999985e+04 7.280791000000000167e+03 3.914425999999999931e+03 6.090051000000000386e+03 9.912242999999999711e+02 2.887864000000000146e+02 6.403094000000000108e+01 4.823373000000000133e+01 -3.438582999999999945e+00
8.551783999999999651e+03 4.926163999999999760e+03 3.002418999999999869e+03 1.718185999999999922e+03 9.912242999999999711e+02 2.031413000000000011e+03 1.660792999999999893e+02 5.631947000000000259e+01 1.649505999999999872e+01 1.584789000000000003e+00
2.733762999999999920e+03 1.862222999999999956e+03 8.583807000000000471e+02 4.511503000000000156e+02 2.887864000000000146e+02 1.660792999999999893e+02 5.372436000000000149e+02 4.440529000000000082e+01 2.553596000000000199e+00 4.251445999999999614e+00
7.798020999999999958e+02 5.316783000000000357e+02 2.316014999999999873e+02 2.039211999999999989e+02 6.403094000000000108e+01 5.631947000000000259e+01 4.440529000000000082e+01 1.489273000000000025e+02 4.849884000000000306e+00 9.746552000000000548e-01
4.586415000000000077e+02 2.301589999999999918e+02 1.201047999999999973e+02 7.919267999999999574e+01 4.823373000000000133e+01 1.649505999999999872e+01 2.553596000000000199e+00 4.849884000000000306e+00 4.047547999999999746e+01 1.422997000000000067e+00
1.393172000000000139e+02 7.794902000000000442e+01 2.251257999999999981e+01 3.765093000000000245e+01 -3.438582999999999945e+00 1.584789000000000003e+00 4.251445999999999614e+00 9.746552000000000548e-01 1.422997000000000067e+00 8.886905999999999750e+00
