2.909993000000000000e+06 1.606773000000000000e+06 9.913005999999999767e+05 5.988776999999999534e+05 3.544397000000000116e+05 2.004200000000000000e+05 8.151655000000000291e+04 2.859075000000000000e+04 6.216631000000000313e+03 6.568298999999999523e+02
1.606773000000000000e+06 1.252488000000000000e+06 6.396391999999999534e+05 3.893975000000000000e+05 2.196187999999999884e+05 1.228041999999999971e+05 5.003030000000000291e+04 1.615621999999999935e+04 4.485613000000000284e+03 3.189714999999999918e+02
9.913005999999999767e+05 6.396391999999999534e+05 5.033775000000000000e+05 2.362401000000000058e+05 1.459397999999999884e+05 8.024544999999999709e+04 3.293133999999999651e+04 9.772533999999999651e+03 2.401909000000000106e+03 2.045040999999999940e+02
5.988776999999999534e+05 3.893975000000000000e+05 2.362401000000000058e+05 1.981787000000000116e+05 8.765680000000000291e+04 4.763262999999999738e+04 1.982809000000000015e+04 6.010819000000000415e+03 1.646871000000000095e+03 1.128221999999999952e+02
3.544397000000000116e+05 2.196187999999999884e+05 1.459397999999999884e+05 8.765680000000000291e+04 7.764511000000000058e+04 2.910875000000000000e+04 1.178862999999999920e+04 3.451467999999999847e+03 1.058896999999999935e+03 1.196681999999999988e+02
2.004200000000000000e+05 1.228041999999999971e+05 8.024544999999999709e+04 4.763262999999999738e+04 2.910875000000000000e+04 2.781643999999999869e+04 6.771560999999999694e+03 1.940343000000000075e+03 3.921077000000000226e+02 2.431180000000000163e+01
8.151655000000000291e+04 5.003030000000000291e+04 3.293133999999999651e+04 1.982809000000000015e+04 1.178862999999999920e+04 6.771560999999999694e+03 6.352037999999999556e+03 9.198482999999999947e+02 2.857533000000000243e+02 2.605058000000000007e+01
2.859075000000000000e+04 1.615621999999999935e+04 9.772533999999999651e+03 6.010819000000000415e+03 3.451467999999999847e+03 1.940343000000000075e+03 9.198482999999999947e+02 1.343384999999999991e+03 7.985934000000000310e+01 9.904446000000000083e+00
6.216631000000000313e+03 4.485613000000000284e+03 2.401909000000000106e+03 1.646871000000000095e+03 1.058896999999999935e+03 3.921077000000000226e+02 2.857533000000000243e+02 7.985934000000000310e+01 2.384084000000000003e+02 6.471709999999999852e+00
6.568298999999999523e+02 3.189714999999999918e+02 2.045040999999999940e+02 1.128221999999999952e+02 1.196681999999999988e+02 2.431180000000000163e+01 2.605058000000000007e+01 9.904446000000000083e+00 6.471709999999999852e+00 2.009934000000000154e+01
