3.032415000000000000e+06 1.724442000000000000e+06 1.044464000000000000e+06 6.596005999999999767e+05 3.989902000000000116e+05 2.451433999999999942e+05 9.635864999999999418e+04 3.989543000000000029e+04 1.086945999999999913e+04 2.000116999999999962e+03
1.724442000000000000e+06 1.320264000000000000e+06 6.785859000000000233e+05 4.419984000000000233e+05 2.516958999999999942e+05 1.526492999999999884e+05 6.180091000000000349e+04 2.388772999999999956e+04 7.190747999999999593e+03 1.475019999999999982e+03
1.044464000000000000e+06 6.785859000000000233e+05 5.325496999999999534e+05 2.628985999999999767e+05 1.608351000000000058e+05 9.581082000000000698e+04 4.169368000000000029e+04 1.370097999999999956e+04 4.560957000000000335e+03 7.227418999999999869e+02
6.596005999999999767e+05 4.419984000000000233e+05 2.628985999999999767e+05 2.354090000000000000e+05 1.027190000000000000e+05 6.060225000000000000e+04 2.515556000000000131e+04 9.125634000000000015e+03 3.022358999999999924e+03 5.219473000000000411e+02
3.989902000000000116e+05 2.516958999999999942e+05 1.608351000000000058e+05 1.027190000000000000e+05 8.954000999999999476e+04 3.717315000000000146e+04 1.457228000000000065e+04 5.467729999999999563e+03 1.739057999999999993e+03 3.759830000000000041e+02
2.451433999999999942e+05 1.526492999999999884e+05 9.581082000000000698e+04 6.060225000000000000e+04 3.717315000000000146e+04 3.787091999999999825e+04 9.648628000000000611e+03 3.541155999999999949e+03 7.869521999999999480e+02 1.969583000000000084e+02
9.635864999999999418e+04 6.180091000000000349e+04 4.169368000000000029e+04 2.515556000000000131e+04 1.457228000000000065e+04 9.648628000000000611e+03 8.158703999999999724e+03 1.530700000000000045e+03 4.413004999999999995e+02 6.565277000000000385e+01
3.989543000000000029e+04 2.388772999999999956e+04 1.370097999999999956e+04 9.125634000000000015e+03 5.467729999999999563e+03 3.541155999999999949e+03 1.530700000000000045e+03 2.171469000000000051e+03 1.625257000000000005e+02 3.480687999999999960e+01
1.086945999999999913e+04 7.190747999999999593e+03 4.560957000000000335e+03 3.022358999999999924e+03 1.739057999999999993e+03 7.869521999999999480e+02 4.413004999999999995e+02 1.625257000000000005e+02 4.346182000000000016e+02 1.734105999999999881e+01
2.000116999999999962e+03 1.475019999999999982e+03 7.227418999999999869e+02 5.219473000000000411e+02 3.759830000000000041e+02 1.969583000000000084e+02 6.565277000000000385e+01 3.480687999999999960e+01 1.734105999999999881e+01 5.139941000000000315e+01
