2.252909000000000000e+06 1.224528000000000000e+06 7.743869000000000233e+05 4.615257000000000116e+05 2.551317000000000116e+05 1.213571000000000058e+05 4.851163999999999942e+04 1.529621999999999935e+04 1.140450000000000045e+03 2.806811999999999898e+02
1.224528000000000000e+06 9.571146999999999534e+05 4.873745999999999767e+05 2.839117000000000116e+05 1.570827000000000116e+05 7.725425000000000000e+04 2.898779000000000087e+04 9.514868000000000393e+03 9.369438000000000102e+02 1.467206999999999937e+02
7.743869000000000233e+05 4.873745999999999767e+05 3.985012999999999884e+05 1.800906000000000058e+05 9.760902999999999884e+04 4.848576000000000204e+04 1.833759999999999854e+04 5.444752999999999702e+03 5.449393999999999778e+02 6.227266999999999797e+01
4.615257000000000116e+05 2.839117000000000116e+05 1.800906000000000058e+05 1.603900000000000000e+05 6.016526000000000204e+04 2.830511000000000058e+04 1.190064999999999964e+04 4.331260000000000218e+03 2.457592999999999961e+02 1.189429999999999978e+02
2.551317000000000116e+05 1.570827000000000116e+05 9.760902999999999884e+04 6.016526000000000204e+04 5.644719000000000233e+04 1.660397000000000116e+04 6.544908999999999651e+03 2.113534000000000106e+03 2.160557000000000016e+02 5.178538000000000352e+01
1.213571000000000058e+05 7.725425000000000000e+04 4.848576000000000204e+04 2.830511000000000058e+04 1.660397000000000116e+04 1.893683000000000175e+04 3.969882000000000062e+03 1.200161000000000058e+03 1.416582999999999970e+02 3.958270000000000266e+01
4.851163999999999942e+04 2.898779000000000087e+04 1.833759999999999854e+04 1.190064999999999964e+04 6.544908999999999651e+03 3.969882000000000062e+03 4.359247999999999593e+03 3.405659999999999741e+02 7.402115999999999474e+01 -4.873276000000000274e-01
1.529621999999999935e+04 9.514868000000000393e+03 5.444752999999999702e+03 4.331260000000000218e+03 2.113534000000000106e+03 1.200161000000000058e+03 3.405659999999999741e+02 9.716590999999999667e+02 3.034101000000000070e+01 4.284583999999999726e+00
1.140450000000000045e+03 9.369438000000000102e+02 5.449393999999999778e+02 2.457592999999999961e+02 2.160557000000000016e+02 1.416582999999999970e+02 7.402115999999999474e+01 3.034101000000000070e+01 9.966239000000000203e+01 -9.317703000000000513e-01
2.806811999999999898e+02 1.467206999999999937e+02 6.227266999999999797e+01 1.189429999999999978e+02 5.178538000000000352e+01 3.958270000000000266e+01 -4.873276000000000274e-01 4.284583999999999726e+00 -9.317703000000000513e-01 9.785538000000000736e+00
