2.004006000000000000e+06 1.100600000000000000e+06 6.750954000000000233e+05 3.972195000000000000e+05 2.225922000000000116e+05 1.054218000000000029e+05 4.227229000000000087e+04 1.130060000000000036e+04 9.733803000000000338e+02 7.502894999999999470e+01
1.100600000000000000e+06 8.762430999999999767e+05 4.335887000000000116e+05 2.511565000000000000e+05 1.414493999999999942e+05 6.470586000000000058e+04 2.667009000000000015e+04 7.437310999999999694e+03 8.908913000000000011e+02 1.048436999999999983e+02
6.750954000000000233e+05 4.335887000000000116e+05 3.591500000000000000e+05 1.527491000000000058e+05 8.345830000000000291e+04 4.079498999999999796e+04 1.632759000000000015e+04 4.122947000000000116e+03 5.858378999999999905e+02 9.200745000000000173e-01
3.972195000000000000e+05 2.511565000000000000e+05 1.527491000000000058e+05 1.376158999999999942e+05 5.131526999999999680e+04 2.528466999999999825e+04 1.057346999999999935e+04 3.149641000000000076e+03 3.055973000000000184e+02 1.092626999999999953e+02
2.225922000000000116e+05 1.414493999999999942e+05 8.345830000000000291e+04 5.131526999999999680e+04 4.998006999999999971e+04 1.443786000000000058e+04 5.752757999999999811e+03 1.735775000000000091e+03 1.904553999999999974e+02 5.104073999999999955e+01
1.054218000000000029e+05 6.470586000000000058e+04 4.079498999999999796e+04 2.528466999999999825e+04 1.443786000000000058e+04 1.562837999999999920e+04 3.050952999999999975e+03 9.750040999999999940e+02 1.393153000000000077e+02 1.278941999999999979e+01
4.227229000000000087e+04 2.667009000000000015e+04 1.632759000000000015e+04 1.057346999999999935e+04 5.752757999999999811e+03 3.050952999999999975e+03 3.799625000000000000e+03 3.023244000000000256e+02 7.443831000000000131e+01 4.037022000000000332e+00
1.130060000000000036e+04 7.437310999999999694e+03 4.122947000000000116e+03 3.149641000000000076e+03 1.735775000000000091e+03 9.750040999999999940e+02 3.023244000000000256e+02 8.561507000000000289e+02 8.656886999999999333e+00 4.734874999999999723e+00
9.733803000000000338e+02 8.908913000000000011e+02 5.858378999999999905e+02 3.055973000000000184e+02 1.904553999999999974e+02 1.393153000000000077e+02 7.443831000000000131e+01 8.656886999999999333e+00 9.064878000000000213e+01 -1.241711000000000009e+00
7.502894999999999470e+01 1.048436999999999983e+02 9.200745000000000173e-01 1.092626999999999953e+02 5.104073999999999955e+01 1.278941999999999979e+01 4.037022000000000332e+00 4.734874999999999723e+00 -1.241711000000000009e+00 6.890812000000000381e+00
