2.613667000000000000e+06 1.412095000000000000e+06 9.162660000000000000e+05 5.450105999999999767e+05 3.250767999999999884e+05 1.764286000000000058e+05 7.531663999999999942e+04 2.577559000000000015e+04 4.971426999999999680e+03 3.104238000000000284e+02
1.412095000000000000e+06 1.115761000000000000e+06 5.713195000000000000e+05 3.468995000000000000e+05 2.106530000000000000e+05 1.054425000000000000e+05 4.580598000000000320e+04 1.600187000000000080e+04 2.805561999999999898e+03 1.577518000000000029e+02
9.162660000000000000e+05 5.713195000000000000e+05 4.870570000000000000e+05 2.094862000000000116e+05 1.297400000000000000e+05 7.066052000000000407e+04 2.781940000000000146e+04 1.014811000000000058e+04 2.041079999999999927e+03 7.357086999999999932e+01
5.450105999999999767e+05 3.468995000000000000e+05 2.094862000000000116e+05 1.919900000000000000e+05 7.782913999999999942e+04 4.053540000000000146e+04 1.622330999999999949e+04 6.115337000000000444e+03 1.444196999999999889e+03 4.072498999999999825e+01
3.250767999999999884e+05 2.106530000000000000e+05 1.297400000000000000e+05 7.782913999999999942e+04 7.634563999999999942e+04 2.508350999999999840e+04 1.038975000000000000e+04 3.603965000000000146e+03 7.494962000000000444e+02 8.198214000000000112e+01
1.764286000000000058e+05 1.054425000000000000e+05 7.066052000000000407e+04 4.053540000000000146e+04 2.508350999999999840e+04 2.558979999999999927e+04 6.116056999999999789e+03 2.206394999999999982e+03 4.131309999999999718e+02 5.323371999999999815e+01
7.531663999999999942e+04 4.580598000000000320e+04 2.781940000000000146e+04 1.622330999999999949e+04 1.038975000000000000e+04 6.116056999999999789e+03 7.184734999999999673e+03 1.061779999999999973e+03 2.139933000000000050e+02 -2.263148999999999855e+00
2.577559000000000015e+04 1.600187000000000080e+04 1.014811000000000058e+04 6.115337000000000444e+03 3.603965000000000146e+03 2.206394999999999982e+03 1.061779999999999973e+03 1.585817000000000007e+03 8.655522999999999456e+01 -1.202723999999999904e+00
4.971426999999999680e+03 2.805561999999999898e+03 2.041079999999999927e+03 1.444196999999999889e+03 7.494962000000000444e+02 4.131309999999999718e+02 2.139933000000000050e+02 8.655522999999999456e+01 1.958646999999999991e+02 9.941482999999999570e-02
3.104238000000000284e+02 1.577518000000000029e+02 7.357086999999999932e+01 4.072498999999999825e+01 8.198214000000000112e+01 5.323371999999999815e+01 -2.263148999999999855e+00 -1.202723999999999904e+00 9.941482999999999570e-02 1.264517999999999986e+01
