1.373174000000000000e+06 6.972118000000000466e+05 4.153949000000000233e+05 2.361447999999999884e+05 1.213071999999999971e+05 5.031561000000000058e+04 1.733140000000000146e+04 6.532890999999999622e+03 3.264900000000000091e+02 2.529814999999999969e+01
6.972118000000000466e+05 5.433028000000000466e+05 2.419916000000000058e+05 1.423572999999999884e+05 7.783883999999999651e+04 3.189211000000000058e+04 1.116306999999999971e+04 3.510557999999999993e+03 4.868109999999999786e+02 8.512638000000000815e+00
4.153949000000000233e+05 2.419916000000000058e+05 2.064043999999999942e+05 7.955836999999999534e+04 4.425208000000000175e+04 1.769125999999999840e+04 6.226341000000000349e+03 2.324936999999999898e+03 1.230657999999999959e+02 5.736625000000000085e+01
2.361447999999999884e+05 1.423572999999999884e+05 7.955836999999999534e+04 8.228852999999999884e+04 2.621652000000000044e+04 1.033239999999999964e+04 4.076621999999999844e+03 1.307579999999999927e+03 1.644963999999999942e+02 5.054757000000000033e+01
1.213071999999999971e+05 7.783883999999999651e+04 4.425208000000000175e+04 2.621652000000000044e+04 2.890790000000000146e+04 5.940157000000000153e+03 2.204101000000000113e+03 9.471543000000000347e+02 1.662137999999999920e+02 2.567632000000000048e+01
5.031561000000000058e+04 3.189211000000000058e+04 1.769125999999999840e+04 1.033239999999999964e+04 5.940157000000000153e+03 7.808688000000000102e+03 1.073173000000000002e+03 3.861739999999999782e+02 3.108759999999999835e+01 6.448318000000000438e+00
1.733140000000000146e+04 1.116306999999999971e+04 6.226341000000000349e+03 4.076621999999999844e+03 2.204101000000000113e+03 1.073173000000000002e+03 1.696537000000000035e+03 1.642937000000000012e+02 1.766659999999999897e+01 4.957095999999999947e+00
6.532890999999999622e+03 3.510557999999999993e+03 2.324936999999999898e+03 1.307579999999999927e+03 9.471543000000000347e+02 3.861739999999999782e+02 1.642937000000000012e+02 3.628817000000000235e+02 1.081866999999999912e+00 1.783619000000000065e+00
3.264900000000000091e+02 4.868109999999999786e+02 1.230657999999999959e+02 1.644963999999999942e+02 1.662137999999999920e+02 3.108759999999999835e+01 1.766659999999999897e+01 1.081866999999999912e+00 4.495694000000000301e+01 -4.385948000000000069e-01
2.529814999999999969e+01 8.512638000000000815e+00 5.736625000000000085e+01 5.054757000000000033e+01 2.567632000000000048e+01 6.448318000000000438e+00 4.957095999999999947e+00 1.783619000000000065e+00 -4.385948000000000069e-01 4.941501999999999839e+00
