2.744553000000000000e+06 1.477261000000000000e+06 9.483388000000000466e+05 5.466985999999999767e+05 3.451714000000000233e+05 2.010170000000000000e+05 8.630860000000000582e+04 2.970924000000000160e+04 6.798072000000000116e+03 8.967450999999999794e+02
1.477261000000000000e+06 1.144248000000000000e+06 6.050790000000000000e+05 3.472617000000000116e+05 2.239982999999999884e+05 1.206161999999999971e+05 5.462590000000000146e+04 1.961031000000000131e+04 3.808003000000000156e+03 5.230623000000000502e+02
9.483388000000000466e+05 6.050790000000000000e+05 5.235025999999999767e+05 2.214128999999999942e+05 1.438062000000000116e+05 7.855650999999999476e+04 3.426076000000000204e+04 1.171975000000000000e+04 2.488585000000000036e+03 2.965056999999999903e+02
5.466985999999999767e+05 3.472617000000000116e+05 2.214128999999999942e+05 1.942401000000000058e+05 8.099802999999999884e+04 4.367866000000000349e+04 2.038756999999999971e+04 6.747240999999999985e+03 1.577920000000000073e+03 2.111804999999999950e+02
3.451714000000000233e+05 2.239982999999999884e+05 1.438062000000000116e+05 8.099802999999999884e+04 8.411121000000000640e+04 2.832720000000000073e+04 1.279968000000000029e+04 4.183677999999999884e+03 9.995810000000000173e+02 1.829622999999999990e+02
2.010170000000000000e+05 1.206161999999999971e+05 7.855650999999999476e+04 4.367866000000000349e+04 2.832720000000000073e+04 3.074375999999999840e+04 7.067738999999999578e+03 2.725382999999999811e+03 6.589116999999999962e+02 8.861565000000000225e+01
8.630860000000000582e+04 5.462590000000000146e+04 3.426076000000000204e+04 2.038756999999999971e+04 1.279968000000000029e+04 7.067738999999999578e+03 8.899302999999999884e+03 1.463519000000000005e+03 1.970596999999999923e+02 4.874835000000000207e+01
2.970924000000000160e+04 1.961031000000000131e+04 1.171975000000000000e+04 6.747240999999999985e+03 4.183677999999999884e+03 2.725382999999999811e+03 1.463519000000000005e+03 1.931608999999999924e+03 1.299936999999999898e+02 1.532158000000000087e+01
6.798072000000000116e+03 3.808003000000000156e+03 2.488585000000000036e+03 1.577920000000000073e+03 9.995810000000000173e+02 6.589116999999999962e+02 1.970596999999999923e+02 1.299936999999999898e+02 2.674590000000000032e+02 -3.828444999999999876e+00
8.967450999999999794e+02 5.230623000000000502e+02 2.965056999999999903e+02 2.111804999999999950e+02 1.829622999999999990e+02 8.861565000000000225e+01 4.874835000000000207e+01 1.532158000000000087e+01 -3.828444999999999876e+00 2.641704999999999970e+01
