2.173991999999999825e+04 5.678715000000000146e+03 2.729385000000000218e+03 1.646270999999999958e+03 4.690819999999999936e+02 3.131528000000000134e+02 1.146895999999999987e+02 4.060802999999999940e+01 1.076018999999999970e+01 1.192978000000000094e+00
5.678715000000000146e+03 9.918520000000000437e+03 1.935395999999999958e+03 8.221606000000000449e+02 3.642871000000000095e+02 1.398122999999999934e+02 7.406989000000000090e+01 -1.715392999999999946e+00 1.102529999999999966e+01 1.508766000000000052e+00
2.729385000000000218e+03 1.935395999999999958e+03 4.123506999999999607e+03 5.067212999999999852e+02 1.906270000000000095e+02 5.328244999999999720e+01 2.516754999999999853e+01 2.821041999999999916e+01 -3.781661999999999857e+00 -1.943462000000000023e+00
1.646270999999999958e+03 8.221606000000000449e+02 5.067212999999999852e+02 1.394238000000000056e+03 1.107831999999999937e+02 9.481834999999999525e+01 2.670749999999999957e+01 1.389467999999999925e+01 1.816756999999999955e+00 4.541893000000000180e-01
4.690819999999999936e+02 3.642871000000000095e+02 1.906270000000000095e+02 1.107831999999999937e+02 5.409414000000000442e+02 4.990234000000000059e+00 4.091991999999999763e+01 4.990234000000000059e+00 -9.980468999999999591e-01 0.000000000000000000e+00
3.131528000000000134e+02 1.398122999999999934e+02 5.328244999999999720e+01 9.481834999999999525e+01 4.990234000000000059e+00 2.097067999999999870e+02 -2.202720999999999929e+00 4.647155999999999842e+00 1.606232000000000104e+00 -3.469771999999999856e-01
1.146895999999999987e+02 7.406989000000000090e+01 2.516754999999999853e+01 2.670749999999999957e+01 4.091991999999999763e+01 -2.202720999999999929e+00 6.959623000000000559e+01 2.136444000000000010e+00 -4.756316999999999906e-01 -1.189078999999999969e-01
4.060802999999999940e+01 -1.715392999999999946e+00 2.821041999999999916e+01 1.389467999999999925e+01 4.990234000000000059e+00 4.647155999999999842e+00 2.136444000000000010e+00 2.482641999999999882e+01 -1.871337999999999890e-01 -4.678344999999999726e-02
1.076018999999999970e+01 1.102529999999999966e+01 -3.781661999999999857e+00 1.816756999999999955e+00 -9.980468999999999591e-01 1.606232000000000104e+00 -4.756316999999999906e-01 -1.871337999999999890e-01 3.960999000000000159e+00 -7.797240999999999894e-03
1.192978000000000094e+00 1.508766000000000052e+00 -1.943462000000000023e+00 4.541893000000000180e-01 0.000000000000000000e+00 -3.469771999999999856e-01 -1.189078999999999969e-01 -4.678344999999999726e-02 -7.797240999999999894e-03 9.960976000000000274e-01
