2.509703000000000000e+06 1.368276000000000000e+06 8.605419000000000233e+05 5.025885999999999767e+05 2.849254000000000233e+05 1.488530000000000000e+05 5.681283000000000175e+04 1.887374000000000160e+04 2.328271999999999935e+03 2.660418999999999983e+02
1.368276000000000000e+06 1.061237000000000000e+06 5.276183000000000466e+05 3.154429000000000233e+05 1.825888999999999942e+05 8.867758000000000175e+04 3.486601999999999680e+04 1.135544000000000051e+04 1.360923000000000002e+03 1.788686999999999898e+02
8.605419000000000233e+05 5.276183000000000466e+05 4.386372000000000116e+05 1.912967000000000116e+05 1.111823999999999942e+05 5.560966999999999825e+04 2.110038999999999942e+04 6.582988999999999578e+03 1.292973999999999933e+03 9.414388999999999896e+01
5.025885999999999767e+05 3.154429000000000233e+05 1.912967000000000116e+05 1.757617000000000116e+05 6.916010000000000582e+04 3.328998000000000320e+04 1.340495000000000073e+04 4.411074999999999818e+03 6.631203000000000429e+02 6.498220999999999492e+01
2.849254000000000233e+05 1.825888999999999942e+05 1.111823999999999942e+05 6.916010000000000582e+04 6.336994000000000233e+04 1.971695000000000073e+04 7.887912999999999556e+03 2.361195999999999913e+03 4.459359000000000037e+02 4.383608999999999867e+01
1.488530000000000000e+05 8.867758000000000175e+04 5.560966999999999825e+04 3.328998000000000320e+04 1.971695000000000073e+04 2.065766999999999825e+04 4.487372999999999593e+03 1.361355000000000018e+03 2.116912000000000091e+02 3.279520000000000124e+01
5.681283000000000175e+04 3.486601999999999680e+04 2.110038999999999942e+04 1.340495000000000073e+04 7.887912999999999556e+03 4.487372999999999593e+03 5.335774999999999636e+03 4.584972999999999956e+02 1.274809999999999945e+02 1.356719999999999926e+00
1.887374000000000160e+04 1.135544000000000051e+04 6.582988999999999578e+03 4.411074999999999818e+03 2.361195999999999913e+03 1.361355000000000018e+03 4.584972999999999956e+02 1.004464000000000055e+03 3.824546999999999741e+01 7.890807999999999822e+00
2.328271999999999935e+03 1.360923000000000002e+03 1.292973999999999933e+03 6.631203000000000429e+02 4.459359000000000037e+02 2.116912000000000091e+02 1.274809999999999945e+02 3.824546999999999741e+01 1.266817999999999955e+02 -9.044799999999999507e-01
2.660418999999999983e+02 1.788686999999999898e+02 9.414388999999999896e+01 6.498220999999999492e+01 4.383608999999999867e+01 3.279520000000000124e+01 1.356719999999999926e+00 7.890807999999999822e+00 -9.044799999999999507e-01 7.859619000000000355e+00
