1.712531000000000000e+06 9.313058000000000466e+05 5.904593000000000466e+05 3.405842000000000116e+05 1.791220000000000000e+05 8.849383000000000175e+04 3.778338999999999942e+04 1.027527000000000044e+04 1.321960000000000036e+03 2.552621999999999858e+01
9.313058000000000466e+05 7.630368000000000466e+05 3.786157999999999884e+05 2.210075000000000000e+05 1.106740000000000000e+05 5.503883000000000175e+04 2.631311999999999898e+04 6.694657000000000153e+03 9.649085999999999785e+02 9.729202999999999690e+01
5.904593000000000466e+05 3.786157999999999884e+05 3.159630000000000000e+05 1.341862999999999884e+05 7.234010000000000582e+04 3.727363999999999942e+04 1.567162000000000080e+04 3.511947999999999865e+03 8.345386999999999489e+02 3.901545000000000130e+01
3.405842000000000116e+05 2.210075000000000000e+05 1.341862999999999884e+05 1.208075000000000000e+05 4.045741999999999825e+04 2.125370000000000073e+04 9.297727000000000771e+03 2.607958999999999833e+03 4.265403000000000020e+02 1.116409000000000020e+02
1.791220000000000000e+05 1.106740000000000000e+05 7.234010000000000582e+04 4.045741999999999825e+04 4.386134999999999854e+04 1.274214999999999964e+04 5.164015000000000327e+03 1.282692999999999984e+03 1.883502000000000010e+02 5.306412999999999869e+01
8.849383000000000175e+04 5.503883000000000175e+04 3.727363999999999942e+04 2.125370000000000073e+04 1.274214999999999964e+04 1.354179000000000087e+04 2.496923999999999978e+03 7.830691000000000486e+02 1.685295999999999879e+02 1.530404000000000053e+01
3.778338999999999942e+04 2.631311999999999898e+04 1.567162000000000080e+04 9.297727000000000771e+03 5.164015000000000327e+03 2.496923999999999978e+03 3.663032999999999902e+03 4.913276000000000181e+02 6.884963999999999373e+01 6.025318000000000396e+00
1.027527000000000044e+04 6.694657000000000153e+03 3.511947999999999865e+03 2.607958999999999833e+03 1.282692999999999984e+03 7.830691000000000486e+02 4.913276000000000181e+02 6.866250999999999749e+02 2.376598999999999862e+01 1.816756999999999955e+00
1.321960000000000036e+03 9.649085999999999785e+02 8.345386999999999489e+02 4.265403000000000020e+02 1.883502000000000010e+02 1.685295999999999879e+02 6.884963999999999373e+01 2.376598999999999862e+01 1.046701999999999941e+02 1.715393000000000057e-01
2.552621999999999858e+01 9.729202999999999690e+01 3.901545000000000130e+01 1.116409000000000020e+02 5.306412999999999869e+01 1.530404000000000053e+01 6.025318000000000396e+00 1.816756999999999955e+00 1.715393000000000057e-01 8.824528000000000816e+00
