1.510906000000000000e+06 7.830191999999999534e+05 4.966902000000000116e+05 2.797975000000000000e+05 1.542988999999999942e+05 6.875544999999999709e+04 2.792475000000000000e+04 9.539299000000000888e+03 1.249125999999999976e+03 4.152420999999999651e+01
7.830191999999999534e+05 6.484815000000000000e+05 3.047519000000000233e+05 1.807187999999999884e+05 9.735825999999999476e+04 4.703337000000000262e+04 1.826336999999999898e+04 6.116011999999999716e+03 7.180479000000000269e+02 2.167555000000000121e+02
4.966902000000000116e+05 3.047519000000000233e+05 2.527275000000000000e+05 1.086091999999999971e+05 5.858127999999999884e+04 2.748365000000000146e+04 1.087379999999999927e+04 3.682608000000000175e+03 3.486225000000000023e+02 8.404255999999999460e+01
2.797975000000000000e+05 1.807187999999999884e+05 1.086091999999999971e+05 1.055176999999999971e+05 3.494459999999999854e+04 1.674986000000000058e+04 6.451364999999999782e+03 2.278130000000000109e+03 2.774180000000000064e+02 1.364243999999999915e+02
1.542988999999999942e+05 9.735825999999999476e+04 5.858127999999999884e+04 3.494459999999999854e+04 3.718211000000000058e+04 1.009160000000000036e+04 4.292146999999999935e+03 1.250631000000000085e+03 1.888180000000000121e+02 4.319671999999999912e+01
6.875544999999999709e+04 4.703337000000000262e+04 2.748365000000000146e+04 1.674986000000000058e+04 1.009160000000000036e+04 1.119557999999999993e+04 1.851342000000000098e+03 7.987532999999999674e+02 7.471317000000000519e+01 2.523967000000000027e+01
2.792475000000000000e+04 1.826336999999999898e+04 1.087379999999999927e+04 6.451364999999999782e+03 4.292146999999999935e+03 1.851342000000000098e+03 2.696690000000000055e+03 2.902309000000000196e+02 3.479908999999999963e+01 1.751650000000000063e+01
9.539299000000000888e+03 6.116011999999999716e+03 3.682608000000000175e+03 2.278130000000000109e+03 1.250631000000000085e+03 7.987532999999999674e+02 2.902309000000000196e+02 6.550286999999999580e+02 2.315001000000000175e+01 -9.551619999999999555e-01
1.249125999999999976e+03 7.180479000000000269e+02 3.486225000000000023e+02 2.774180000000000064e+02 1.888180000000000121e+02 7.471317000000000519e+01 3.479908999999999963e+01 2.315001000000000175e+01 9.528229000000000326e+01 2.027283000000000002e-01
4.152420999999999651e+01 2.167555000000000121e+02 8.404255999999999460e+01 1.364243999999999915e+02 4.319671999999999912e+01 2.523967000000000027e+01 1.751650000000000063e+01 -9.551619999999999555e-01 2.027283000000000002e-01 9.785538000000000736e+00
