2.456272000000000116e+05 1.037785000000000000e+05 5.648326000000000204e+04 3.301244000000000233e+04 1.420622999999999956e+04 5.225742000000000189e+03 1.704897999999999911e+03 5.165049000000000206e+02 7.829989999999999384e+01 4.461581000000000330e+01
1.037785000000000000e+05 9.877591999999999825e+04 3.393726000000000204e+04 1.996663999999999942e+04 9.746773999999999432e+03 3.545713999999999942e+03 1.018052999999999997e+03 3.682033000000000129e+02 1.254830000000000041e+02 2.096873000000000076e+01
5.648326000000000204e+04 3.393726000000000204e+04 3.987781999999999971e+04 1.123353000000000065e+04 5.363055999999999585e+03 1.860308999999999969e+03 5.929080999999999904e+02 2.018803000000000054e+02 2.662172999999999945e+01 1.355354999999999954e+01
3.301244000000000233e+04 1.996663999999999942e+04 1.123353000000000065e+04 1.428471999999999935e+04 3.424286999999999807e+03 1.132296000000000049e+03 4.918870000000000005e+02 1.157676000000000016e+02 3.844234999999999758e+01 1.689076999999999984e+01
1.420622999999999956e+04 9.746773999999999432e+03 5.363055999999999585e+03 3.424286999999999807e+03 5.069322000000000116e+03 6.315220000000000482e+02 2.564395999999999844e+02 8.944604999999999961e+01 8.120827000000000240e+00 6.062355000000000160e+00
5.225742000000000189e+03 3.545713999999999942e+03 1.860308999999999969e+03 1.132296000000000049e+03 6.315220000000000482e+02 1.400500999999999976e+03 5.245593999999999824e+01 3.181663999999999959e+01 -5.625709999999999766e+00 -1.571144000000000096e+00
1.704897999999999911e+03 1.018052999999999997e+03 5.929080999999999904e+02 4.918870000000000005e+02 2.564395999999999844e+02 5.245593999999999824e+01 3.610414999999999850e+02 2.142877000000000010e+01 1.085766000000000009e+00 1.189078999999999969e-01
5.165049000000000206e+02 3.682033000000000129e+02 2.018803000000000054e+02 1.157676000000000016e+02 8.944604999999999961e+01 3.181663999999999959e+01 2.142877000000000010e+01 7.666052999999999429e+01 -9.298210000000000086e-01 5.360603000000000451e-01
7.829989999999999384e+01 1.254830000000000041e+02 2.662172999999999945e+01 3.844234999999999758e+01 8.120827000000000240e+00 -5.625709999999999766e+00 1.085766000000000009e+00 -9.298210000000000086e-01 1.825919000000000025e+01 -1.111107000000000067e-01
4.461581000000000330e+01 2.096873000000000076e+01 1.355354999999999954e+01 1.689076999999999984e+01 6.062355000000000160e+00 -1.571144000000000096e+00 1.189078999999999969e-01 5.360603000000000451e-01 -1.111107000000000067e-01 2.976596999999999937e+00
