2.912870000000000000e+06 1.583914000000000000e+06 9.991688000000000466e+05 5.860821999999999534e+05 3.184907999999999884e+05 1.728836000000000058e+05 8.469585000000000582e+04 2.618811000000000058e+04 7.115720999999999549e+03 9.419243000000000166e+02
1.583914000000000000e+06 1.161826000000000000e+06 6.331219000000000233e+05 3.637582000000000116e+05 2.038722000000000116e+05 1.068465000000000000e+05 5.313498999999999796e+04 1.525669000000000051e+04 4.304784999999999854e+03 7.135587000000000444e+02
9.991688000000000466e+05 6.331219000000000233e+05 5.083107000000000116e+05 2.342502000000000116e+05 1.317607999999999884e+05 7.165899000000000524e+04 3.169875000000000000e+04 1.010817000000000007e+04 2.956641999999999825e+03 3.681408999999999878e+02
5.860821999999999534e+05 3.637582000000000116e+05 2.342502000000000116e+05 1.977752000000000116e+05 7.692596000000000640e+04 4.170798999999999796e+04 1.955075000000000000e+04 6.098259000000000015e+03 1.430967000000000098e+03 2.257204000000000121e+02
3.184907999999999884e+05 2.038722000000000116e+05 1.317607999999999884e+05 7.692596000000000640e+04 7.061255999999999767e+04 2.330552999999999884e+04 1.061071999999999935e+04 3.411880000000000109e+03 8.298583999999999605e+02 1.213503999999999934e+02
1.728836000000000058e+05 1.068465000000000000e+05 7.165899000000000524e+04 4.170798999999999796e+04 2.330552999999999884e+04 2.464970999999999913e+04 5.686680000000000291e+03 1.892138999999999896e+03 4.805224999999999795e+02 5.158460000000000178e+01
8.469585000000000582e+04 5.313498999999999796e+04 3.169875000000000000e+04 1.955075000000000000e+04 1.061071999999999935e+04 5.686680000000000291e+03 6.763693000000000211e+03 7.668392000000000053e+02 1.925177999999999940e+02 3.845210000000000150e+01
2.618811000000000058e+04 1.525669000000000051e+04 1.010817000000000007e+04 6.098259000000000015e+03 3.411880000000000109e+03 1.892138999999999896e+03 7.668392000000000053e+02 1.210239000000000033e+03 7.910496000000000549e+01 -1.296291000000000082e+00
7.115720999999999549e+03 4.304784999999999854e+03 2.956641999999999825e+03 1.430967000000000098e+03 8.298583999999999605e+02 4.805224999999999795e+02 1.925177999999999940e+02 7.910496000000000549e+01 2.436151000000000124e+02 1.151847000000000065e+01
9.419243000000000166e+02 7.135587000000000444e+02 3.681408999999999878e+02 2.257204000000000121e+02 1.213503999999999934e+02 5.158460000000000178e+01 3.845210000000000150e+01 -1.296291000000000082e+00 1.151847000000000065e+01 1.825919000000000025e+01
