2.068020000000000000e+06 1.185158000000000000e+06 7.284708000000000466e+05 4.295004000000000233e+05 2.294301000000000058e+05 1.106488999999999942e+05 5.282668000000000029e+04 1.465578000000000065e+04 4.043045000000000073e+03 6.043739000000000487e+02
1.185158000000000000e+06 9.353203000000000466e+05 4.818159000000000233e+05 2.903950000000000000e+05 1.558496000000000058e+05 7.636196000000000640e+04 3.456548999999999796e+04 9.420388999999999214e+03 2.516661000000000058e+03 4.178190999999999917e+02
7.284708000000000466e+05 4.818159000000000233e+05 3.741440999999999767e+05 1.818031000000000058e+05 9.915025999999999476e+04 4.594558000000000175e+04 2.156415000000000146e+04 5.668886999999999716e+03 1.640189000000000078e+03 2.557923999999999864e+02
4.295004000000000233e+05 2.903950000000000000e+05 1.818031000000000058e+05 1.594888999999999942e+05 6.101283999999999651e+04 2.750124000000000160e+04 1.270143000000000029e+04 3.659356000000000222e+03 6.082510999999999513e+02 1.594242999999999881e+02
2.294301000000000058e+05 1.558496000000000058e+05 9.915025999999999476e+04 6.101283999999999651e+04 5.580023999999999796e+04 1.564777000000000044e+04 7.502921000000000276e+03 2.209579999999999927e+03 4.852028000000000247e+02 7.878137999999999863e+01
1.106488999999999942e+05 7.636196000000000640e+04 4.594558000000000175e+04 2.750124000000000160e+04 1.564777000000000044e+04 1.586561000000000058e+04 3.609940999999999804e+03 9.423297000000000025e+02 2.268101000000000056e+02 7.574434999999999718e+01
5.282668000000000029e+04 3.456548999999999796e+04 2.156415000000000146e+04 1.270143000000000029e+04 7.502921000000000276e+03 3.609940999999999804e+03 4.710358000000000175e+03 4.708383999999999787e+02 1.250561000000000007e+02 1.108183000000000007e+01
1.465578000000000065e+04 9.420388999999999214e+03 5.668886999999999716e+03 3.659356000000000222e+03 2.209579999999999927e+03 9.423297000000000025e+02 4.708383999999999787e+02 9.001115999999999531e+02 5.548127000000000209e+01 4.395694999999999908e+00
4.043045000000000073e+03 2.516661000000000058e+03 1.640189000000000078e+03 6.082510999999999513e+02 4.852028000000000247e+02 2.268101000000000056e+02 1.250561000000000007e+02 5.548127000000000209e+01 1.800149000000000115e+02 7.138373999999999775e+00
6.043739000000000487e+02 4.178190999999999917e+02 2.557923999999999864e+02 1.594242999999999881e+02 7.878137999999999863e+01 7.574434999999999718e+01 1.108183000000000007e+01 4.395694999999999908e+00 7.138373999999999775e+00 1.839953999999999823e+01
