3.730555000000000291e+04 1.117852000000000044e+04 6.155948999999999614e+03 3.014003999999999905e+03 1.479791999999999916e+03 6.038495000000000346e+02 2.127086999999999932e+02 6.457675000000000409e+01 -9.083786000000000360e-01 9.399573999999999430e+00
1.117852000000000044e+04 1.549379999999999927e+04 3.671108999999999924e+03 1.357666999999999916e+03 9.685421000000000049e+02 4.318111999999999853e+02 1.493327999999999918e+02 3.819089000000000311e+01 1.922409999999999997e+01 -3.341117999999999810e+00
6.155948999999999614e+03 3.671108999999999924e+03 6.795932999999999993e+03 9.664193000000000211e+02 4.696745999999999981e+02 2.411687000000000012e+02 9.737194999999999823e+01 3.459635999999999711e+01 -8.440514000000000072e-01 3.623768000000000100e+00
3.014003999999999905e+03 1.357666999999999916e+03 9.664193000000000211e+02 2.190976000000000113e+03 1.595315999999999974e+02 9.682613999999999521e+01 4.597252999999999901e+01 -5.387894000000000183e+00 7.343052000000000135e+00 -7.270927000000000362e-01
1.479791999999999916e+03 9.685421000000000049e+02 4.696745999999999981e+02 1.595315999999999974e+02 8.897587999999999511e+02 2.619873000000000118e+01 1.796483999999999881e+01 1.309937000000000040e+01 3.337219000000000158e+00 -5.302124000000000281e-01
6.038495000000000346e+02 4.318111999999999853e+02 2.411687000000000012e+02 9.682613999999999521e+01 2.619873000000000118e+01 2.863147000000000162e+02 8.483397999999999328e+00 8.670531999999999684e+00 -1.730987999999999971e+00 -5.458068999999999837e-01
2.127086999999999932e+02 1.493327999999999918e+02 9.737194999999999823e+01 4.597252999999999901e+01 1.796483999999999881e+01 8.483397999999999328e+00 9.780858999999999526e+01 2.744629000000000207e+00 6.237792999999999810e-02 -1.871337999999999890e-01
6.457675000000000409e+01 3.819089000000000311e+01 3.459635999999999711e+01 -5.387894000000000183e+00 1.309937000000000040e+01 8.670531999999999684e+00 2.744629000000000207e+00 2.641704999999999970e+01 -2.729034000000000182e-01 -5.458069000000000115e-02
-9.083786000000000360e-01 1.922409999999999997e+01 -8.440514000000000072e-01 7.343052000000000135e+00 3.337219000000000158e+00 -1.730987999999999971e+00 6.237792999999999810e-02 -2.729034000000000182e-01 4.941501999999999839e+00 -9.746552000000000340e-03
9.399573999999999430e+00 -3.341117999999999810e+00 3.623768000000000100e+00 -7.270927000000000362e-01 -5.302124000000000281e-01 -5.458068999999999837e-01 -1.871337999999999890e-01 -5.458069000000000115e-02 -9.746552000000000340e-03 9.960976000000000274e-01
