3.230711000000000000e+06 1.737421000000000000e+06 1.077898000000000000e+06 6.585165999999999767e+05 4.001622999999999884e+05 2.232487999999999884e+05 1.038611000000000058e+05 4.004456999999999971e+04 1.112839999999999964e+04 2.393942000000000007e+03
1.737421000000000000e+06 1.298968000000000000e+06 6.700460999999999767e+05 4.029410999999999767e+05 2.485772000000000116e+05 1.384143999999999942e+05 6.675680999999999767e+04 2.512393000000000029e+04 7.300608000000000175e+03 1.390953999999999951e+03
1.077898000000000000e+06 6.700460999999999767e+05 5.318598000000000466e+05 2.481122000000000116e+05 1.598672999999999884e+05 8.525742999999999302e+04 4.093051999999999680e+04 1.570982999999999993e+04 4.244020999999999731e+03 9.510119999999999436e+02
6.585165999999999767e+05 4.029410999999999767e+05 2.481122000000000116e+05 2.158141000000000058e+05 9.535844000000000233e+04 5.307723999999999796e+04 2.421925999999999840e+04 8.823614999999999782e+03 2.797251999999999953e+03 6.275610000000000355e+02
4.001622999999999884e+05 2.485772000000000116e+05 1.598672999999999884e+05 9.535844000000000233e+04 9.264782000000000698e+04 3.309847000000000116e+04 1.565284000000000015e+04 5.900189999999999600e+03 1.735988000000000056e+03 2.258334000000000117e+02
2.232487999999999884e+05 1.384143999999999942e+05 8.525742999999999302e+04 5.307723999999999796e+04 3.309847000000000116e+04 3.285619000000000233e+04 8.826680000000000291e+03 3.405807999999999993e+03 8.820434000000000196e+02 1.452665000000000077e+02
1.038611000000000058e+05 6.675680999999999767e+04 4.093051999999999680e+04 2.421925999999999840e+04 1.565284000000000015e+04 8.826680000000000291e+03 9.914316999999999098e+03 1.654597999999999956e+03 3.169968000000000075e+02 7.116541999999999746e+01
4.004456999999999971e+04 2.512393000000000029e+04 1.570982999999999993e+04 8.823614999999999782e+03 5.900189999999999600e+03 3.405807999999999993e+03 1.654597999999999956e+03 2.135101000000000113e+03 1.071088000000000022e+02 2.650086999999999904e+01
1.112839999999999964e+04 7.300608000000000175e+03 4.244020999999999731e+03 2.797251999999999953e+03 1.735988000000000056e+03 8.820434000000000196e+02 3.169968000000000075e+02 1.071088000000000022e+02 4.052830999999999904e+02 2.457495000000000118e+01
2.393942000000000007e+03 1.390953999999999951e+03 9.510119999999999436e+02 6.275610000000000355e+02 2.258334000000000117e+02 1.452665000000000077e+02 7.116541999999999746e+01 2.650086999999999904e+01 2.457495000000000118e+01 4.495694000000000301e+01
