3.150628000000000000e+06 1.684871000000000000e+06 1.058833000000000000e+06 6.331193000000000466e+05 3.881157000000000116e+05 1.989907000000000116e+05 9.699117999999999302e+04 3.460244999999999709e+04 9.224248999999999796e+03 1.785798000000000002e+03
1.684871000000000000e+06 1.240495000000000000e+06 6.505516999999999534e+05 3.790320000000000000e+05 2.431577999999999884e+05 1.223618999999999942e+05 6.177059999999999854e+04 2.113018999999999869e+04 6.212768000000000029e+03 9.787526000000000295e+02
1.058833000000000000e+06 6.505516999999999534e+05 5.301948000000000466e+05 2.430146000000000058e+05 1.554102999999999884e+05 8.018785000000000582e+04 3.798548000000000320e+04 1.337263999999999942e+04 3.734275999999999840e+03 6.015669000000000324e+02
6.331193000000000466e+05 3.790320000000000000e+05 2.430146000000000058e+05 2.085965000000000000e+05 9.176002000000000407e+04 4.812695999999999913e+04 2.172370999999999913e+04 7.723533999999999651e+03 2.315257999999999811e+03 3.851447000000000003e+02
3.881157000000000116e+05 2.431577999999999884e+05 1.554102999999999884e+05 9.176002000000000407e+04 8.866844999999999709e+04 2.958679999999999927e+04 1.409451000000000022e+04 5.468042000000000371e+03 1.441624000000000024e+03 1.776444999999999936e+02
1.989907000000000116e+05 1.223618999999999942e+05 8.018785000000000582e+04 4.812695999999999913e+04 2.958679999999999927e+04 2.827036000000000058e+04 7.573569999999999709e+03 2.478451000000000022e+03 6.606875000000000000e+02 7.003871999999999787e+01
9.699117999999999302e+04 6.177059999999999854e+04 3.798548000000000320e+04 2.172370999999999913e+04 1.409451000000000022e+04 7.573569999999999709e+03 8.750593999999999141e+03 1.189195999999999913e+03 2.124981999999999971e+02 4.967622000000000071e+01
3.460244999999999709e+04 2.113018999999999869e+04 1.337263999999999942e+04 7.723533999999999651e+03 5.468042000000000371e+03 2.478451000000000022e+03 1.189195999999999913e+03 1.721130000000000109e+03 9.261758000000000379e+01 6.797245000000000203e+00
9.224248999999999796e+03 6.212768000000000029e+03 3.734275999999999840e+03 2.315257999999999811e+03 1.441624000000000024e+03 6.606875000000000000e+02 2.124981999999999971e+02 9.261758000000000379e+01 3.341254000000000133e+02 1.595509999999999984e+01
1.785798000000000002e+03 9.787526000000000295e+02 6.015669000000000324e+02 3.851447000000000003e+02 1.776444999999999936e+02 7.003871999999999787e+01 4.967622000000000071e+01 6.797245000000000203e+00 1.595509999999999984e+01 3.305834999999999724e+01
