2.884250000000000000e+06 1.526759000000000000e+06 9.977900999999999767e+05 5.317268000000000466e+05 3.101619000000000233e+05 1.300801999999999971e+05 7.126872999999999593e+04 1.564004999999999927e+04 5.592061999999999898e+03 5.174093000000000302e+02
1.526759000000000000e+06 1.102466000000000000e+06 6.046070000000000000e+05 3.219492999999999884e+05 1.923297999999999884e+05 8.467375000000000000e+04 4.258340000000000146e+04 9.000791999999999462e+03 3.139378000000000156e+03 2.660262999999999920e+02
9.977900999999999767e+05 6.046070000000000000e+05 4.931382999999999884e+05 2.166488999999999942e+05 1.275836999999999971e+05 5.388848000000000320e+04 2.717918000000000029e+04 6.321192000000000007e+03 2.395557999999999993e+03 1.643969999999999914e+02
5.317268000000000466e+05 3.219492999999999884e+05 2.166488999999999942e+05 1.668485000000000000e+05 7.086608000000000175e+04 3.133968000000000029e+04 1.563277000000000044e+04 3.215550999999999931e+03 1.200425999999999931e+03 7.068979000000000212e+01
3.101619000000000233e+05 1.923297999999999884e+05 1.275836999999999971e+05 7.086608000000000175e+04 6.592271000000000640e+04 1.780520000000000073e+04 9.096620000000000800e+03 2.121472999999999956e+03 5.048480000000000132e+02 1.715392999999999901e+01
1.300801999999999971e+05 8.467375000000000000e+04 5.388848000000000320e+04 3.133968000000000029e+04 1.780520000000000073e+04 1.843265000000000146e+04 3.763077000000000226e+03 7.377749999999999773e+02 1.808355999999999995e+02 2.559055000000000035e+01
7.126872999999999593e+04 4.258340000000000146e+04 2.717918000000000029e+04 1.563277000000000044e+04 9.096620000000000800e+03 3.763077000000000226e+03 4.963654000000000451e+03 3.937918999999999983e+02 1.634262999999999977e+02 1.468999999999999950e+01
1.564004999999999927e+04 9.000791999999999462e+03 6.321192000000000007e+03 3.215550999999999931e+03 2.121472999999999956e+03 7.377749999999999773e+02 3.937918999999999983e+02 9.416571999999999889e+02 4.918500000000000227e+01 1.247559000000000085e+00
5.592061999999999898e+03 3.139378000000000156e+03 2.395557999999999993e+03 1.200425999999999931e+03 5.048480000000000132e+02 1.808355999999999995e+02 1.634262999999999977e+02 4.918500000000000227e+01 1.421262000000000114e+02 5.099395999999999596e+00
5.174093000000000302e+02 2.660262999999999920e+02 1.643969999999999914e+02 7.068979000000000212e+01 1.715392999999999901e+01 2.559055000000000035e+01 1.468999999999999950e+01 1.247559000000000085e+00 5.099395999999999596e+00 7.859619000000000355e+00
