1.551660000000000000e+06 8.651820999999999767e+05 5.246936999999999534e+05 3.097870000000000000e+05 1.713347000000000116e+05 8.581961000000000058e+04 3.670354000000000087e+04 1.310269000000000051e+04 2.347889999999999873e+03 4.379904999999999973e+02
8.651820999999999767e+05 6.983828000000000466e+05 3.399747999999999884e+05 1.984181000000000058e+05 1.090318000000000029e+05 5.202305999999999767e+04 2.410406000000000131e+04 7.222779000000000451e+03 1.467097999999999956e+03 1.286935000000000002e+02
5.246936999999999534e+05 3.399747999999999884e+05 2.858089000000000233e+05 1.269878000000000029e+05 6.869494999999999709e+04 3.111513000000000102e+04 1.464987999999999920e+04 5.544283000000000357e+03 1.095450000000000045e+03 1.831805999999999983e+02
3.097870000000000000e+05 1.984181000000000058e+05 1.269878000000000029e+05 1.109521000000000058e+05 4.224955999999999767e+04 2.066840000000000146e+04 8.335889999999999418e+03 2.930757000000000062e+03 6.656037000000000035e+02 2.154378000000000171e+01
1.713347000000000116e+05 1.090318000000000029e+05 6.869494999999999709e+04 4.224955999999999767e+04 3.819566999999999825e+04 1.058631999999999971e+04 5.030113000000000284e+03 1.791976000000000113e+03 4.346884000000000015e+02 3.287901999999999703e+01
8.581961000000000058e+04 5.202305999999999767e+04 3.111513000000000102e+04 2.066840000000000146e+04 1.058631999999999971e+04 1.215019000000000051e+04 2.761155000000000200e+03 8.226186999999999898e+02 1.846308999999999969e+02 4.215384000000000242e+01
3.670354000000000087e+04 2.410406000000000131e+04 1.464987999999999920e+04 8.335889999999999418e+03 5.030113000000000284e+03 2.761155000000000200e+03 3.439635999999999967e+03 3.835813999999999737e+02 1.442022000000000048e+02 1.282255999999999929e+01
1.310269000000000051e+04 7.222779000000000451e+03 5.544283000000000357e+03 2.930757000000000062e+03 1.791976000000000113e+03 8.226186999999999898e+02 3.835813999999999737e+02 7.909969999999999573e+02 3.422209000000000145e+01 3.249499999999999833e+00
2.347889999999999873e+03 1.467097999999999956e+03 1.095450000000000045e+03 6.656037000000000035e+02 4.346884000000000015e+02 1.846308999999999969e+02 1.442022000000000048e+02 3.422209000000000145e+01 1.741279999999999859e+02 6.806992000000000154e+00
4.379904999999999973e+02 1.286935000000000002e+02 1.831805999999999983e+02 2.154378000000000171e+01 3.287901999999999703e+01 4.215384000000000242e+01 1.282255999999999929e+01 3.249499999999999833e+00 6.806992000000000154e+00 1.640344999999999942e+01
