1.839413000000000000e+06 9.739341999999999534e+05 6.427184000000000233e+05 3.877507999999999884e+05 2.130551000000000058e+05 1.001456000000000058e+05 5.326005999999999767e+04 1.552197999999999956e+04 3.056994000000000142e+03 9.338834000000000515e+02
9.739341999999999534e+05 7.923976999999999534e+05 4.050802999999999884e+05 2.550421000000000058e+05 1.402685000000000000e+05 6.080455000000000291e+04 3.249179999999999927e+04 9.404397000000000844e+03 2.054010000000000218e+03 6.416056999999999562e+02
6.427184000000000233e+05 4.050802999999999884e+05 3.530297000000000116e+05 1.658683999999999942e+05 8.904210000000000582e+04 4.036901000000000204e+04 2.217954999999999927e+04 6.798043999999999869e+03 1.363368999999999915e+03 3.865346000000000117e+02
3.877507999999999884e+05 2.550421000000000058e+05 1.658683999999999942e+05 1.475795000000000000e+05 5.744091999999999825e+04 2.337141999999999825e+04 1.432051000000000022e+04 4.402451000000000022e+03 9.391523999999999432e+02 2.821607000000000198e+02
2.130551000000000058e+05 1.402685000000000000e+05 8.904210000000000582e+04 5.744091999999999825e+04 5.377933000000000175e+04 1.600637000000000080e+04 8.198887000000000626e+03 2.077181000000000040e+03 4.438598999999999819e+02 1.305629000000000133e+02
1.001456000000000058e+05 6.080455000000000291e+04 4.036901000000000204e+04 2.337141999999999825e+04 1.600637000000000080e+04 1.536685000000000036e+04 3.830744000000000142e+03 1.267056000000000040e+03 1.717323000000000093e+02 7.586131000000000313e+01
5.326005999999999767e+04 3.249179999999999927e+04 2.217954999999999927e+04 1.432051000000000022e+04 8.198887000000000626e+03 3.830744000000000142e+03 5.096305999999999585e+03 5.223722999999999956e+02 1.145707000000000022e+02 3.689849000000000245e+01
1.552197999999999956e+04 9.404397000000000844e+03 6.798043999999999869e+03 4.402451000000000022e+03 2.077181000000000040e+03 1.267056000000000040e+03 5.223722999999999956e+02 1.143941000000000031e+03 2.169582000000000122e+01 2.505642999999999887e+01
3.056994000000000142e+03 2.054010000000000218e+03 1.363368999999999915e+03 9.391523999999999432e+02 4.438598999999999819e+02 1.717323000000000093e+02 1.145707000000000022e+02 2.169582000000000122e+01 1.948043000000000120e+02 2.450283000000000211e+00
9.338834000000000515e+02 6.416056999999999562e+02 3.865346000000000117e+02 2.821607000000000198e+02 1.305629000000000133e+02 7.586131000000000313e+01 3.689849000000000245e+01 2.505642999999999887e+01 2.450283000000000211e+00 2.572895000000000110e+01
