2.913350000000000000e+06 1.550407000000000000e+06 1.013089000000000000e+06 6.402719000000000233e+05 3.708757999999999884e+05 1.945797000000000116e+05 1.066230000000000000e+05 4.742094000000000233e+04 1.091895000000000073e+04 1.988928000000000111e+03
1.550407000000000000e+06 1.129455000000000000e+06 6.022898000000000466e+05 3.769569000000000233e+05 2.265503999999999942e+05 1.129823000000000029e+05 6.406962000000000262e+04 2.876204999999999927e+04 6.222823999999999614e+03 1.326002999999999929e+03
1.013089000000000000e+06 6.022898000000000466e+05 4.900405000000000000e+05 2.402905000000000000e+05 1.459420000000000000e+05 7.462544999999999709e+04 4.090780999999999767e+04 1.869538999999999942e+04 4.469386000000000422e+03 9.298210000000000264e+02
6.402719000000000233e+05 3.769569000000000233e+05 2.402905000000000000e+05 2.194075000000000000e+05 9.185257000000000698e+04 4.733948999999999796e+04 2.507188000000000102e+04 1.068522999999999956e+04 3.113965000000000146e+03 4.061349000000000160e+02
3.708757999999999884e+05 2.265503999999999942e+05 1.459420000000000000e+05 9.185257000000000698e+04 8.809317999999999302e+04 2.875522000000000116e+04 1.524394000000000051e+04 7.209747999999999593e+03 1.738821999999999889e+03 3.899673000000000229e+02
1.945797000000000116e+05 1.129823000000000029e+05 7.462544999999999709e+04 4.733948999999999796e+04 2.875522000000000116e+04 3.131636999999999898e+04 8.305994000000000597e+03 3.713820000000000164e+03 8.999906999999999471e+02 1.897264000000000124e+02
1.066230000000000000e+05 6.406962000000000262e+04 4.090780999999999767e+04 2.507188000000000102e+04 1.524394000000000051e+04 8.305994000000000597e+03 1.019638999999999942e+04 2.053849999999999909e+03 6.274303999999999633e+02 2.835466999999999871e+01
4.742094000000000233e+04 2.876204999999999927e+04 1.869538999999999942e+04 1.068522999999999956e+04 7.209747999999999593e+03 3.713820000000000164e+03 2.053849999999999909e+03 2.758240999999999985e+03 2.366676999999999964e+02 5.094328000000000145e+01
1.091895000000000073e+04 6.222823999999999614e+03 4.469386000000000422e+03 3.113965000000000146e+03 1.738821999999999889e+03 8.999906999999999471e+02 6.274303999999999633e+02 2.366676999999999964e+02 4.813996999999999957e+02 1.655743999999999971e+01
1.988928000000000111e+03 1.326002999999999929e+03 9.298210000000000264e+02 4.061349000000000160e+02 3.899673000000000229e+02 1.897264000000000124e+02 2.835466999999999871e+01 5.094328000000000145e+01 1.655743999999999971e+01 6.835841000000000633e+01
