2.981247999999999884e+05 1.302318999999999942e+05 7.340971000000000640e+04 4.314076999999999680e+04 2.168461999999999898e+04 8.205226000000000568e+03 1.823251999999999953e+03 7.399855000000000018e+02 3.248838000000000079e+02 -1.013836000000000048e+01
1.302318999999999942e+05 1.209225000000000000e+05 4.525106999999999971e+04 2.600979000000000087e+04 1.352145000000000073e+04 5.149229999999999563e+03 1.159894000000000005e+03 4.295461000000000240e+02 2.415312000000000126e+02 -1.764711000000000141e+01
7.340971000000000640e+04 4.525106999999999971e+04 4.485723000000000320e+04 1.375487999999999920e+04 7.076030999999999949e+03 3.364394999999999982e+03 7.738372000000000526e+02 2.964628000000000156e+02 1.419448999999999899e+02 1.643269000000000091e+00
4.314076999999999680e+04 2.600979000000000087e+04 1.375487999999999920e+04 1.817581999999999971e+04 4.537615999999999985e+03 1.925691000000000031e+03 4.315538999999999987e+02 1.727439999999999998e+02 1.911494000000000071e+01 -8.382033999999999319e-02
2.168461999999999898e+04 1.352145000000000073e+04 7.076030999999999949e+03 4.537615999999999985e+03 6.509192000000000007e+03 7.353227000000000544e+02 3.175504000000000246e+02 8.231547999999999377e+01 2.768799999999999883e+01 -3.005835999999999952e+00
8.205226000000000568e+03 5.149229999999999563e+03 3.364394999999999982e+03 1.925691000000000031e+03 7.353227000000000544e+02 1.683453999999999951e+03 9.212439999999999429e+01 3.343847000000000236e+01 1.176994000000000007e+01 1.267051999999999901e-01
1.823251999999999953e+03 1.159894000000000005e+03 7.738372000000000526e+02 4.315538999999999987e+02 3.175504000000000246e+02 9.212439999999999429e+01 4.036788000000000238e+02 -1.606232000000000104e+00 1.027675999999999945e+01 1.949309999999999932e-01
7.399855000000000018e+02 4.295461000000000240e+02 2.964628000000000156e+02 1.727439999999999998e+02 8.231547999999999377e+01 3.343847000000000236e+01 -1.606232000000000104e+00 1.407168000000000063e+02 -2.580887000000000153e+00 -2.534102999999999772e-01
3.248838000000000079e+02 2.415312000000000126e+02 1.419448999999999899e+02 1.911494000000000071e+01 2.768799999999999883e+01 1.176994000000000007e+01 1.027675999999999945e+01 -2.580887000000000153e+00 2.500574999999999903e+01 -4.288482999999999878e-02
-1.013836000000000048e+01 -1.764711000000000141e+01 1.643269000000000091e+00 -8.382033999999999319e-02 -3.005835999999999952e+00 1.267051999999999901e-01 1.949309999999999932e-01 -2.534102999999999772e-01 -4.288482999999999878e-02 9.960976000000000274e-01
