2.633039000000000000e+06 1.412320000000000000e+06 8.878095000000000000e+05 5.449025000000000000e+05 3.180702999999999884e+05 1.604818999999999942e+05 7.998633000000000175e+04 3.339844999999999709e+04 4.526072000000000116e+03 1.147508000000000038e+03
1.412320000000000000e+06 1.116906000000000000e+06 5.449590000000000000e+05 3.426312999999999884e+05 2.036243999999999942e+05 1.007408000000000029e+05 5.283705000000000291e+04 2.004402000000000044e+04 3.354887999999999920e+03 6.742663999999999760e+02
8.878095000000000000e+05 5.449590000000000000e+05 4.507180000000000000e+05 2.035282999999999884e+05 1.249930000000000000e+05 6.306862000000000262e+04 3.159047000000000116e+04 1.357939999999999964e+04 2.006519000000000005e+03 5.589646999999999935e+02
5.449025000000000000e+05 3.426312999999999884e+05 2.035282999999999884e+05 1.873690000000000000e+05 7.796572999999999593e+04 3.804222000000000116e+04 1.840313999999999942e+04 8.413787000000000262e+03 1.316696999999999889e+03 2.594492999999999938e+02
3.180702999999999884e+05 2.036243999999999942e+05 1.249930000000000000e+05 7.796572999999999593e+04 7.590732000000000698e+04 2.417331000000000131e+04 1.150940999999999985e+04 4.884109999999999673e+03 7.819853000000000520e+02 1.420267000000000053e+02
1.604818999999999942e+05 1.007408000000000029e+05 6.306862000000000262e+04 3.804222000000000116e+04 2.417331000000000131e+04 2.496229000000000087e+04 6.014037000000000262e+03 2.320990999999999985e+03 4.008639999999999759e+02 3.762169000000000096e+00
7.998633000000000175e+04 5.283705000000000291e+04 3.159047000000000116e+04 1.840313999999999942e+04 1.150940999999999985e+04 6.014037000000000262e+03 7.682432999999999993e+03 1.233420000000000073e+03 1.734183999999999912e+02 5.105243999999999716e+01
3.339844999999999709e+04 2.004402000000000044e+04 1.357939999999999964e+04 8.413787000000000262e+03 4.884109999999999673e+03 2.320990999999999985e+03 1.233420000000000073e+03 2.053650999999999840e+03 9.759807000000000698e+01 2.571140000000000114e+01
4.526072000000000116e+03 3.354887999999999920e+03 2.006519000000000005e+03 1.316696999999999889e+03 7.819853000000000520e+02 4.008639999999999759e+02 1.734183999999999912e+02 9.759807000000000698e+01 2.419952000000000112e+02 3.633513999999999911e+00
1.147508000000000038e+03 6.742663999999999760e+02 5.589646999999999935e+02 2.594492999999999938e+02 1.420267000000000053e+02 3.762169000000000096e+00 5.105243999999999716e+01 2.571140000000000114e+01 3.633513999999999911e+00 3.018311999999999884e+01
