1.725375000000000000e+06 9.199335000000000000e+05 5.586016999999999534e+05 3.405394000000000233e+05 1.675750000000000000e+05 7.181686999999999534e+04 3.545976000000000204e+04 9.212554000000000087e+03 1.340501999999999953e+03 2.005586999999999875e+02
9.199335000000000000e+05 7.392955999999999767e+05 3.629162999999999884e+05 2.195368999999999942e+05 1.077066999999999971e+05 4.274109999999999854e+04 2.129379999999999927e+04 5.041980999999999767e+03 9.507644000000000233e+02 1.356467000000000098e+02
5.586016999999999534e+05 3.629162999999999884e+05 2.989745000000000000e+05 1.334352000000000116e+05 6.316951999999999680e+04 2.780291999999999825e+04 1.354495000000000073e+04 3.281144999999999982e+03 8.000593000000000075e+02 6.074636000000000280e+01
3.405394000000000233e+05 2.195368999999999942e+05 1.334352000000000116e+05 1.230166000000000058e+05 4.168041000000000349e+04 1.685495000000000073e+04 8.727629000000000815e+03 2.090795000000000073e+03 4.669612000000000194e+02 1.859056999999999960e+01
1.675750000000000000e+05 1.077066999999999971e+05 6.316951999999999680e+04 4.168041000000000349e+04 3.739505999999999767e+04 9.566724000000000160e+03 4.334381000000000313e+03 1.072191000000000031e+03 1.998589000000000055e+02 3.582831999999999795e+00
7.181686999999999534e+04 4.274109999999999854e+04 2.780291999999999825e+04 1.685495000000000073e+04 9.566724000000000160e+03 1.011456999999999971e+04 2.130498999999999796e+03 5.112728999999999928e+02 1.334887999999999977e+02 1.796874000000000038e+01
3.545976000000000204e+04 2.129379999999999927e+04 1.354495000000000073e+04 8.727629000000000815e+03 4.334381000000000313e+03 2.130498999999999796e+03 2.740182999999999993e+03 2.569307999999999765e+02 4.528638000000000119e+01 2.130596000000000156e+00
9.212554000000000087e+03 5.041980999999999767e+03 3.281144999999999982e+03 2.090795000000000073e+03 1.072191000000000031e+03 5.112728999999999928e+02 2.569307999999999765e+02 5.399978999999999587e+02 -2.245604999999999851e+00 3.294334000000000096e+00
1.340501999999999953e+03 9.507644000000000233e+02 8.000593000000000075e+02 4.669612000000000194e+02 1.998589000000000055e+02 1.334887999999999977e+02 4.528638000000000119e+01 -2.245604999999999851e+00 8.782811999999999841e+01 1.247559000000000029e-01
2.005586999999999875e+02 1.356467000000000098e+02 6.074636000000000280e+01 1.859056999999999960e+01 3.582831999999999795e+00 1.796874000000000038e+01 2.130596000000000156e+00 3.294334000000000096e+00 1.247559000000000029e-01 6.890812000000000381e+00
