2.341800000000000000e+04 5.085078000000000429e+03 4.001547999999999774e+03 2.371217000000000098e+03 1.343417999999999893e+03 1.011120999999999981e+03 2.302583999999999946e+02 1.262120000000000033e+02 1.264323000000000086e+01 4.178542000000000201e+01
5.085078000000000429e+03 1.121615999999999985e+04 2.756329000000000178e+03 1.555766000000000076e+03 7.576891000000000531e+02 6.630675999999999704e+02 1.063914000000000044e+02 1.300949999999999989e+02 5.438576000000000299e+00 1.415198999999999963e+01
4.001547999999999774e+03 2.756329000000000178e+03 6.098744999999999891e+03 1.248373000000000047e+03 4.492769999999999868e+02 4.066612000000000080e+02 1.332275999999999954e+02 8.582034000000000162e+01 1.145415000000000028e+01 3.898620999999999892e-01
2.371217000000000098e+03 1.555766000000000076e+03 1.248373000000000047e+03 2.993530000000000200e+03 3.725677999999999770e+02 2.592484999999999786e+02 1.658277999999999963e+01 8.348895999999999873e+00 2.143851000000000084e+01 1.396485999999999983e+01
1.343417999999999893e+03 7.576891000000000531e+02 4.492769999999999868e+02 3.725677999999999770e+02 1.109702999999999975e+03 8.781252999999999531e+01 3.329422000000000281e+01 1.832351999999999848e+01 6.705626999999999782e+00 -1.309936999999999907e+00
1.011120999999999981e+03 6.630675999999999704e+02 4.066612000000000080e+02 2.592484999999999786e+02 8.781252999999999531e+01 5.817033999999999878e+02 -5.350857000000000419e+00 1.635666000000000153e+01 -3.465873999999999899e+00 5.200759999999999827e+00
2.302583999999999946e+02 1.063914000000000044e+02 1.332275999999999954e+02 1.658277999999999963e+01 3.329422000000000281e+01 -5.350857000000000419e+00 2.208782999999999959e+02 -3.931759000000000004e+00 4.861580000000000013e+00 -8.498993000000000242e-01
1.262120000000000033e+02 1.300949999999999989e+02 8.582034000000000162e+01 8.348895999999999873e+00 1.832351999999999848e+01 1.635666000000000153e+01 -3.931759000000000004e+00 8.264880999999999744e+01 5.360603000000000229e+00 3.142288000000000192e+00
1.264323000000000086e+01 5.438576000000000299e+00 1.145415000000000028e+01 2.143851000000000084e+01 6.705626999999999782e+00 -3.465873999999999899e+00 4.861580000000000013e+00 5.360603000000000229e+00 2.818703000000000003e+01 2.962951999999999808e-01
4.178542000000000201e+01 1.415198999999999963e+01 3.898620999999999892e-01 1.396485999999999983e+01 -1.309936999999999907e+00 5.200759999999999827e+00 -8.498993000000000242e-01 3.142288000000000192e+00 2.962951999999999808e-01 1.169585999999999970e+01
