1.462198000000000000e+06 8.038270000000000000e+05 4.707015999999999767e+05 2.848332999999999884e+05 1.367513999999999942e+05 6.013344999999999709e+04 2.543843999999999869e+04 5.136775999999999840e+03 1.491674999999999955e+03 1.846230999999999938e+02
8.038270000000000000e+05 6.593905000000000000e+05 3.114190999999999767e+05 1.792186000000000058e+05 8.801219999999999709e+04 3.605573999999999796e+04 1.606312000000000080e+04 3.277849000000000160e+03 1.144201999999999998e+03 5.774051999999999651e+01
4.707015999999999767e+05 3.114190999999999767e+05 2.618705000000000000e+05 1.136886000000000058e+05 5.055562000000000262e+04 2.209286999999999898e+04 1.040772999999999956e+04 2.450538000000000011e+03 7.769053999999999860e+02 1.278941999999999979e+01
2.848332999999999884e+05 1.792186000000000058e+05 1.136886000000000058e+05 1.021688000000000029e+05 3.253365999999999985e+04 1.359506999999999971e+04 6.512962000000000444e+03 9.840723000000000411e+02 3.031293999999999755e+02 -1.840734000000000137e+01
1.367513999999999942e+05 8.801219999999999709e+04 5.055562000000000262e+04 3.253365999999999985e+04 2.989163999999999942e+04 7.726457999999999629e+03 3.462704000000000178e+03 7.278587999999999738e+02 1.968297000000000025e+02 8.270924000000000831e+00
6.013344999999999709e+04 3.605573999999999796e+04 2.209286999999999898e+04 1.359506999999999971e+04 7.726457999999999629e+03 8.153917999999999665e+03 1.298490000000000009e+03 3.239130000000000109e+02 1.094420999999999964e+02 9.122771999999999437e+00
2.543843999999999869e+04 1.606312000000000080e+04 1.040772999999999956e+04 6.512962000000000444e+03 3.462704000000000178e+03 1.298490000000000009e+03 2.178978000000000065e+03 1.591767999999999859e+02 4.125520000000000209e+01 2.834296999999999844e+00
5.136775999999999840e+03 3.277849000000000160e+03 2.450538000000000011e+03 9.840723000000000411e+02 7.278587999999999738e+02 3.239130000000000109e+02 1.591767999999999859e+02 4.602692000000000121e+02 1.286545000000000050e-01 5.561382000000000048e+00
1.491674999999999955e+03 1.144201999999999998e+03 7.769053999999999860e+02 3.031293999999999755e+02 1.968297000000000025e+02 1.094420999999999964e+02 4.125520000000000209e+01 1.286545000000000050e-01 7.216347000000000378e+01 2.612075999999999842e-01
1.846230999999999938e+02 5.774051999999999651e+01 1.278941999999999979e+01 -1.840734000000000137e+01 8.270924000000000831e+00 9.122771999999999437e+00 2.834296999999999844e+00 5.561382000000000048e+00 2.612075999999999842e-01 6.890812000000000381e+00
