1.596697000000000000e+06 8.573133000000000466e+05 4.985767999999999884e+05 2.697162000000000116e+05 1.382981000000000058e+05 5.507906999999999971e+04 2.072613999999999942e+04 6.840644000000000233e+03 3.491662999999999784e+02 -7.546949999999999648e+01
8.573133000000000466e+05 6.390791999999999534e+05 3.104992000000000116e+05 1.688851000000000058e+05 8.426449000000000524e+04 3.387808999999999651e+04 1.277507999999999993e+04 4.053318000000000211e+03 3.406302999999999770e+02 -5.283411000000000257e+01
4.985767999999999884e+05 3.104992000000000116e+05 2.312538999999999942e+05 9.678422999999999593e+04 5.027469000000000233e+04 1.993368999999999869e+04 6.838181999999999789e+03 2.321862000000000080e+03 2.280985000000000014e+02 -2.996480000000000032e+01
2.697162000000000116e+05 1.688851000000000058e+05 9.678422999999999593e+04 7.849752000000000407e+04 2.809527000000000044e+04 1.180653000000000065e+04 4.325237000000000080e+03 1.231433999999999969e+03 7.791197999999999979e+01 -8.148116999999999166e+00
1.382981000000000058e+05 8.426449000000000524e+04 5.027469000000000233e+04 2.809527000000000044e+04 2.481952000000000044e+04 6.133962999999999738e+03 2.392387000000000171e+03 6.659156000000000404e+02 8.010300999999999760e+01 8.413223000000000340e+00
5.507906999999999971e+04 3.387808999999999651e+04 1.993368999999999869e+04 1.180653000000000065e+04 6.133962999999999738e+03 6.561002000000000407e+03 1.041404999999999973e+03 2.457378999999999962e+02 2.879131000000000107e+00 9.278716999999999659e-01
2.072613999999999942e+04 1.277507999999999993e+04 6.838181999999999789e+03 4.325237000000000080e+03 2.392387000000000171e+03 1.041404999999999973e+03 1.597137999999999920e+03 1.295901000000000067e+02 3.992381999999999920e+01 4.077956999999999610e+00
6.840644000000000233e+03 4.053318000000000211e+03 2.321862000000000080e+03 1.231433999999999969e+03 6.659156000000000404e+02 2.457378999999999962e+02 1.295901000000000067e+02 3.068994000000000142e+02 7.391784999999999606e+00 2.869384999999999852e+00
3.491662999999999784e+02 3.406302999999999770e+02 2.280985000000000014e+02 7.791197999999999979e+01 8.010300999999999760e+01 2.879131000000000107e+00 3.992381999999999920e+01 7.391784999999999606e+00 3.653591999999999729e+01 -2.729034000000000182e-01
-7.546949999999999648e+01 -5.283411000000000257e+01 -2.996480000000000032e+01 -8.148116999999999166e+00 8.413223000000000340e+00 9.278716999999999659e-01 4.077956999999999610e+00 2.869384999999999852e+00 -2.729034000000000182e-01 3.960999000000000159e+00
