1.990334000000000000e+06 1.062364000000000000e+06 6.516760000000000000e+05 3.472137000000000116e+05 1.681387999999999884e+05 7.422138000000000466e+04 2.904745999999999913e+04 7.466934000000000196e+03 7.179309999999999548e+01 -1.665880999999999901e+01
1.062364000000000000e+06 7.764160999999999767e+05 3.975090999999999767e+05 2.126157000000000116e+05 1.044308999999999942e+05 4.449473000000000320e+04 1.767979000000000087e+04 4.364069000000000415e+03 -6.236623000000000161e+01 -5.849880000000000280e+01
6.516760000000000000e+05 3.975090999999999767e+05 3.024405999999999767e+05 1.289130000000000000e+05 6.191230000000000291e+04 2.756650000000000000e+04 1.003971999999999935e+04 2.715077000000000226e+03 1.620656999999999925e+01 3.625716999999999968e-01
3.472137000000000116e+05 2.126157000000000116e+05 1.289130000000000000e+05 1.023846000000000058e+05 3.340358999999999651e+04 1.624444000000000051e+04 6.080250000000000000e+03 1.741310999999999922e+03 -3.852617000000000047e+01 9.130568999999999491e+00
1.681387999999999884e+05 1.044308999999999942e+05 6.191230000000000291e+04 3.340358999999999651e+04 2.922195000000000073e+04 7.076996000000000095e+03 3.144969000000000051e+03 5.884968000000000075e+02 2.788099000000000061e+01 -3.370357999999999965e+00
7.422138000000000466e+04 4.449473000000000320e+04 2.756650000000000000e+04 1.624444000000000051e+04 7.076996000000000095e+03 8.814795000000000073e+03 1.370055000000000064e+03 3.603339000000000283e+02 2.238003000000000142e+01 1.233913000000000038e+00
2.904745999999999913e+04 1.767979000000000087e+04 1.003971999999999935e+04 6.080250000000000000e+03 3.144969000000000051e+03 1.370055000000000064e+03 1.982104000000000042e+03 1.440540000000000020e+02 1.925723999999999947e+01 4.814796000000000076e-01
7.466934000000000196e+03 4.364069000000000415e+03 2.715077000000000226e+03 1.741310999999999922e+03 5.884968000000000075e+02 3.603339000000000283e+02 1.440540000000000020e+02 3.358115999999999985e+02 9.567214999999999137e+00 -6.627655000000000074e-01
7.179309999999999548e+01 -6.236623000000000161e+01 1.620656999999999925e+01 -3.852617000000000047e+01 2.788099000000000061e+01 2.238003000000000142e+01 1.925723999999999947e+01 9.567214999999999137e+00 3.853202000000000282e+01 7.933693000000000550e-01
-1.665880999999999901e+01 -5.849880000000000280e+01 3.625716999999999968e-01 9.130568999999999491e+00 -3.370357999999999965e+00 1.233913000000000038e+00 4.814796000000000076e-01 -6.627655000000000074e-01 7.933693000000000550e-01 2.976596999999999937e+00
