1.200719000000000000e+06 6.229523000000000466e+05 3.848442999999999884e+05 2.108812000000000116e+05 1.034688999999999942e+05 4.747527999999999884e+04 1.746874000000000160e+04 5.088310000000000400e+03 9.085481999999999516e+02 -1.653774999999999977e+02
6.229523000000000466e+05 4.771610000000000000e+05 2.364507999999999884e+05 1.279948000000000029e+05 6.130352999999999884e+04 2.958309000000000015e+04 1.140429000000000087e+04 3.195431999999999789e+03 6.561865999999999985e+02 -8.692558999999999969e+01
3.848442999999999884e+05 2.364507999999999884e+05 1.956097999999999884e+05 8.124439999999999418e+04 3.832855000000000291e+04 1.798724000000000160e+04 6.549207000000000335e+03 2.036167999999999893e+03 3.719322999999999979e+02 -1.587908000000000008e+01
2.108812000000000116e+05 1.279948000000000029e+05 8.124439999999999418e+04 6.215330000000000291e+04 2.230375000000000000e+04 1.061236000000000058e+04 3.835840999999999894e+03 9.930664000000000442e+02 2.197788999999999930e+02 -3.701154999999999973e+01
1.034688999999999942e+05 6.130352999999999884e+04 3.832855000000000291e+04 2.230375000000000000e+04 2.061222000000000116e+04 5.293082999999999629e+03 1.900305000000000064e+03 5.680407000000000153e+02 1.383892999999999915e+02 -4.900566000000000422e+00
4.747527999999999884e+04 2.958309000000000015e+04 1.798724000000000160e+04 1.061236000000000058e+04 5.293082999999999629e+03 6.330407000000000153e+03 9.981286999999999807e+02 3.056850000000000023e+02 5.595105000000000217e+01 6.551631999999999678e+00
1.746874000000000160e+04 1.140429000000000087e+04 6.549207000000000335e+03 3.835840999999999894e+03 1.900305000000000064e+03 9.981286999999999807e+02 1.631174999999999955e+03 1.016877000000000066e+02 5.806215999999999866e+01 2.569191000000000003e+00
5.088310000000000400e+03 3.195431999999999789e+03 2.036167999999999893e+03 9.930664000000000442e+02 5.680407000000000153e+02 3.056850000000000023e+02 1.016877000000000066e+02 3.318641999999999825e+02 1.037227999999999994e+01 8.964878000000000569e+00
9.085481999999999516e+02 6.561865999999999985e+02 3.719322999999999979e+02 2.197788999999999930e+02 1.383892999999999915e+02 5.595105000000000217e+01 5.806215999999999866e+01 1.037227999999999994e+01 6.607187000000000410e+01 1.421046999999999949e+00
-1.653774999999999977e+02 -8.692558999999999969e+01 -1.587908000000000008e+01 -3.701154999999999973e+01 -4.900566000000000422e+00 6.551631999999999678e+00 2.569191000000000003e+00 8.964878000000000569e+00 1.421046999999999949e+00 4.941501999999999839e+00
