3.351557000000000000e+06 1.837269000000000000e+06 1.084379000000000000e+06 5.984358000000000466e+05 2.963042000000000116e+05 1.404445000000000000e+05 4.455548999999999796e+04 8.457596999999999753e+03 7.956929000000000087e+02 -4.713432000000000244e+01
1.837269000000000000e+06 1.276857000000000000e+06 6.676068000000000466e+05 3.683870999999999767e+05 1.809427999999999884e+05 8.915038999999999942e+04 2.764588000000000102e+04 5.869645999999999731e+03 6.185395999999999503e+02 -8.974624999999999631e+00
1.084379000000000000e+06 6.676068000000000466e+05 4.962975000000000000e+05 2.220373999999999942e+05 1.073461000000000058e+05 5.273748000000000320e+04 1.577315999999999985e+04 3.457318000000000211e+03 2.560613999999999919e+02 -2.720652000000000115e+01
5.984358000000000466e+05 3.683870999999999767e+05 2.220373999999999942e+05 1.616587000000000116e+05 6.014987000000000262e+04 2.990115000000000146e+04 8.534063000000000102e+03 2.021299999999999955e+03 7.092370999999999981e+01 -2.832348000000000088e+00
2.963042000000000116e+05 1.809427999999999884e+05 1.073461000000000058e+05 6.014987000000000262e+04 4.900640000000000146e+04 1.526212000000000080e+04 4.968328000000000429e+03 1.008904999999999973e+03 6.923950000000000671e+01 -6.171515999999999558e+00
1.404445000000000000e+05 8.915038999999999942e+04 5.273748000000000320e+04 2.990115000000000146e+04 1.526212000000000080e+04 1.258153000000000065e+04 2.194702999999999975e+03 5.957618999999999687e+02 1.653014999999999901e+01 6.072102000000000110e+00
4.455548999999999796e+04 2.764588000000000102e+04 1.577315999999999985e+04 8.534063000000000102e+03 4.968328000000000429e+03 2.194702999999999975e+03 2.450545999999999822e+03 1.443640000000000043e+02 1.054186999999999941e+01 5.292377000000000109e+00
8.457596999999999753e+03 5.869645999999999731e+03 3.457318000000000211e+03 2.021299999999999955e+03 1.008904999999999973e+03 5.957618999999999687e+02 1.443640000000000043e+02 3.642072000000000003e+02 3.805054000000000158e+00 2.196873000000000076e+00
7.956929000000000087e+02 6.185395999999999503e+02 2.560613999999999919e+02 7.092370999999999981e+01 6.923950000000000671e+01 1.653014999999999901e+01 1.054186999999999941e+01 3.805054000000000158e+00 3.193750000000000000e+01 -1.871337999999999890e-01
-4.713432000000000244e+01 -8.974624999999999631e+00 -2.720652000000000115e+01 -2.832348000000000088e+00 -6.171515999999999558e+00 6.072102000000000110e+00 5.292377000000000109e+00 2.196873000000000076e+00 -1.871337999999999890e-01 2.976596999999999937e+00
