9.725531999999999534e+05 4.867250999999999767e+05 2.883295999999999767e+05 1.525380000000000000e+05 7.344085000000000582e+04 3.410113999999999942e+04 9.419145000000000437e+03 3.352922999999999774e+03 3.730199999999999818e+02 -4.175422999999999973e+01
4.867250999999999767e+05 3.611820999999999767e+05 1.710217999999999884e+05 8.922977000000000407e+04 4.282708000000000175e+04 1.874927999999999884e+04 5.779833999999999833e+03 1.962031999999999925e+03 2.669152000000000271e+02 -2.590828000000000131e+01
2.883295999999999767e+05 1.710217999999999884e+05 1.335272999999999884e+05 5.155502999999999884e+04 2.650904999999999927e+04 1.157725000000000000e+04 2.741568000000000211e+03 9.342848999999999933e+02 1.699798999999999864e+02 -8.610103999999999758e+00
1.525380000000000000e+05 8.922977000000000407e+04 5.155502999999999884e+04 4.633905999999999767e+04 1.517109000000000015e+04 6.834344000000000051e+03 2.039808999999999969e+03 6.939818000000000211e+02 7.678722999999999388e+01 -1.285570000000000057e+01
7.344085000000000582e+04 4.282708000000000175e+04 2.650904999999999927e+04 1.517109000000000015e+04 1.431617000000000007e+04 3.587760000000000218e+03 7.838528000000000020e+02 3.126109000000000151e+02 4.896667000000000058e+01 8.458057000000000158e+00
3.410113999999999942e+04 1.874927999999999884e+04 1.157725000000000000e+04 6.834344000000000051e+03 3.587760000000000218e+03 4.095485000000000127e+03 5.652064000000000306e+02 1.875704000000000065e+02 3.692772999999999683e+01 -3.836243000000000070e+00
9.419145000000000437e+03 5.779833999999999833e+03 2.741568000000000211e+03 2.039808999999999969e+03 7.838528000000000020e+02 5.652064000000000306e+02 8.749673999999999978e+02 4.058464000000000027e+01 1.160228999999999999e+01 3.645210000000000061e+00
3.352922999999999774e+03 1.962031999999999925e+03 9.342848999999999933e+02 6.939818000000000211e+02 3.126109000000000151e+02 1.875704000000000065e+02 4.058464000000000027e+01 2.194378000000000100e+02 6.861571999999999782e+00 4.760215999999999781e+00
3.730199999999999818e+02 2.669152000000000271e+02 1.699798999999999864e+02 7.678722999999999388e+01 4.896667000000000058e+01 3.692772999999999683e+01 1.160228999999999999e+01 6.861571999999999782e+00 3.792578000000000316e+01 -1.871337999999999890e-01
-4.175422999999999973e+01 -2.590828000000000131e+01 -8.610103999999999758e+00 -1.285570000000000057e+01 8.458057000000000158e+00 -3.836243000000000070e+00 3.645210000000000061e+00 4.760215999999999781e+00 -1.871337999999999890e-01 2.976596999999999937e+00
