2.919488000000000000e+06 1.607098000000000000e+06 9.351653000000000466e+05 5.022427000000000116e+05 2.444331000000000058e+05 1.067685000000000000e+05 3.439463999999999942e+04 7.823027000000000044e+03 4.627350999999999885e+02 -1.050833999999999975e+02
1.607098000000000000e+06 1.158049000000000000e+06 5.924200000000000000e+05 3.089099000000000233e+05 1.560482000000000116e+05 6.721630000000000291e+04 2.147647000000000116e+04 5.582456000000000131e+03 2.988566000000000145e+02 -7.038764999999999361e+01
9.351653000000000466e+05 5.924200000000000000e+05 4.244589000000000233e+05 1.807755000000000000e+05 8.925072000000000116e+04 3.800770999999999913e+04 1.135019000000000051e+04 3.172010999999999967e+03 1.016136000000000053e+02 -2.722796999999999912e+01
5.022427000000000116e+05 3.089099000000000233e+05 1.807755000000000000e+05 1.322887999999999884e+05 5.096116000000000349e+04 2.088918999999999869e+04 6.290935000000000400e+03 1.678702999999999975e+03 4.453003999999999962e+01 -1.816366999999999976e+01
2.444331000000000058e+05 1.560482000000000116e+05 8.925072000000000116e+04 5.096116000000000349e+04 4.086973999999999796e+04 1.111448999999999978e+04 3.533217999999999847e+03 7.833654000000000224e+02 3.494724000000000075e+01 -6.713424999999999976e+00
1.067685000000000000e+05 6.721630000000000291e+04 3.800770999999999913e+04 2.088918999999999869e+04 1.111448999999999978e+04 9.403486999999999171e+03 1.327606999999999971e+03 4.825459000000000174e+02 1.345023999999999997e+00 1.331379000000000090e+00
3.439463999999999942e+04 2.147647000000000116e+04 1.135019000000000051e+04 6.290935000000000400e+03 3.533217999999999847e+03 1.327606999999999971e+03 2.067155999999999949e+03 1.304731999999999914e+02 9.446358000000000033e+00 1.382060999999999984e+00
7.823027000000000044e+03 5.582456000000000131e+03 3.172010999999999967e+03 1.678702999999999975e+03 7.833654000000000224e+02 4.825459000000000174e+02 1.304731999999999914e+02 2.869988999999999919e+02 5.633506999999999820e+00 5.282630999999999855e-01
4.627350999999999885e+02 2.988566000000000145e+02 1.016136000000000053e+02 4.453003999999999962e+01 3.494724000000000075e+01 1.345023999999999997e+00 9.446358000000000033e+00 5.633506999999999820e+00 2.101357000000000141e+01 -4.288482999999999878e-02
-1.050833999999999975e+02 -7.038764999999999361e+01 -2.722796999999999912e+01 -1.816366999999999976e+01 -6.713424999999999976e+00 1.331379000000000090e+00 1.382060999999999984e+00 5.282630999999999855e-01 -4.288482999999999878e-02 9.960976000000000274e-01
