1.626082000000000107e+03 1.388162000000000091e+02 1.332958000000000141e+02 6.765666000000000224e+01 4.323960000000000292e+01 3.479518999999999807e+01 6.845977999999999675e+00 1.929232000000000014e+01 9.844017000000000461e-01 -9.122772000000000103e-01
1.388162000000000091e+02 8.992694999999999936e+02 5.407972000000000179e+01 3.086927999999999983e+01 2.139952999999999861e+01 4.253784999999999883e+01 1.949310000000000098e+00 3.436634000000000189e+00 3.654957000000000011e+00 1.692001000000000088e+00
1.332958000000000141e+02 5.407972000000000179e+01 5.298049999999999500e+02 1.352820999999999962e+01 2.208568999999999960e+01 1.191028999999999982e+01 4.693939000000000306e+00 -2.520458000000000087e+00 1.191028999999999893e+00 1.068222000000000005e+00
6.765666000000000224e+01 3.086927999999999983e+01 1.352820999999999962e+01 3.442950000000000159e+02 1.610910000000000153e+01 3.803493999999999886e+01 6.300170999999999744e+00 -6.627655000000000074e-01 4.202713000000000143e+00 2.526305999999999941e+00
4.323960000000000292e+01 2.139952999999999861e+01 2.208568999999999960e+01 1.610910000000000153e+01 1.717810000000000059e+02 9.738754000000000133e+00 -1.902527000000000079e+00 2.608176999999999968e+00 1.173484999999999889e+00 2.604279000000000011e+00
3.479518999999999807e+01 4.253784999999999883e+01 1.191028999999999982e+01 3.803493999999999886e+01 9.738754000000000133e+00 1.301125999999999863e+02 4.397643999999999664e+00 1.988296999999999981e-01 -3.625716999999999968e-01 3.134491000000000138e+00
6.845977999999999675e+00 1.949310000000000098e+00 4.693939000000000306e+00 6.300170999999999744e+00 -1.902527000000000079e+00 4.397643999999999664e+00 4.079516999999999882e+01 -2.105255000000000098e+00 1.138397000000000103e+00 -3.118895999999999891e-01
1.929232000000000014e+01 3.436634000000000189e+00 -2.520458000000000087e+00 -6.627655000000000074e-01 2.608176999999999968e+00 1.988296999999999981e-01 -2.105255000000000098e+00 2.552621999999999858e+01 -5.789452000000000487e-01 -2.105255000000000043e-01
9.844017000000000461e-01 3.654957000000000011e+00 1.191028999999999893e+00 4.202713000000000143e+00 1.173484999999999889e+00 -3.625716999999999968e-01 1.138397000000000103e+00 -5.789452000000000487e-01 1.074264999999999937e+01 -8.576965000000000283e-02
-9.122772000000000103e-01 1.692001000000000088e+00 1.068222000000000005e+00 2.526305999999999941e+00 2.604279000000000011e+00 3.134491000000000138e+00 -3.118895999999999891e-01 -2.105255000000000043e-01 -8.576965000000000283e-02 3.960999000000000159e+00
