6.639080000000000291e+04 2.417534000000000015e+04 1.305678000000000065e+04 6.465970999999999549e+03 2.947833000000000084e+03 1.529935999999999922e+03 3.298700999999999794e+02 1.441865999999999985e+02 3.544626000000000232e+01 3.428446999999999889e+01
2.417534000000000015e+04 2.785599000000000160e+04 8.510879999999999200e+03 4.795146999999999935e+03 1.736166999999999916e+03 6.702879000000000360e+02 2.313169000000000040e+02 9.589826999999999657e+01 2.047944999999999993e+01 1.721826000000000079e+01
1.305678000000000065e+04 8.510879999999999200e+03 1.070242000000000007e+04 2.614320999999999913e+03 1.114159000000000106e+03 4.677916000000000167e+02 1.209117999999999995e+02 3.338779000000000252e+01 2.959053000000000111e+01 9.945380999999999361e+00
6.465970999999999549e+03 4.795146999999999935e+03 2.614320999999999913e+03 4.081512999999999920e+03 7.130733000000000175e+02 1.965217000000000098e+02 6.655724999999999625e+01 3.256127999999999645e+01 4.678345000000000198e+00 1.044829999999999970e+01
2.947833000000000084e+03 1.736166999999999916e+03 1.114159000000000106e+03 7.130733000000000175e+02 1.405622000000000071e+03 1.010151999999999930e+02 4.551639999999999731e+01 1.114226000000000028e+01 1.382840999999999987e+01 2.680302000000000184e+00
1.529935999999999922e+03 6.702879000000000360e+02 4.677916000000000167e+02 1.965217000000000098e+02 1.010151999999999930e+02 4.445500000000000114e+02 4.744621000000000421e+00 3.610123000000000193e+00 1.048338999999999999e+01 2.146190999999999960e+00
3.298700999999999794e+02 2.313169000000000040e+02 1.209117999999999995e+02 6.655724999999999625e+01 4.551639999999999731e+01 4.744621000000000421e+00 1.385336000000000070e+02 2.136444000000000010e+00 -6.939545000000000297e-01 -2.690047999999999884e-01
1.441865999999999985e+02 9.589826999999999657e+01 3.338779000000000252e+01 3.256127999999999645e+01 1.114226000000000028e+01 3.610123000000000193e+00 2.136444000000000010e+00 4.213629000000000246e+01 3.134491000000000138e+00 -8.576965000000000283e-02
3.544626000000000232e+01 2.047944999999999993e+01 2.959053000000000111e+01 4.678345000000000198e+00 1.382840999999999987e+01 1.048338999999999999e+01 -6.939545000000000297e-01 3.134491000000000138e+00 9.785538000000000736e+00 -1.949309999999999932e-02
3.428446999999999889e+01 1.721826000000000079e+01 9.945380999999999361e+00 1.044829999999999970e+01 2.680302000000000184e+00 2.146190999999999960e+00 -2.690047999999999884e-01 -8.576965000000000283e-02 -1.949309999999999932e-02 9.960976000000000274e-01
