3.500272000000000000e+06 1.935217000000000000e+06 1.180476000000000000e+06 6.763373000000000466e+05 3.466435000000000000e+05 1.613583999999999942e+05 5.808362000000000262e+04 1.381302000000000044e+04 1.440645999999999958e+03 1.660811999999999955e+00
1.935217000000000000e+06 1.382385000000000000e+06 7.387553000000000466e+05 4.135227999999999884e+05 2.098193999999999942e+05 9.865992999999999302e+04 3.670416999999999825e+04 9.279840000000000146e+03 9.840742000000000189e+02 5.389453000000000316e+01
1.180476000000000000e+06 7.387553000000000466e+05 5.486999000000000233e+05 2.598711000000000058e+05 1.314886000000000058e+05 6.236169999999999709e+04 2.185881999999999971e+04 5.356828999999999724e+03 6.904144999999999754e+02 -1.886931999999999832e+01
6.763373000000000466e+05 4.135227999999999884e+05 2.598711000000000058e+05 1.873777999999999884e+05 7.463216999999999825e+04 3.513219999999999709e+04 1.242496999999999935e+04 3.344393000000000029e+03 3.308992999999999824e+02 1.874456999999999951e+01
3.466435000000000000e+05 2.098193999999999942e+05 1.314886000000000058e+05 7.463216999999999825e+04 5.832183999999999651e+04 1.977538000000000102e+04 6.796230999999999767e+03 1.864788000000000011e+03 1.780733999999999924e+02 -6.955138999999999960e+00
1.613583999999999942e+05 9.865992999999999302e+04 6.236169999999999709e+04 3.513219999999999709e+04 1.977538000000000102e+04 1.563720000000000073e+04 3.237336999999999989e+03 8.098215000000000146e+02 1.157189000000000050e+02 -1.076019000000000059e+00
5.808362000000000262e+04 3.670416999999999825e+04 2.185881999999999971e+04 1.242496999999999935e+04 6.796230999999999767e+03 3.237336999999999989e+03 3.288532999999999902e+03 3.009735000000000014e+02 3.176595999999999975e+01 1.044829999999999970e+01
1.381302000000000044e+04 9.279840000000000146e+03 5.356828999999999724e+03 3.344393000000000029e+03 1.864788000000000011e+03 8.098215000000000146e+02 3.009735000000000014e+02 5.767463000000000193e+02 1.556329000000000029e+01 1.559447999999999945e+00
1.440645999999999958e+03 9.840742000000000189e+02 6.904144999999999754e+02 3.308992999999999824e+02 1.780733999999999924e+02 1.157189000000000050e+02 3.176595999999999975e+01 1.556329000000000029e+01 5.020644000000000062e+01 -4.210510000000000086e-01
1.660811999999999955e+00 5.389453000000000316e+01 -1.886931999999999832e+01 1.874456999999999951e+01 -6.955138999999999960e+00 -1.076019000000000059e+00 1.044829999999999970e+01 1.559447999999999945e+00 -4.210510000000000086e-01 3.960999000000000159e+00
