2.506466000000000000e+06 1.340204000000000000e+06 7.863076999999999534e+05 4.317125999999999767e+05 2.009405000000000000e+05 8.687627000000000407e+04 2.821186999999999898e+04 5.198113000000000284e+03 4.978265999999999849e+02 -9.608150000000000546e+01
1.340204000000000000e+06 9.469499000000000233e+05 4.857129000000000233e+05 2.575361000000000058e+05 1.244240000000000000e+05 5.318205000000000291e+04 1.829624000000000160e+04 3.180617000000000189e+03 2.016269000000000062e+02 -5.979509000000000185e+01
7.863076999999999534e+05 4.857129000000000233e+05 3.573252000000000116e+05 1.505845000000000000e+05 7.100772000000000116e+04 2.949975000000000000e+04 9.782363999999999578e+03 2.071844000000000051e+03 8.856886000000000081e+01 -2.001551999999999865e+01
4.317125999999999767e+05 2.575361000000000058e+05 1.505845000000000000e+05 1.157416000000000058e+05 4.107355999999999767e+04 1.714699000000000160e+04 5.459551999999999680e+03 1.285287000000000035e+03 3.700375999999999976e+01 -8.762150000000000105e+00
2.009405000000000000e+05 1.244240000000000000e+05 7.100772000000000116e+04 4.107355999999999767e+04 3.268184999999999854e+04 8.396734000000000378e+03 2.790900000000000091e+03 4.492984999999999900e+02 1.791610999999999976e+01 -6.641300000000000203e+00
8.687627000000000407e+04 5.318205000000000291e+04 2.949975000000000000e+04 1.714699000000000160e+04 8.396734000000000378e+03 8.320293999999999869e+03 1.269240999999999985e+03 3.165855000000000246e+02 -1.284594999999999931e+00 2.547749000000000041e+00
2.821186999999999898e+04 1.829624000000000160e+04 9.782363999999999578e+03 5.459551999999999680e+03 2.790900000000000091e+03 1.269240999999999985e+03 1.651111000000000104e+03 7.054358999999999469e+01 5.834285999999999639e+00 7.309913999999999579e-01
5.198113000000000284e+03 3.180617000000000189e+03 2.071844000000000051e+03 1.285287000000000035e+03 4.492984999999999900e+02 3.165855000000000246e+02 7.054358999999999469e+01 2.659931000000000267e+02 2.875233000000000150e+00 6.023368999999999529e-01
4.978265999999999849e+02 2.016269000000000062e+02 8.856886000000000081e+01 3.700375999999999976e+01 1.791610999999999976e+01 -1.284594999999999931e+00 5.834285999999999639e+00 2.875233000000000150e+00 2.192389000000000010e+01 -4.483414000000000149e-02
-9.608150000000000546e+01 -5.979509000000000185e+01 -2.001551999999999865e+01 -8.762150000000000105e+00 -6.641300000000000203e+00 2.547749000000000041e+00 7.309913999999999579e-01 6.023368999999999529e-01 -4.483414000000000149e-02 9.960976000000000274e-01
